3
3
L1 591 0
U2 580 0
L3 279 0
9
563 65
125 61
600 139
173 285
346 65
529 180
353 210
574 201
557 152
1 L1
22 L1
542 83 591 0
394 256 591 0
431 233 591 0
512 174 591 0
466 107 591 0
493 268 591 0
165 195 591 0
319 339 591 0
115 56 591 0
212 223 591 0
319 186 591 0
422 233 591 0
99 187 591 0
520 110 591 0
311 221 591 0
102 261 591 0
82 206 591 0
42 347 591 0
107 75 591 0
578 306 591 0
583 121 591 0
46 219 591 0
1 L3
22 L3
296 114 279 0
360 140 279 0
268 283 279 0
59 311 279 0
598 74 279 0
467 79 279 0
240 91 279 0
534 304 279 0
297 169 279 0
82 283 279 0
122 339 279 0
519 172 279 0
225 95 279 0
383 190 279 0
380 86 279 0
543 185 279 0
338 110 279 0
164 268 279 0
524 120 279 0
39 195 279 0
346 201 279 0
194 323 279 0
1 U2
580 0 397 278
22 U2
580 0 426 109
580 0 542 111
580 0 368 275
580 0 264 88
580 0 107 348
580 0 50 82
580 0 399 323
580 0 272 54
580 0 355 166
580 0 233 74
580 0 218 102
580 0 28 204
580 0 36 258
580 0 497 264
580 0 119 318
580 0 463 243
580 0 427 58
580 0 501 349
580 0 119 203
580 0 252 267
580 0 132 317
580 0 402 80
7
542 83 129 272
296 114 459 163
394 256 1 81
360 140 403 57
431 233 472 112
268 283 255 77
512 174 316 317
