4
6
L1 135 0
U2 456 0
L3 474 0
U4 208 0
L5 353 0
U6 241 0
24
501 245
370 108
306 170
324 102
480 185
496 58
236 281
41 192
246 272
302 126
358 32
290 191
433 200
582 297
441 150
600 114
253 89
242 24
112 55
43 217
135 82
199 278
91 220
118 152
2 L1
14 L1
47 327 135 0
276 328 135 0
39 198 135 0
357 52 135 0
270 213 135 0
259 199 135 0
339 193 135 0
1 224 135 0
204 138 135 0
49 196 135 0
554 291 135 0
448 92 135 0
218 266 135 0
494 266 135 0
2 L3
14 L3
314 224 474 0
53 171 474 0
399 147 474 0
439 305 474 0
222 107 474 0
384 318 474 0
282 270 474 0
4 194 474 0
151 247 474 0
252 202 474 0
273 195 474 0
327 329 474 0
369 149 474 0
541 142 474 0
2 L5
14 L5
85 117 353 0
311 145 353 0
45 294 353 0
427 55 353 0
386 298 353 0
91 301 353 0
370 285 353 0
259 247 353 0
163 311 353 0
239 152 353 0
154 121 353 0
328 192 353 0
308 204 353 0
238 111 353 0
2 U2
456 0 234 202
456 0 358 259
14 U2
456 0 477 261
456 0 177 272
456 0 15 125
456 0 81 347
456 0 55 277
456 0 409 71
456 0 322 278
456 0 556 71
456 0 433 327
456 0 82 181
456 0 381 104
456 0 440 169
456 0 273 133
456 0 88 122
2 U4
208 0 114 102
208 0 539 269
14 U4
208 0 370 74
208 0 380 268
208 0 472 91
208 0 430 186
208 0 366 205
208 0 390 168
208 0 379 314
208 0 366 321
208 0 50 252
208 0 356 165
208 0 10 237
208 0 287 276
208 0 109 63
208 0 466 155
2 U6
241 0 494 226
241 0 410 190
14 U6
241 0 435 340
241 0 479 64
241 0 306 139
241 0 502 103
241 0 309 192
241 0 260 220
241 0 343 80
241 0 587 97
241 0 323 141
241 0 416 155
241 0 415 56
241 0 185 154
241 0 32 122
241 0 561 192
13
47 327 374 345
314 224 303 79
85 117 527 273
276 328 293 344
53 171 286 278
311 145 370 102
39 198 281 329
399 147 247 254
45 294 197 58
357 52 208 101
439 305 355 279
427 55 304 290
270 213 345 251
