5
6
L1 147 0
U2 441 0
L3 261 0
U4 302 0
L5 22 0
U6 124 0
30
115 131
493 45
390 180
161 154
460 33
142 294
276 211
218 265
551 177
34 285
376 81
366 323
361 289
490 104
21 37
222 180
143 44
542 292
529 204
162 283
82 114
583 292
120 315
328 105
109 315
251 283
205 160
78 337
406 100
15 22
2 L1
10 L1
455 85 147 0
216 123 147 0
435 124 147 0
597 126 147 0
577 115 147 0
105 114 147 0
187 62 147 0
298 178 147 0
502 151 147 0
361 342 147 0
2 L3
10 L3
41 304 261 0
559 291 261 0
332 95 261 0
492 329 261 0
75 176 261 0
424 263 261 0
58 264 261 0
33 268 261 0
563 220 261 0
418 70 261 0
2 L5
10 L5
413 301 22 0
344 238 22 0
340 202 22 0
321 249 22 0
281 117 22 0
529 258 22 0
533 154 22 0
400 230 22 0
54 328 22 0
403 119 22 0
2 U2
441 0 211 182
441 0 169 322
10 U2
441 0 316 109
441 0 474 69
441 0 509 86
441 0 419 215
441 0 57 297
441 0 585 99
441 0 365 227
441 0 3 286
441 0 140 179
441 0 37 54
2 U4
302 0 57 90
302 0 141 162
10 U4
302 0 487 309
302 0 377 72
302 0 534 260
302 0 348 343
302 0 469 340
302 0 424 266
302 0 386 62
302 0 456 146
302 0 582 56
302 0 4 285
2 U6
124 0 262 284
124 0 100 127
10 U6
124 0 205 121
124 0 271 98
124 0 241 105
124 0 242 341
124 0 357 50
124 0 269 232
124 0 328 251
124 0 111 228
124 0 142 318
124 0 59 55
3
455 85 402 175
41 304 208 50
413 301 548 247
