5
6
L1 339 0
U2 112 0
L3 505 0
U4 465 0
L5 90 0
U6 442 0
24
222 162
393 283
240 37
519 72
192 170
176 260
278 292
4 91
57 344
263 137
583 176
130 233
131 223
558 250
200 247
242 255
385 216
570 216
481 143
27 187
17 174
215 148
436 322
503 193
2 L1
14 L1
295 85 339 0
444 166 339 0
263 176 339 0
389 75 339 0
180 128 339 0
310 235 339 0
583 220 339 0
462 89 339 0
304 102 339 0
221 150 339 0
599 301 339 0
391 201 339 0
88 212 339 0
456 56 339 0
2 L3
14 L3
402 236 505 0
238 257 505 0
95 324 505 0
167 346 505 0
313 315 505 0
398 219 505 0
442 266 505 0
111 126 505 0
178 79 505 0
475 245 505 0
156 310 505 0
471 97 505 0
196 230 505 0
204 317 505 0
2 L5
14 L5
131 114 90 0
45 245 90 0
148 270 90 0
102 337 90 0
542 125 90 0
38 168 90 0
430 175 90 0
547 59 90 0
479 155 90 0
379 222 90 0
53 213 90 0
98 187 90 0
118 94 90 0
111 304 90 0
2 U2
112 0 93 184
112 0 573 151
14 U2
112 0 139 146
112 0 382 124
112 0 99 345
112 0 494 142
112 0 309 72
112 0 85 170
112 0 257 281
112 0 290 79
112 0 203 330
112 0 580 151
112 0 217 348
112 0 265 52
112 0 505 321
112 0 213 277
2 U4
465 0 102 94
465 0 226 310
14 U4
465 0 518 166
465 0 244 159
465 0 316 297
465 0 252 221
465 0 305 93
465 0 288 77
465 0 23 56
465 0 533 125
465 0 572 317
465 0 532 328
465 0 376 232
465 0 339 161
465 0 524 286
465 0 231 174
2 U6
442 0 519 311
442 0 594 253
14 U6
442 0 462 308
442 0 62 163
442 0 495 227
442 0 328 102
442 0 304 252
442 0 363 79
442 0 594 277
442 0 204 82
442 0 483 215
442 0 152 302
442 0 480 103
442 0 44 238
442 0 513 57
442 0 258 65
5
295 85 199 146
402 236 334 230
131 114 195 271
444 166 408 175
238 257 420 345
