3
6
L1 364 0
U2 348 0
L3 184 0
U4 313 0
L5 80 0
U6 92 0
30
586 38
295 92
49 65
278 199
437 231
32 77
184 107
205 217
394 312
82 298
39 74
289 185
81 319
169 150
451 324
238 43
185 134
351 147
497 256
209 19
246 118
472 21
301 297
318 105
498 121
9 128
79 279
34 7
84 185
303 91
1 L1
18 L1
196 66 364 0
193 186 364 0
556 77 364 0
198 105 364 0
293 259 364 0
350 137 364 0
200 126 364 0
56 89 364 0
351 264 364 0
118 155 364 0
192 199 364 0
362 343 364 0
511 53 364 0
188 347 364 0
177 209 364 0
194 195 364 0
435 123 364 0
419 299 364 0
1 L3
18 L3
202 59 184 0
544 210 184 0
125 219 184 0
224 304 184 0
115 312 184 0
220 55 184 0
200 272 184 0
90 229 184 0
70 54 184 0
61 336 184 0
294 136 184 0
167 72 184 0
205 197 184 0
556 124 184 0
504 244 184 0
303 115 184 0
426 305 184 0
39 339 184 0
1 L5
18 L5
492 247 80 0
23 252 80 0
554 123 80 0
359 97 80 0
451 147 80 0
289 300 80 0
389 108 80 0
193 121 80 0
283 230 80 0
27 350 80 0
520 277 80 0
150 70 80 0
502 78 80 0
306 238 80 0
378 144 80 0
371 160 80 0
546 298 80 0
130 281 80 0
1 U2
348 0 83 230
18 U2
348 0 189 135
348 0 328 80
348 0 383 162
348 0 360 229
348 0 104 116
348 0 393 247
348 0 571 90
348 0 337 292
348 0 369 330
348 0 400 346
348 0 538 59
348 0 548 214
348 0 264 191
348 0 385 179
348 0 61 271
348 0 192 285
348 0 449 201
348 0 83 281
1 U4
313 0 367 162
18 U4
313 0 54 93
313 0 340 111
313 0 439 348
313 0 102 68
313 0 165 311
313 0 179 112
313 0 102 251
313 0 449 236
313 0 337 219
313 0 487 271
313 0 34 224
313 0 579 328
313 0 392 289
313 0 26 93
313 0 420 289
313 0 565 257
313 0 269 107
313 0 394 87
1 U6
92 0 434 123
18 U6
92 0 170 247
92 0 118 146
92 0 507 66
92 0 432 53
92 0 572 125
92 0 377 161
92 0 76 52
92 0 158 64
92 0 171 253
92 0 223 198
92 0 466 338
92 0 158 97
92 0 528 318
92 0 518 280
92 0 288 146
92 0 4 97
92 0 560 328
92 0 16 74
6
196 66 73 220
202 59 502 229
492 247 23 94
193 186 183 99
544 210 594 195
23 252 51 108
