5
6
L1 16 0
U2 600 0
L3 214 0
U4 52 0
L5 77 0
U6 390 0
24
564 94
159 271
554 57
552 78
466 251
497 199
38 37
99 221
482 182
488 249
67 100
191 146
199 141
477 325
70 145
550 100
301 295
144 46
60 204
378 51
588 132
259 274
91 286
82 97
2 L1
22 L1
582 81 16 0
158 261 16 0
272 74 16 0
224 208 16 0
580 178 16 0
338 279 16 0
444 142 16 0
581 106 16 0
600 322 16 0
4 318 16 0
316 300 16 0
63 259 16 0
148 98 16 0
321 285 16 0
181 61 16 0
173 343 16 0
564 345 16 0
96 317 16 0
327 213 16 0
365 208 16 0
47 286 16 0
9 249 16 0
2 L3
22 L3
117 243 214 0
338 109 214 0
115 199 214 0
338 165 214 0
232 165 214 0
464 108 214 0
205 289 214 0
144 290 214 0
180 235 214 0
450 76 214 0
517 253 214 0
18 185 214 0
96 110 214 0
556 285 214 0
479 166 214 0
479 277 214 0
401 131 214 0
544 211 214 0
479 290 214 0
246 180 214 0
540 319 214 0
159 137 214 0
2 L5
22 L5
135 120 77 0
582 208 77 0
302 140 77 0
133 224 77 0
41 308 77 0
13 191 77 0
339 173 77 0
203 134 77 0
324 306 77 0
72 282 77 0
542 195 77 0
84 156 77 0
284 116 77 0
410 140 77 0
523 298 77 0
255 53 77 0
306 302 77 0
464 202 77 0
325 210 77 0
70 113 77 0
364 145 77 0
117 184 77 0
2 U2
600 0 484 276
600 0 175 194
22 U2
600 0 532 306
600 0 6 63
600 0 124 240
600 0 174 91
600 0 7 241
600 0 423 344
600 0 592 232
600 0 304 104
600 0 42 93
600 0 262 139
600 0 46 331
600 0 521 144
600 0 581 334
600 0 86 301
600 0 445 228
600 0 77 75
600 0 419 80
600 0 98 106
600 0 296 340
600 0 408 260
600 0 17 276
600 0 283 115
2 U4
52 0 78 333
52 0 196 100
22 U4
52 0 569 213
52 0 432 100
52 0 520 70
52 0 543 199
52 0 348 59
52 0 219 82
52 0 385 339
52 0 434 325
52 0 140 98
52 0 119 306
52 0 87 102
52 0 379 229
52 0 378 264
52 0 88 154
52 0 411 50
52 0 19 267
52 0 197 240
52 0 31 266
52 0 503 339
52 0 321 233
52 0 217 338
52 0 113 179
2 U6
390 0 491 220
390 0 212 149
22 U6
390 0 235 321
390 0 171 140
390 0 475 241
390 0 387 333
390 0 257 50
390 0 63 156
390 0 396 329
390 0 399 187
390 0 289 176
390 0 74 275
390 0 229 147
390 0 420 58
390 0 202 323
390 0 433 150
390 0 219 115
390 0 186 212
390 0 283 173
390 0 28 288
390 0 531 93
390 0 135 311
390 0 216 296
390 0 407 260
20
582 81 563 239
117 243 206 267
135 120 99 207
158 261 155 71
338 109 178 124
582 208 376 265
272 74 313 101
115 199 111 225
302 140 24 109
224 208 183 187
338 165 546 90
133 224 180 167
580 178 109 55
232 165 360 313
41 308 247 238
338 279 42 216
464 108 390 219
13 191 331 198
444 142 486 125
205 289 554 195
