4
4
L1 495 0
U2 255 0
L3 193 0
U4 442 0
12
470 61
559 201
224 140
183 119
241 153
428 101
192 42
150 125
471 73
435 102
113 73
44 64
2 L1
22 L1
374 251 495 0
72 278 495 0
577 85 495 0
146 208 495 0
560 218 495 0
594 139 495 0
358 229 495 0
141 185 495 0
590 135 495 0
549 154 495 0
469 188 495 0
240 229 495 0
380 214 495 0
438 284 495 0
172 274 495 0
279 177 495 0
16 71 495 0
580 266 495 0
400 175 495 0
147 118 495 0
383 117 495 0
14 317 495 0
2 L3
22 L3
588 127 193 0
434 291 193 0
503 291 193 0
76 255 193 0
475 302 193 0
549 115 193 0
39 220 193 0
375 337 193 0
248 182 193 0
84 58 193 0
600 245 193 0
493 233 193 0
265 284 193 0
453 93 193 0
574 224 193 0
280 156 193 0
375 155 193 0
373 72 193 0
234 297 193 0
501 260 193 0
587 301 193 0
253 330 193 0
2 U2
255 0 113 227
255 0 389 193
22 U2
255 0 223 87
255 0 336 164
255 0 148 126
255 0 175 168
255 0 221 262
255 0 64 184
255 0 44 79
255 0 492 249
255 0 239 223
255 0 159 97
255 0 178 303
255 0 37 138
255 0 488 235
255 0 264 54
255 0 271 108
255 0 559 302
255 0 238 340
255 0 336 241
255 0 20 244
255 0 341 321
255 0 265 108
255 0 6 135
2 U4
442 0 477 110
442 0 369 215
22 U4
442 0 208 111
442 0 23 331
442 0 91 213
442 0 243 291
442 0 529 162
442 0 93 205
442 0 579 103
442 0 29 270
442 0 509 102
442 0 265 346
442 0 425 226
442 0 59 231
442 0 248 245
442 0 303 101
442 0 535 52
442 0 300 149
442 0 339 276
442 0 373 155
442 0 216 290
442 0 475 84
442 0 50 66
442 0 346 236
5
374 251 274 330
588 127 568 123
72 278 176 315
434 291 311 163
577 85 439 120
