4
6
L1 354 0
U2 243 0
L3 138 0
U4 266 0
L5 502 0
U6 369 0
24
173 244
515 329
337 228
504 52
146 238
434 103
427 256
441 123
297 275
432 133
556 86
497 10
144 155
227 342
25 78
463 47
252 329
343 24
471 159
58 218
130 312
142 227
550 88
15 192
2 L1
14 L1
126 176 354 0
459 63 354 0
350 74 354 0
327 167 354 0
421 86 354 0
544 159 354 0
197 311 354 0
76 198 354 0
253 345 354 0
507 330 354 0
545 254 354 0
63 84 354 0
99 59 354 0
146 160 354 0
2 L3
14 L3
525 220 138 0
207 280 138 0
208 167 138 0
156 127 138 0
4 219 138 0
559 124 138 0
276 133 138 0
518 223 138 0
79 108 138 0
124 100 138 0
46 84 138 0
361 197 138 0
485 182 138 0
355 221 138 0
2 L5
14 L5
362 220 502 0
580 201 502 0
353 349 502 0
205 325 502 0
206 299 502 0
88 129 502 0
37 202 502 0
247 286 502 0
461 308 502 0
303 350 502 0
511 243 502 0
518 123 502 0
230 165 502 0
394 123 502 0
2 U2
243 0 153 301
243 0 419 265
14 U2
243 0 551 344
243 0 74 71
243 0 64 207
243 0 175 284
243 0 583 208
243 0 193 145
243 0 454 265
243 0 74 325
243 0 380 261
243 0 349 265
243 0 588 349
243 0 560 169
243 0 489 125
243 0 548 158
2 U4
266 0 520 325
266 0 302 51
14 U4
266 0 529 148
266 0 243 297
266 0 573 306
266 0 106 190
266 0 96 117
266 0 146 335
266 0 521 246
266 0 395 98
266 0 452 285
266 0 452 51
266 0 192 127
266 0 576 260
266 0 215 103
266 0 406 199
2 U6
369 0 510 277
369 0 383 162
14 U6
369 0 517 168
369 0 219 273
369 0 364 266
369 0 135 113
369 0 284 96
369 0 513 57
369 0 268 86
369 0 63 294
369 0 267 212
369 0 539 116
369 0 442 78
369 0 507 194
369 0 502 241
369 0 465 225
9
126 176 159 178
525 220 85 161
362 220 334 187
459 63 218 56
207 280 182 163
580 201 324 339
350 74 324 212
208 167 516 176
353 349 563 86
