3
4
L1 47 0
U2 370 0
L3 256 0
U4 408 0
20
221 150
433 251
63 93
340 41
188 341
478 263
270 225
151 328
527 248
83 128
594 164
54 214
469 256
468 192
94 252
326 302
438 235
167 116
15 80
215 128
1 L1
18 L1
0 330 47 0
110 195 47 0
157 64 47 0
96 295 47 0
153 323 47 0
70 73 47 0
496 155 47 0
369 309 47 0
314 89 47 0
94 58 47 0
220 321 47 0
487 100 47 0
25 348 47 0
514 210 47 0
38 133 47 0
343 316 47 0
269 180 47 0
356 89 47 0
1 L3
18 L3
220 172 256 0
108 308 256 0
459 83 256 0
545 273 256 0
186 211 256 0
384 349 256 0
172 122 256 0
595 280 256 0
137 202 256 0
93 117 256 0
274 313 256 0
183 117 256 0
43 74 256 0
453 122 256 0
531 209 256 0
119 170 256 0
109 64 256 0
569 209 256 0
1 U2
370 0 476 227
18 U2
370 0 249 231
370 0 181 223
370 0 571 229
370 0 367 312
370 0 259 286
370 0 80 167
370 0 498 319
370 0 371 279
370 0 130 233
370 0 36 239
370 0 418 51
370 0 396 143
370 0 72 188
370 0 116 294
370 0 407 282
370 0 447 243
370 0 79 220
370 0 234 288
1 U4
408 0 390 156
18 U4
408 0 395 131
408 0 257 188
408 0 277 155
408 0 191 303
408 0 458 202
408 0 481 271
408 0 473 204
408 0 569 67
408 0 578 250
408 0 332 290
408 0 556 131
408 0 271 61
408 0 467 117
408 0 475 139
408 0 216 150
408 0 210 212
408 0 14 317
408 0 7 347
8
0 330 224 336
220 172 80 303
110 195 540 270
108 308 315 189
157 64 440 167
459 83 38 311
96 295 176 266
545 273 565 256
