5
4
L1 489 0
U2 535 0
L3 27 0
U4 595 0
16
107 249
209 15
521 320
430 237
306 85
190 308
577 221
422 312
258 315
428 197
340 329
226 244
382 38
59 233
477 40
148 348
2 L1
22 L1
307 186 489 0
584 307 489 0
79 295 489 0
356 186 489 0
160 105 489 0
537 214 489 0
152 225 489 0
410 335 489 0
429 164 489 0
589 256 489 0
153 350 489 0
487 64 489 0
154 313 489 0
132 340 489 0
402 158 489 0
164 241 489 0
345 220 489 0
445 194 489 0
393 276 489 0
498 170 489 0
468 314 489 0
301 56 489 0
2 L3
22 L3
261 167 27 0
181 194 27 0
86 114 27 0
508 94 27 0
598 165 27 0
304 98 27 0
554 318 27 0
314 85 27 0
291 102 27 0
158 201 27 0
114 146 27 0
414 97 27 0
208 345 27 0
287 340 27 0
247 333 27 0
0 199 27 0
190 219 27 0
184 204 27 0
159 300 27 0
296 208 27 0
341 64 27 0
408 94 27 0
2 U2
535 0 439 328
535 0 94 300
22 U2
535 0 251 228
535 0 504 327
535 0 574 135
535 0 202 52
535 0 592 171
535 0 382 185
535 0 589 103
535 0 322 292
535 0 245 316
535 0 149 114
535 0 362 86
535 0 473 112
535 0 557 94
535 0 283 250
535 0 21 259
535 0 327 249
535 0 315 287
535 0 452 326
535 0 510 243
535 0 131 313
535 0 285 291
535 0 494 153
2 U4
595 0 223 148
595 0 525 63
22 U4
595 0 39 83
595 0 268 160
595 0 380 99
595 0 120 322
595 0 173 53
595 0 313 335
595 0 401 122
595 0 398 285
595 0 211 107
595 0 505 238
595 0 328 162
595 0 468 94
595 0 33 77
595 0 17 307
595 0 400 70
595 0 176 310
595 0 490 220
595 0 410 224
595 0 593 170
595 0 255 246
595 0 541 197
595 0 61 143
9
307 186 101 287
261 167 35 163
584 307 82 84
181 194 561 51
79 295 61 258
86 114 501 78
356 186 505 267
508 94 365 176
160 105 237 350
