4
5
L1 133 0
U2 547 0
L3 216 0
U4 584 0
L5 220 0
20
405 1
349 228
303 52
513 304
492 309
600 294
334 28
260 189
45 141
26 329
168 273
561 188
556 189
139 213
116 56
523 158
162 5
316 24
170 282
79 311
2 L1
10 L1
348 61 133 0
296 151 133 0
378 161 133 0
242 140 133 0
188 317 133 0
299 72 133 0
386 170 133 0
148 242 133 0
171 107 133 0
466 70 133 0
2 L3
10 L3
21 166 216 0
286 191 216 0
176 120 216 0
293 231 216 0
117 239 216 0
568 71 216 0
511 221 216 0
236 96 216 0
2 287 216 0
574 238 216 0
2 L5
10 L5
44 217 220 0
12 157 220 0
354 73 220 0
403 251 220 0
107 66 220 0
207 148 220 0
423 127 220 0
4 77 220 0
225 120 220 0
426 134 220 0
2 U2
547 0 405 313
547 0 385 109
10 U2
547 0 227 226
547 0 377 87
547 0 147 113
547 0 106 274
547 0 600 52
547 0 376 223
547 0 84 84
547 0 28 287
547 0 568 233
547 0 533 98
2 U4
584 0 393 61
584 0 319 187
10 U4
584 0 327 225
584 0 215 197
584 0 239 175
584 0 492 138
584 0 181 88
584 0 419 241
584 0 418 197
584 0 172 267
584 0 166 271
584 0 246 256
8
348 61 123 232
21 166 286 247
44 217 265 178
296 151 511 130
286 191 307 50
12 157 138 270
378 161 357 227
176 120 38 139
