5
6
L1 220 0
U2 76 0
L3 285 0
U4 90 0
L5 530 0
U6 462 0
24
356 338
148 16
455 190
279 254
198 40
232 181
286 29
288 118
525 49
349 144
323 98
495 106
122 155
447 208
435 81
236 138
148 262
423 4
422 153
528 39
120 135
548 309
339 329
125 309
2 L1
10 L1
15 211 220 0
44 282 220 0
95 150 220 0
358 342 220 0
135 313 220 0
270 247 220 0
580 137 220 0
390 175 220 0
295 107 220 0
36 147 220 0
2 L3
10 L3
311 275 285 0
114 160 285 0
412 269 285 0
462 152 285 0
363 119 285 0
228 249 285 0
259 306 285 0
492 131 285 0
193 87 285 0
247 57 285 0
2 L5
10 L5
135 150 530 0
160 336 530 0
554 323 530 0
126 128 530 0
276 109 530 0
424 191 530 0
545 209 530 0
592 344 530 0
52 194 530 0
489 111 530 0
2 U2
76 0 39 239
76 0 221 194
10 U2
76 0 156 237
76 0 355 84
76 0 396 199
76 0 91 177
76 0 335 148
76 0 133 185
76 0 380 166
76 0 470 93
76 0 161 328
76 0 342 146
2 U4
90 0 237 293
90 0 252 266
10 U4
90 0 57 314
90 0 535 232
90 0 500 115
90 0 171 108
90 0 403 344
90 0 395 85
90 0 128 82
90 0 394 195
90 0 166 51
90 0 577 59
2 U6
462 0 232 180
462 0 316 260
10 U6
462 0 408 66
462 0 156 301
462 0 318 290
462 0 442 121
462 0 310 305
462 0 448 135
462 0 365 239
462 0 94 122
462 0 468 325
462 0 362 200
6
15 211 229 216
311 275 418 344
135 150 150 154
44 282 82 130
114 160 211 144
160 336 455 234
