4
5
L1 335 0
U2 351 0
L3 312 0
U4 162 0
L5 297 0
25
292 289
113 319
184 316
508 37
60 61
144 72
299 23
301 242
273 103
578 241
205 327
303 285
516 294
9 249
241 100
383 234
2 63
1 145
558 265
272 67
94 198
5 82
124 216
189 160
183 166
2 L1
18 L1
472 144 335 0
389 155 335 0
227 107 335 0
83 229 335 0
287 236 335 0
434 265 335 0
434 71 335 0
95 311 335 0
561 194 335 0
204 258 335 0
436 188 335 0
238 187 335 0
221 153 335 0
345 212 335 0
548 271 335 0
90 146 335 0
33 345 335 0
523 140 335 0
2 L3
18 L3
102 79 312 0
567 294 312 0
46 242 312 0
369 87 312 0
116 208 312 0
166 239 312 0
160 228 312 0
187 75 312 0
104 327 312 0
256 337 312 0
68 167 312 0
275 62 312 0
376 77 312 0
559 111 312 0
330 146 312 0
277 269 312 0
10 230 312 0
75 87 312 0
2 L5
18 L5
584 274 297 0
475 135 297 0
307 80 297 0
440 309 297 0
201 347 297 0
518 310 297 0
328 80 297 0
22 293 297 0
81 310 297 0
141 262 297 0
513 328 297 0
582 230 297 0
484 202 297 0
205 114 297 0
447 219 297 0
539 267 297 0
560 208 297 0
247 223 297 0
2 U2
351 0 93 225
351 0 120 304
18 U2
351 0 221 52
351 0 210 89
351 0 404 185
351 0 588 288
351 0 516 231
351 0 180 217
351 0 415 298
351 0 357 52
351 0 212 128
351 0 553 154
351 0 579 322
351 0 504 274
351 0 78 263
351 0 525 345
351 0 316 183
351 0 343 310
351 0 557 176
351 0 342 62
2 U4
162 0 206 253
162 0 337 292
18 U4
162 0 322 251
162 0 277 248
162 0 118 348
162 0 75 258
162 0 63 123
162 0 288 178
162 0 519 261
162 0 248 259
162 0 339 198
162 0 25 115
162 0 169 230
162 0 225 134
162 0 384 57
162 0 422 255
162 0 378 252
162 0 255 257
162 0 533 191
162 0 593 110
9
472 144 441 136
102 79 411 278
584 274 134 167
389 155 27 146
567 294 149 142
475 135 540 227
227 107 235 254
46 242 471 152
307 80 145 170
