3
3
L1 178 0
U2 504 0
L3 36 0
15
585 341
84 179
397 277
271 167
452 334
443 177
551 329
92 4
457 84
380 81
332 251
387 74
374 3
312 14
150 104
1 L1
22 L1
258 147 178 0
72 137 178 0
494 303 178 0
521 332 178 0
512 113 178 0
65 150 178 0
439 256 178 0
144 276 178 0
187 82 178 0
82 135 178 0
153 86 178 0
447 83 178 0
1 278 178 0
363 129 178 0
512 236 178 0
413 74 178 0
127 277 178 0
434 150 178 0
68 350 178 0
34 342 178 0
56 64 178 0
218 86 178 0
1 L3
22 L3
261 261 36 0
165 132 36 0
44 331 36 0
286 307 36 0
341 162 36 0
265 72 36 0
281 314 36 0
376 238 36 0
68 77 36 0
339 245 36 0
500 236 36 0
480 294 36 0
38 154 36 0
591 331 36 0
563 229 36 0
376 325 36 0
170 314 36 0
182 205 36 0
582 222 36 0
238 244 36 0
577 261 36 0
255 259 36 0
1 U2
504 0 405 305
22 U2
504 0 427 213
504 0 224 217
504 0 97 213
504 0 463 273
504 0 3 270
504 0 144 187
504 0 265 110
504 0 346 189
504 0 143 300
504 0 36 67
504 0 405 206
504 0 77 262
504 0 314 161
504 0 260 151
504 0 559 139
504 0 257 334
504 0 480 250
504 0 117 348
504 0 166 205
504 0 298 333
504 0 342 276
504 0 345 292
4
258 147 159 65
261 261 181 338
72 137 362 252
165 132 404 97
