5
6
L1 203 0
U2 396 0
L3 363 0
U4 34 0
L5 235 0
U6 442 0
30
211 200
320 20
98 296
385 294
486 110
218 188
360 328
47 65
410 285
112 6
127 317
123 245
529 211
430 60
461 297
38 261
572 181
42 21
96 21
355 220
186 163
520 136
37 1
564 157
10 233
159 199
471 161
550 58
229 325
149 296
2 L1
18 L1
5 90 203 0
63 321 203 0
475 120 203 0
7 192 203 0
482 325 203 0
467 142 203 0
273 151 203 0
419 147 203 0
188 143 203 0
25 215 203 0
19 233 203 0
577 346 203 0
263 184 203 0
176 198 203 0
69 150 203 0
434 50 203 0
69 217 203 0
271 224 203 0
2 L3
18 L3
469 56 363 0
65 315 363 0
386 235 363 0
225 219 363 0
437 198 363 0
258 267 363 0
71 98 363 0
60 314 363 0
587 260 363 0
510 277 363 0
249 294 363 0
407 97 363 0
176 109 363 0
120 178 363 0
132 86 363 0
396 96 363 0
399 301 363 0
158 236 363 0
2 L5
18 L5
190 346 235 0
35 165 235 0
188 132 235 0
353 59 235 0
229 213 235 0
524 260 235 0
428 263 235 0
232 166 235 0
429 297 235 0
4 98 235 0
153 191 235 0
352 76 235 0
39 113 235 0
364 197 235 0
479 297 235 0
330 120 235 0
9 139 235 0
575 147 235 0
2 U2
396 0 273 167
396 0 131 256
18 U2
396 0 554 113
396 0 154 262
396 0 22 191
396 0 365 114
396 0 420 64
396 0 495 332
396 0 382 148
396 0 121 96
396 0 296 157
396 0 233 312
396 0 497 305
396 0 535 178
396 0 508 72
396 0 186 165
396 0 176 178
396 0 531 289
396 0 59 343
396 0 211 100
2 U4
34 0 166 113
34 0 418 231
18 U4
34 0 505 337
34 0 184 245
34 0 250 158
34 0 64 65
34 0 339 198
34 0 551 107
34 0 85 254
34 0 561 180
34 0 236 189
34 0 23 126
34 0 373 321
34 0 157 306
34 0 561 161
34 0 516 317
34 0 145 83
34 0 65 135
34 0 486 99
34 0 196 52
2 U6
442 0 68 299
442 0 331 64
18 U6
442 0 29 311
442 0 17 298
442 0 279 50
442 0 257 84
442 0 518 176
442 0 11 268
442 0 196 98
442 0 188 99
442 0 165 79
442 0 362 130
442 0 135 340
442 0 150 90
442 0 598 197
442 0 9 255
442 0 547 50
442 0 155 242
442 0 522 298
442 0 195 335
11
5 90 236 294
469 56 11 196
190 346 202 53
63 321 575 338
65 315 381 90
35 165 466 333
475 120 555 338
386 235 228 226
188 132 264 316
7 192 446 310
225 219 270 294
