5
3
L1 336 0
U2 50 0
L3 314 0
9
200 142
502 25
543 115
36 8
67 24
510 65
462 229
102 31
344 126
2 L1
18 L1
155 285 336 0
294 211 336 0
387 305 336 0
215 264 336 0
302 295 336 0
411 350 336 0
556 173 336 0
158 164 336 0
177 210 336 0
302 221 336 0
122 134 336 0
339 233 336 0
128 218 336 0
50 147 336 0
444 135 336 0
367 295 336 0
196 73 336 0
42 66 336 0
2 L3
18 L3
266 121 314 0
510 117 314 0
156 248 314 0
166 139 314 0
183 230 314 0
64 132 314 0
297 227 314 0
239 187 314 0
128 120 314 0
309 53 314 0
341 117 314 0
124 339 314 0
502 249 314 0
31 161 314 0
342 206 314 0
515 243 314 0
148 302 314 0
365 192 314 0
2 U2
50 0 385 280
50 0 563 247
18 U2
50 0 240 340
50 0 265 350
50 0 320 142
50 0 341 61
50 0 8 213
50 0 541 122
50 0 376 118
50 0 91 103
50 0 336 338
50 0 166 120
50 0 348 137
50 0 71 115
50 0 154 195
50 0 102 71
50 0 288 314
50 0 547 130
50 0 572 112
50 0 119 102
6
155 285 17 320
266 121 439 204
294 211 495 279
510 117 490 197
387 305 129 84
156 248 317 163
