4
5
L1 231 0
U2 135 0
L3 132 0
U4 547 0
L5 121 0
25
231 334
126 12
275 17
544 261
339 136
402 332
285 288
370 300
585 246
437 108
344 339
240 92
413 180
68 271
394 211
155 219
420 168
271 123
555 6
524 178
206 92
411 81
184 170
451 202
403 77
2 L1
18 L1
106 191 231 0
35 71 231 0
262 304 231 0
192 149 231 0
456 300 231 0
242 256 231 0
242 282 231 0
560 173 231 0
479 304 231 0
97 253 231 0
386 190 231 0
186 226 231 0
597 120 231 0
441 327 231 0
462 51 231 0
36 70 231 0
537 132 231 0
49 192 231 0
2 L3
18 L3
337 296 132 0
499 130 132 0
103 152 132 0
459 180 132 0
344 309 132 0
546 192 132 0
485 285 132 0
406 178 132 0
188 188 132 0
102 345 132 0
575 70 132 0
584 137 132 0
36 255 132 0
521 148 132 0
591 118 132 0
584 331 132 0
145 304 132 0
554 280 132 0
2 L5
18 L5
467 120 121 0
297 271 121 0
154 199 121 0
293 300 121 0
31 90 121 0
212 342 121 0
529 261 121 0
285 337 121 0
594 309 121 0
403 229 121 0
170 340 121 0
202 235 121 0
333 246 121 0
4 278 121 0
531 93 121 0
594 317 121 0
21 80 121 0
584 209 121 0
2 U2
135 0 356 258
135 0 81 306
18 U2
135 0 68 144
135 0 599 105
135 0 304 131
135 0 75 195
135 0 143 285
135 0 76 249
135 0 141 309
135 0 400 343
135 0 203 307
135 0 57 275
135 0 582 83
135 0 395 170
135 0 98 169
135 0 28 59
135 0 161 90
135 0 508 279
135 0 122 281
135 0 281 316
2 U4
547 0 150 155
547 0 194 252
18 U4
547 0 306 185
547 0 519 163
547 0 271 88
547 0 23 83
547 0 102 133
547 0 208 164
547 0 317 55
547 0 159 140
547 0 148 255
547 0 315 312
547 0 543 111
547 0 403 103
547 0 141 280
547 0 419 223
547 0 396 199
547 0 167 91
547 0 322 324
547 0 508 184
5
106 191 42 323
337 296 72 334
467 120 293 348
35 71 150 344
499 130 272 66
