3
3
L1 258 0
U2 34 0
L3 467 0
12
585 137
277 336
232 294
566 238
415 274
318 164
562 74
537 168
162 264
418 151
370 319
345 191
1 L1
10 L1
541 336 258 0
557 103 258 0
177 330 258 0
432 258 258 0
516 193 258 0
597 189 258 0
541 106 258 0
244 227 258 0
373 80 258 0
133 98 258 0
1 L3
10 L3
321 86 467 0
291 171 467 0
142 132 467 0
1 119 467 0
368 62 467 0
552 216 467 0
99 343 467 0
153 266 467 0
548 340 467 0
339 53 467 0
1 U2
34 0 468 100
10 U2
34 0 174 267
34 0 516 73
34 0 241 204
34 0 89 230
34 0 224 173
34 0 513 335
34 0 73 119
34 0 359 159
34 0 335 244
34 0 267 61
2
541 336 361 144
321 86 563 296
