5
5
L1 294 0
U2 318 0
L3 308 0
U4 126 0
L5 275 0
20
110 318
19 229
109 7
282 154
468 170
561 309
75 203
290 148
111 217
584 126
265 126
221 202
365 234
4 13
462 77
301 94
181 330
592 320
359 232
380 230
2 L1
22 L1
593 304 294 0
169 154 294 0
380 226 294 0
31 91 294 0
430 223 294 0
504 178 294 0
206 241 294 0
568 271 294 0
209 260 294 0
105 222 294 0
5 323 294 0
284 309 294 0
596 193 294 0
313 198 294 0
204 107 294 0
477 191 294 0
566 96 294 0
166 245 294 0
509 124 294 0
96 83 294 0
458 72 294 0
239 88 294 0
2 L3
22 L3
189 108 308 0
180 323 308 0
391 157 308 0
4 180 308 0
330 253 308 0
430 168 308 0
331 143 308 0
579 339 308 0
266 227 308 0
371 144 308 0
383 280 308 0
115 58 308 0
545 141 308 0
235 339 308 0
103 67 308 0
393 103 308 0
592 129 308 0
313 221 308 0
268 213 308 0
4 301 308 0
261 299 308 0
581 97 308 0
2 L5
22 L5
78 346 275 0
200 166 275 0
418 175 275 0
479 128 275 0
204 81 275 0
52 225 275 0
578 243 275 0
200 333 275 0
99 284 275 0
133 266 275 0
316 73 275 0
447 328 275 0
360 310 275 0
457 286 275 0
322 126 275 0
299 275 275 0
228 120 275 0
351 284 275 0
483 157 275 0
138 202 275 0
137 338 275 0
261 71 275 0
2 U2
318 0 530 334
318 0 408 148
22 U2
318 0 599 53
318 0 195 336
318 0 358 293
318 0 443 348
318 0 564 219
318 0 41 171
318 0 259 341
318 0 255 123
318 0 244 165
318 0 231 254
318 0 546 339
318 0 283 153
318 0 1 168
318 0 216 280
318 0 257 345
318 0 244 231
318 0 341 325
318 0 25 319
318 0 78 207
318 0 396 90
318 0 168 348
318 0 469 174
2 U4
126 0 512 82
126 0 258 300
22 U4
126 0 198 256
126 0 579 116
126 0 576 87
126 0 415 313
126 0 100 123
126 0 286 96
126 0 214 112
126 0 134 223
126 0 142 148
126 0 412 192
126 0 580 115
126 0 248 254
126 0 145 275
126 0 391 60
126 0 586 124
126 0 105 52
126 0 58 112
126 0 551 75
126 0 36 305
126 0 376 78
126 0 592 314
126 0 108 277
17
593 304 376 110
189 108 171 163
78 346 263 261
169 154 34 80
180 323 114 266
200 166 406 130
380 226 442 335
391 157 561 342
418 175 23 229
31 91 454 227
4 180 387 57
479 128 595 136
430 223 156 68
330 253 468 333
204 81 267 223
504 178 207 87
430 168 571 66
