5
6
L1 527 0
U2 105 0
L3 241 0
U4 254 0
L5 297 0
U6 524 0
30
498 322
281 23
349 225
28 327
139 41
72 0
341 80
163 279
93 136
238 177
378 173
292 180
360 92
557 191
368 5
581 248
392 223
299 45
385 211
598 337
569 162
162 258
189 42
30 313
415 344
77 249
93 223
405 114
356 49
345 276
2 L1
10 L1
570 80 527 0
572 144 527 0
546 223 527 0
170 315 527 0
313 341 527 0
204 194 527 0
195 151 527 0
283 105 527 0
317 199 527 0
235 88 527 0
2 L3
10 L3
92 191 241 0
243 86 241 0
434 125 241 0
115 129 241 0
480 67 241 0
460 78 241 0
93 322 241 0
288 178 241 0
249 218 241 0
140 126 241 0
2 L5
10 L5
376 170 297 0
516 240 297 0
574 92 297 0
578 113 297 0
12 280 297 0
593 311 297 0
337 131 297 0
489 66 297 0
407 170 297 0
351 99 297 0
2 U2
105 0 553 327
105 0 60 113
10 U2
105 0 171 59
105 0 573 110
105 0 47 151
105 0 10 294
105 0 237 241
105 0 87 141
105 0 513 75
105 0 249 179
105 0 120 333
105 0 99 344
2 U4
254 0 531 197
254 0 52 221
10 U4
254 0 415 271
254 0 8 350
254 0 182 199
254 0 16 145
254 0 209 341
254 0 535 251
254 0 427 210
254 0 105 288
254 0 300 84
254 0 390 159
2 U6
524 0 587 211
524 0 381 253
10 U6
524 0 28 340
524 0 247 320
524 0 172 165
524 0 251 290
524 0 90 188
524 0 360 165
524 0 197 170
524 0 38 61
524 0 558 142
524 0 356 197
9
570 80 332 191
92 191 240 117
376 170 241 296
572 144 47 53
243 86 246 182
516 240 172 62
546 223 459 241
434 125 508 237
574 92 197 63
