5
6
L1 338 0
U2 273 0
L3 472 0
U4 113 0
L5 483 0
U6 525 0
24
386 141
399 75
0 309
45 146
147 286
112 323
559 118
204 265
261 69
64 6
89 156
485 2
485 22
135 267
30 34
455 174
536 289
558 341
103 27
93 8
474 132
114 31
530 57
46 280
2 L1
14 L1
194 143 338 0
242 207 338 0
378 85 338 0
70 59 338 0
46 262 338 0
96 270 338 0
199 85 338 0
204 242 338 0
25 128 338 0
320 116 338 0
60 231 338 0
103 197 338 0
272 245 338 0
222 134 338 0
2 L3
14 L3
421 174 472 0
582 344 472 0
27 246 472 0
487 257 472 0
335 133 472 0
467 260 472 0
167 88 472 0
162 124 472 0
492 278 472 0
165 184 472 0
558 230 472 0
223 107 472 0
596 296 472 0
519 147 472 0
2 L5
14 L5
493 100 483 0
260 72 483 0
409 287 483 0
18 163 483 0
490 52 483 0
299 62 483 0
16 111 483 0
346 193 483 0
356 248 483 0
289 226 483 0
422 138 483 0
436 294 483 0
377 133 483 0
74 229 483 0
2 U2
273 0 4 79
273 0 426 238
14 U2
273 0 468 60
273 0 523 301
273 0 197 118
273 0 545 94
273 0 305 56
273 0 208 157
273 0 276 71
273 0 22 100
273 0 200 226
273 0 312 147
273 0 66 258
273 0 40 237
273 0 239 302
273 0 413 187
2 U4
113 0 295 157
113 0 479 291
14 U4
113 0 19 177
113 0 242 195
113 0 549 293
113 0 484 54
113 0 276 349
113 0 560 134
113 0 13 271
113 0 322 219
113 0 571 170
113 0 170 200
113 0 324 157
113 0 531 334
113 0 441 75
113 0 141 319
2 U6
525 0 360 268
525 0 67 87
14 U6
525 0 167 280
525 0 167 227
525 0 99 89
525 0 593 82
525 0 449 297
525 0 451 256
525 0 67 223
525 0 195 195
525 0 119 256
525 0 530 96
525 0 535 251
525 0 113 315
525 0 62 274
525 0 68 214
13
194 143 332 251
421 174 4 139
493 100 476 159
242 207 532 235
582 344 291 165
260 72 94 318
378 85 559 75
27 246 502 163
409 287 590 263
70 59 8 322
487 257 66 188
18 163 54 253
46 262 189 287
