4
3
L1 255 0
U2 322 0
L3 211 0
12
340 36
136 204
22 32
147 67
7 249
563 282
151 30
86 153
242 276
430 281
567 143
311 46
2 L1
22 L1
376 140 255 0
553 286 255 0
586 121 255 0
52 85 255 0
323 306 255 0
2 288 255 0
181 96 255 0
80 289 255 0
245 99 255 0
524 260 255 0
429 175 255 0
373 166 255 0
50 308 255 0
338 147 255 0
104 101 255 0
278 212 255 0
120 285 255 0
164 120 255 0
260 73 255 0
282 143 255 0
460 140 255 0
227 270 255 0
2 L3
22 L3
571 218 211 0
60 139 211 0
109 232 211 0
379 282 211 0
172 240 211 0
83 66 211 0
290 55 211 0
82 163 211 0
229 52 211 0
156 218 211 0
486 202 211 0
176 61 211 0
336 55 211 0
20 158 211 0
271 72 211 0
231 267 211 0
128 56 211 0
599 233 211 0
576 106 211 0
422 232 211 0
138 165 211 0
413 181 211 0
2 U2
322 0 53 57
322 0 16 327
22 U2
322 0 459 262
322 0 219 61
322 0 45 79
322 0 385 188
322 0 254 314
322 0 451 116
322 0 360 241
322 0 386 131
322 0 395 138
322 0 461 207
322 0 586 109
322 0 308 202
322 0 178 96
322 0 527 204
322 0 172 222
322 0 200 203
322 0 199 269
322 0 235 101
322 0 574 105
322 0 370 325
322 0 146 189
322 0 442 150
4
376 140 248 135
571 218 187 343
553 286 14 184
60 139 30 250
