5
4
L1 316 0
U2 548 0
L3 376 0
U4 427 0
16
230 246
597 199
92 179
353 234
388 252
439 31
215 333
533 106
238 63
334 203
364 217
342 42
585 88
292 340
90 240
46 290
2 L1
22 L1
365 144 316 0
472 255 316 0
228 217 316 0
567 193 316 0
5 177 316 0
357 346 316 0
471 306 316 0
111 194 316 0
32 277 316 0
57 131 316 0
163 348 316 0
137 325 316 0
321 133 316 0
454 334 316 0
351 189 316 0
154 128 316 0
131 107 316 0
167 147 316 0
125 175 316 0
436 103 316 0
545 278 316 0
134 75 316 0
2 L3
22 L3
174 174 376 0
465 252 376 0
196 79 376 0
342 344 376 0
557 127 376 0
560 349 376 0
583 305 376 0
11 279 376 0
588 96 376 0
234 90 376 0
331 288 376 0
426 173 376 0
262 297 376 0
449 270 376 0
115 221 376 0
13 51 376 0
33 277 376 0
101 330 376 0
231 268 376 0
478 268 376 0
454 98 376 0
383 142 376 0
2 U2
548 0 438 118
548 0 115 231
22 U2
548 0 212 295
548 0 31 307
548 0 499 313
548 0 183 341
548 0 507 300
548 0 474 145
548 0 351 294
548 0 432 198
548 0 585 251
548 0 153 129
548 0 428 110
548 0 456 256
548 0 391 118
548 0 372 288
548 0 118 261
548 0 402 259
548 0 95 332
548 0 467 54
548 0 391 223
548 0 158 180
548 0 151 221
548 0 11 191
2 U4
427 0 336 209
427 0 185 273
22 U4
427 0 523 93
427 0 288 63
427 0 290 271
427 0 560 199
427 0 542 156
427 0 305 212
427 0 175 253
427 0 41 327
427 0 385 321
427 0 195 316
427 0 185 125
427 0 401 65
427 0 471 90
427 0 31 124
427 0 9 336
427 0 190 160
427 0 595 203
427 0 245 295
427 0 347 330
427 0 125 244
427 0 206 207
427 0 325 327
5
365 144 364 192
174 174 402 142
472 255 547 221
465 252 230 301
228 217 172 265
