4
5
L1 164 0
U2 127 0
L3 593 0
U4 354 0
L5 443 0
25
242 24
573 177
435 295
288 51
332 63
304 82
77 279
423 276
83 238
598 79
4 135
221 94
565 105
295 163
444 67
163 104
41 312
28 248
236 107
331 267
572 264
496 44
163 70
271 290
274 41
2 L1
22 L1
342 165 164 0
119 151 164 0
585 117 164 0
252 103 164 0
224 217 164 0
72 275 164 0
353 77 164 0
129 173 164 0
239 273 164 0
335 273 164 0
88 303 164 0
418 291 164 0
503 292 164 0
363 226 164 0
233 211 164 0
464 209 164 0
75 347 164 0
187 59 164 0
273 67 164 0
52 334 164 0
10 179 164 0
537 321 164 0
2 L3
22 L3
232 349 593 0
184 170 593 0
404 124 593 0
115 65 593 0
121 76 593 0
114 210 593 0
302 177 593 0
439 331 593 0
551 75 593 0
592 273 593 0
45 347 593 0
175 142 593 0
445 330 593 0
357 230 593 0
227 202 593 0
476 280 593 0
537 59 593 0
479 217 593 0
552 201 593 0
267 295 593 0
470 56 593 0
276 101 593 0
2 L5
22 L5
372 139 443 0
77 141 443 0
342 186 443 0
134 169 443 0
323 112 443 0
40 317 443 0
490 251 443 0
383 300 443 0
414 326 443 0
504 158 443 0
218 210 443 0
137 164 443 0
32 271 443 0
369 245 443 0
289 233 443 0
571 192 443 0
492 117 443 0
208 159 443 0
449 170 443 0
383 223 443 0
437 154 443 0
87 205 443 0
2 U2
127 0 79 319
127 0 554 213
22 U2
127 0 18 112
127 0 389 283
127 0 426 136
127 0 123 340
127 0 586 72
127 0 80 293
127 0 503 73
127 0 378 56
127 0 245 69
127 0 173 52
127 0 409 57
127 0 284 103
127 0 342 51
127 0 113 284
127 0 67 115
127 0 128 237
127 0 42 87
127 0 342 154
127 0 178 105
127 0 594 142
127 0 444 133
127 0 440 231
2 U4
354 0 24 245
354 0 181 284
22 U4
354 0 247 273
354 0 4 72
354 0 91 138
354 0 464 145
354 0 263 188
354 0 221 130
354 0 129 238
354 0 12 253
354 0 570 252
354 0 3 142
354 0 188 292
354 0 11 245
354 0 446 202
354 0 307 105
354 0 161 319
354 0 264 303
354 0 390 332
354 0 89 253
354 0 218 111
354 0 324 293
354 0 396 321
354 0 169 218
17
342 165 241 296
232 349 473 233
372 139 489 206
119 151 304 126
184 170 253 233
77 141 100 140
585 117 310 212
404 124 421 69
342 186 134 232
252 103 313 84
115 65 571 177
134 169 272 312
224 217 367 93
121 76 329 104
323 112 73 317
72 275 512 132
114 210 232 234
