3
3
L1 151 0
U2 63 0
L3 409 0
15
249 197
23 286
517 192
377 172
247 340
529 75
221 84
202 238
310 313
18 234
186 82
10 193
219 158
24 205
94 247
1 L1
18 L1
240 52 151 0
433 224 151 0
193 95 151 0
3 58 151 0
501 258 151 0
340 319 151 0
69 158 151 0
521 319 151 0
209 305 151 0
499 175 151 0
52 111 151 0
381 220 151 0
590 313 151 0
493 348 151 0
74 176 151 0
304 215 151 0
75 280 151 0
454 180 151 0
1 L3
18 L3
27 238 409 0
340 316 409 0
138 251 409 0
61 165 409 0
255 59 409 0
487 256 409 0
47 220 409 0
333 165 409 0
16 155 409 0
539 350 409 0
357 348 409 0
565 310 409 0
40 331 409 0
26 177 409 0
15 153 409 0
9 95 409 0
39 221 409 0
473 291 409 0
1 U2
63 0 433 307
18 U2
63 0 11 257
63 0 176 251
63 0 572 119
63 0 274 191
63 0 410 151
63 0 250 62
63 0 233 237
63 0 325 101
63 0 346 104
63 0 492 289
63 0 522 161
63 0 476 331
63 0 89 271
63 0 402 347
63 0 291 311
63 0 477 187
63 0 33 212
63 0 348 191
3
240 52 344 217
27 238 280 224
433 224 250 137
