5
5
L1 399 0
U2 204 0
L3 383 0
U4 413 0
L5 53 0
25
117 285
103 310
588 17
206 287
235 338
498 188
568 134
186 8
90 244
155 112
367 239
88 155
319 290
477 198
490 145
68 23
574 174
75 279
471 296
192 178
35 208
533 34
548 143
62 174
129 299
2 L1
18 L1
27 181 399 0
506 214 399 0
367 342 399 0
0 250 399 0
505 57 399 0
211 162 399 0
460 339 399 0
321 273 399 0
222 136 399 0
171 218 399 0
166 249 399 0
122 212 399 0
51 323 399 0
131 263 399 0
47 167 399 0
281 167 399 0
572 54 399 0
289 188 399 0
2 L3
18 L3
152 177 383 0
461 180 383 0
224 76 383 0
159 67 383 0
388 191 383 0
480 134 383 0
226 210 383 0
545 307 383 0
447 254 383 0
289 344 383 0
194 153 383 0
374 348 383 0
561 115 383 0
227 67 383 0
471 119 383 0
159 230 383 0
295 203 383 0
7 254 383 0
2 L5
18 L5
425 231 53 0
599 198 53 0
132 133 53 0
169 341 53 0
5 69 53 0
535 240 53 0
249 153 53 0
233 294 53 0
4 146 53 0
579 299 53 0
155 281 53 0
264 108 53 0
99 283 53 0
459 331 53 0
274 170 53 0
262 245 53 0
89 333 53 0
483 220 53 0
2 U2
204 0 296 133
204 0 572 306
18 U2
204 0 266 189
204 0 55 119
204 0 271 255
204 0 397 64
204 0 411 200
204 0 453 190
204 0 350 107
204 0 586 253
204 0 526 155
204 0 278 267
204 0 372 88
204 0 588 57
204 0 274 226
204 0 53 219
204 0 17 316
204 0 264 289
204 0 254 165
204 0 403 155
2 U4
413 0 367 346
413 0 14 267
18 U4
413 0 528 55
413 0 163 90
413 0 414 316
413 0 358 331
413 0 512 267
413 0 434 178
413 0 254 332
413 0 403 336
413 0 7 126
413 0 346 268
413 0 24 288
413 0 41 57
413 0 256 285
413 0 371 324
413 0 273 311
413 0 479 98
413 0 262 89
413 0 69 175
5
27 181 140 305
152 177 391 80
425 231 534 194
506 214 526 111
461 180 363 307
