3
3
L1 225 0
U2 31 0
L3 138 0
12
555 133
307 58
339 139
51 191
242 73
37 99
410 23
68 0
362 335
302 31
555 102
594 175
1 L1
14 L1
523 304 225 0
526 318 225 0
579 172 225 0
252 203 225 0
283 247 225 0
190 277 225 0
437 203 225 0
144 114 225 0
165 149 225 0
157 101 225 0
403 118 225 0
520 235 225 0
42 182 225 0
554 343 225 0
1 L3
14 L3
63 258 138 0
334 336 138 0
146 303 138 0
244 234 138 0
307 151 138 0
191 129 138 0
474 256 138 0
585 213 138 0
504 97 138 0
162 98 138 0
504 331 138 0
596 120 138 0
513 79 138 0
266 122 138 0
1 U2
31 0 564 115
14 U2
31 0 53 248
31 0 40 315
31 0 24 148
31 0 576 327
31 0 332 188
31 0 574 300
31 0 326 285
31 0 415 69
31 0 499 213
31 0 386 141
31 0 312 217
31 0 95 183
31 0 467 221
31 0 171 308
3
523 304 339 133
63 258 162 50
526 318 569 343
