5
3
L1 96 0
U2 354 0
L3 145 0
15
494 6
237 301
521 10
388 22
269 266
428 189
579 100
65 264
422 22
490 123
123 181
600 239
313 65
533 188
249 343
2 L1
22 L1
25 231 96 0
171 350 96 0
171 256 96 0
31 88 96 0
209 128 96 0
369 169 96 0
535 57 96 0
598 105 96 0
119 237 96 0
331 218 96 0
6 281 96 0
454 307 96 0
315 105 96 0
506 164 96 0
302 111 96 0
210 298 96 0
379 343 96 0
570 249 96 0
512 175 96 0
421 288 96 0
219 101 96 0
90 283 96 0
2 L3
22 L3
401 124 145 0
127 186 145 0
233 259 145 0
228 306 145 0
252 187 145 0
248 232 145 0
373 169 145 0
111 203 145 0
129 128 145 0
437 56 145 0
225 328 145 0
167 268 145 0
470 315 145 0
94 234 145 0
267 95 145 0
482 204 145 0
202 247 145 0
59 325 145 0
139 87 145 0
465 258 145 0
549 309 145 0
402 124 145 0
2 U2
354 0 76 309
354 0 46 177
22 U2
354 0 180 116
354 0 181 196
354 0 233 53
354 0 342 191
354 0 516 125
354 0 242 71
354 0 511 196
354 0 302 166
354 0 474 245
354 0 537 205
354 0 159 105
354 0 95 339
354 0 420 90
354 0 32 127
354 0 119 66
354 0 565 79
354 0 21 312
354 0 428 336
354 0 85 153
354 0 335 217
354 0 482 307
354 0 199 330
7
25 231 414 61
401 124 260 274
171 350 459 229
127 186 376 139
171 256 351 209
233 259 538 87
31 88 54 74
