4
6
L1 11 0
U2 402 0
L3 210 0
U4 556 0
L5 38 0
U6 510 0
30
279 66
425 134
235 137
7 129
379 174
404 28
8 116
339 182
384 337
264 74
534 104
409 34
290 85
160 242
385 218
576 89
295 322
390 91
216 258
317 308
2 62
102 35
544 80
225 206
318 3
108 212
264 235
313 82
500 175
402 207
2 L1
22 L1
587 181 11 0
259 82 11 0
314 332 11 0
390 59 11 0
495 283 11 0
322 80 11 0
475 193 11 0
379 245 11 0
442 61 11 0
453 287 11 0
564 245 11 0
337 78 11 0
385 231 11 0
120 290 11 0
59 129 11 0
84 51 11 0
538 315 11 0
240 68 11 0
452 210 11 0
235 349 11 0
301 197 11 0
334 163 11 0
2 L3
22 L3
99 292 210 0
237 349 210 0
450 329 210 0
246 81 210 0
499 100 210 0
475 64 210 0
70 73 210 0
40 84 210 0
59 285 210 0
555 239 210 0
425 125 210 0
464 57 210 0
494 82 210 0
536 211 210 0
282 216 210 0
49 226 210 0
481 115 210 0
566 241 210 0
136 221 210 0
117 253 210 0
172 145 210 0
284 270 210 0
2 L5
22 L5
398 235 38 0
468 134 38 0
407 189 38 0
30 308 38 0
150 320 38 0
346 104 38 0
250 199 38 0
388 267 38 0
411 97 38 0
532 226 38 0
266 62 38 0
561 248 38 0
505 294 38 0
7 297 38 0
41 57 38 0
412 272 38 0
126 133 38 0
110 343 38 0
342 179 38 0
294 189 38 0
280 141 38 0
444 129 38 0
2 U2
402 0 319 207
402 0 82 183
22 U2
402 0 478 286
402 0 328 139
402 0 570 312
402 0 13 182
402 0 22 288
402 0 526 108
402 0 73 222
402 0 572 199
402 0 301 318
402 0 147 153
402 0 423 103
402 0 383 204
402 0 509 227
402 0 52 123
402 0 28 67
402 0 402 90
402 0 84 111
402 0 503 90
402 0 553 228
402 0 232 190
402 0 409 105
402 0 193 197
2 U4
556 0 321 227
556 0 30 91
22 U4
556 0 479 87
556 0 210 192
556 0 221 96
556 0 410 268
556 0 489 151
556 0 59 227
556 0 500 122
556 0 168 58
556 0 13 234
556 0 524 82
556 0 141 277
556 0 599 170
556 0 188 213
556 0 452 189
556 0 255 340
556 0 453 284
556 0 34 274
556 0 151 207
556 0 519 218
556 0 249 125
556 0 379 250
556 0 483 325
2 U6
510 0 277 328
510 0 32 317
22 U6
510 0 432 124
510 0 599 140
510 0 187 223
510 0 41 223
510 0 204 260
510 0 307 280
510 0 0 209
510 0 218 165
510 0 232 149
510 0 161 87
510 0 358 347
510 0 99 96
510 0 424 96
510 0 323 114
510 0 0 66
510 0 441 103
510 0 361 301
510 0 117 332
510 0 24 262
510 0 42 99
510 0 15 190
510 0 377 306
7
587 181 6 170
99 292 564 300
398 235 468 338
259 82 62 162
237 349 365 123
468 134 196 117
314 332 96 184
