4
4
L1 128 0
U2 179 0
L3 217 0
U4 55 0
16
169 275
308 236
507 263
184 106
175 277
419 212
93 61
327 299
495 84
340 45
125 93
230 181
492 70
171 173
390 64
529 317
2 L1
22 L1
284 328 128 0
304 189 128 0
1 70 128 0
296 227 128 0
156 256 128 0
484 293 128 0
594 129 128 0
48 247 128 0
75 240 128 0
9 152 128 0
34 335 128 0
193 107 128 0
440 161 128 0
551 308 128 0
108 201 128 0
394 100 128 0
256 80 128 0
321 55 128 0
563 192 128 0
0 90 128 0
226 181 128 0
124 320 128 0
2 L3
22 L3
518 184 217 0
503 318 217 0
223 289 217 0
359 293 217 0
7 224 217 0
492 85 217 0
278 224 217 0
217 219 217 0
557 324 217 0
563 55 217 0
287 138 217 0
382 187 217 0
28 251 217 0
317 70 217 0
469 121 217 0
95 290 217 0
490 234 217 0
281 228 217 0
167 258 217 0
410 120 217 0
517 344 217 0
44 214 217 0
2 U2
179 0 43 317
179 0 94 67
22 U2
179 0 339 134
179 0 578 344
179 0 250 172
179 0 70 277
179 0 273 221
179 0 537 311
179 0 186 107
179 0 374 168
179 0 373 300
179 0 579 277
179 0 393 152
179 0 482 306
179 0 514 183
179 0 185 127
179 0 134 114
179 0 225 149
179 0 456 299
179 0 522 264
179 0 355 181
179 0 124 203
179 0 85 112
179 0 493 243
2 U4
55 0 259 57
55 0 447 288
22 U4
55 0 470 115
55 0 454 331
55 0 269 70
55 0 532 162
55 0 61 198
55 0 406 207
55 0 260 155
55 0 511 93
55 0 558 257
55 0 356 120
55 0 160 88
55 0 484 274
55 0 528 53
55 0 541 167
55 0 575 233
55 0 308 291
55 0 92 323
55 0 588 103
55 0 216 294
55 0 218 272
55 0 491 81
55 0 543 153
5
284 328 209 175
518 184 367 236
304 189 435 344
503 318 558 199
1 70 91 234
