3
4
L1 274 0
U2 406 0
L3 570 0
U4 584 0
16
124 101
220 252
229 52
417 263
46 317
369 41
167 167
400 112
93 206
49 1
434 162
141 276
335 149
20 79
373 195
49 200
1 L1
22 L1
197 230 274 0
489 197 274 0
204 213 274 0
594 192 274 0
227 214 274 0
547 295 274 0
348 84 274 0
63 50 274 0
148 82 274 0
545 138 274 0
76 260 274 0
286 252 274 0
11 265 274 0
402 340 274 0
220 302 274 0
380 165 274 0
89 101 274 0
524 98 274 0
185 326 274 0
436 281 274 0
282 74 274 0
320 208 274 0
1 L3
22 L3
348 170 570 0
467 145 570 0
359 344 570 0
474 119 570 0
314 155 570 0
575 226 570 0
288 250 570 0
55 281 570 0
42 168 570 0
345 333 570 0
557 98 570 0
174 162 570 0
456 93 570 0
572 61 570 0
348 229 570 0
169 330 570 0
241 282 570 0
563 218 570 0
322 65 570 0
51 153 570 0
534 67 570 0
337 202 570 0
1 U2
406 0 330 61
22 U2
406 0 282 95
406 0 358 220
406 0 173 72
406 0 345 62
406 0 25 112
406 0 467 106
406 0 433 349
406 0 418 209
406 0 162 315
406 0 417 100
406 0 474 219
406 0 290 299
406 0 312 245
406 0 560 53
406 0 441 157
406 0 178 59
406 0 597 257
406 0 114 333
406 0 88 310
406 0 169 77
406 0 179 144
406 0 95 183
1 U4
584 0 95 195
22 U4
584 0 331 348
584 0 201 299
584 0 504 297
584 0 586 222
584 0 24 210
584 0 79 191
584 0 357 193
584 0 516 214
584 0 101 256
584 0 210 291
584 0 146 96
584 0 552 92
584 0 544 89
584 0 543 323
584 0 373 65
584 0 595 214
584 0 137 92
584 0 334 232
584 0 423 332
584 0 443 174
584 0 482 288
584 0 413 192
5
197 230 357 60
348 170 353 263
489 197 37 152
467 145 221 272
204 213 484 197
