4
3
L1 74 0
U2 198 0
L3 387 0
12
414 270
106 188
461 293
111 104
269 130
568 9
111 128
66 7
437 136
543 44
260 230
477 120
2 L1
10 L1
516 132 74 0
454 96 74 0
87 89 74 0
150 248 74 0
241 107 74 0
389 290 74 0
59 324 74 0
470 168 74 0
114 100 74 0
493 93 74 0
2 L3
10 L3
510 104 387 0
49 93 387 0
218 144 387 0
451 245 387 0
331 131 387 0
95 237 387 0
140 89 387 0
547 188 387 0
510 278 387 0
443 277 387 0
2 U2
198 0 521 216
198 0 410 294
10 U2
198 0 346 347
198 0 328 247
198 0 93 124
198 0 317 325
198 0 278 302
198 0 223 316
198 0 265 230
198 0 317 350
198 0 223 212
198 0 216 73
2
516 132 257 217
510 104 321 283
