5
4
L1 352 0
U2 368 0
L3 66 0
U4 166 0
16
506 223
459 220
57 159
69 121
273 246
259 257
254 271
552 164
136 348
567 330
376 9
387 155
121 299
443 183
493 290
226 301
2 L1
10 L1
139 334 352 0
31 324 352 0
252 192 352 0
216 201 352 0
472 90 352 0
534 95 352 0
293 160 352 0
585 94 352 0
76 244 352 0
92 131 352 0
2 L3
10 L3
190 52 66 0
482 213 66 0
492 298 66 0
134 140 66 0
301 213 66 0
155 333 66 0
19 66 66 0
76 82 66 0
100 221 66 0
550 172 66 0
2 U2
368 0 263 229
368 0 129 273
10 U2
368 0 277 268
368 0 364 104
368 0 485 290
368 0 387 81
368 0 101 131
368 0 87 189
368 0 90 105
368 0 59 209
368 0 321 88
368 0 193 336
2 U4
166 0 269 150
166 0 170 212
10 U4
166 0 291 64
166 0 114 71
166 0 124 89
166 0 530 284
166 0 77 340
166 0 528 220
166 0 249 108
166 0 197 335
166 0 140 335
166 0 63 82
2
139 334 588 54
190 52 384 291
