4
3
L1 47 0
U2 402 0
L3 109 0
9
11 223
516 308
193 216
430 292
110 44
563 184
468 75
191 293
406 302
2 L1
14 L1
104 57 47 0
228 132 47 0
243 139 47 0
273 74 47 0
72 223 47 0
228 248 47 0
151 72 47 0
108 165 47 0
95 58 47 0
186 220 47 0
465 201 47 0
593 186 47 0
231 146 47 0
83 74 47 0
2 L3
14 L3
200 155 109 0
592 305 109 0
569 158 109 0
435 249 109 0
279 325 109 0
451 229 109 0
291 60 109 0
361 135 109 0
70 334 109 0
153 300 109 0
511 224 109 0
563 106 109 0
177 115 109 0
496 271 109 0
2 U2
402 0 402 186
402 0 61 226
14 U2
402 0 180 52
402 0 255 340
402 0 50 212
402 0 81 143
402 0 306 80
402 0 390 251
402 0 267 292
402 0 203 330
402 0 573 339
402 0 251 93
402 0 6 225
402 0 51 308
402 0 402 190
402 0 8 229
3
104 57 50 62
200 155 418 290
228 132 354 147
