3
4
L1 128 0
U2 443 0
L3 33 0
U4 187 0
20
217 128
358 303
145 230
150 225
420 182
361 24
154 248
400 292
495 164
204 167
192 227
504 0
35 179
152 74
271 277
337 110
287 331
43 147
203 287
95 248
1 L1
10 L1
344 186 128 0
472 209 128 0
228 82 128 0
323 269 128 0
8 346 128 0
564 321 128 0
171 88 128 0
451 189 128 0
585 82 128 0
211 346 128 0
1 L3
10 L3
10 190 33 0
522 305 33 0
422 161 33 0
253 338 33 0
310 151 33 0
240 199 33 0
540 281 33 0
73 107 33 0
475 115 33 0
275 234 33 0
1 U2
443 0 354 94
10 U2
443 0 222 204
443 0 166 261
443 0 420 280
443 0 600 344
443 0 22 61
443 0 235 53
443 0 170 145
443 0 448 149
443 0 273 203
443 0 439 298
1 U4
187 0 446 265
10 U4
187 0 598 333
187 0 463 244
187 0 65 204
187 0 564 159
187 0 276 326
187 0 468 126
187 0 11 149
187 0 210 183
187 0 478 264
187 0 340 66
4
344 186 149 189
10 190 566 299
472 209 396 261
522 305 413 278
