4
6
L1 578 0
U2 416 0
L3 124 0
U4 168 0
L5 367 0
U6 103 0
24
527 223
64 339
60 187
264 141
98 122
588 281
305 81
0 75
135 41
359 41
146 165
160 233
537 22
413 20
355 159
357 205
193 61
218 216
358 335
0 337
300 319
61 226
370 305
402 334
2 L1
14 L1
54 263 578 0
466 171 578 0
325 187 578 0
104 54 578 0
124 99 578 0
289 294 578 0
85 73 578 0
390 310 578 0
411 199 578 0
589 84 578 0
130 86 578 0
515 70 578 0
296 194 578 0
554 265 578 0
2 L3
14 L3
27 127 124 0
150 120 124 0
411 235 124 0
452 131 124 0
432 282 124 0
208 84 124 0
371 144 124 0
125 116 124 0
243 167 124 0
282 82 124 0
223 278 124 0
48 303 124 0
489 179 124 0
353 264 124 0
2 L5
14 L5
56 211 367 0
146 265 367 0
190 245 367 0
529 279 367 0
571 230 367 0
42 109 367 0
465 252 367 0
216 169 367 0
241 326 367 0
585 191 367 0
184 51 367 0
323 343 367 0
568 335 367 0
441 137 367 0
2 U2
416 0 375 228
416 0 45 327
14 U2
416 0 279 272
416 0 36 242
416 0 37 116
416 0 24 313
416 0 594 157
416 0 13 242
416 0 284 234
416 0 522 70
416 0 418 218
416 0 172 147
416 0 137 130
416 0 516 157
416 0 155 288
416 0 225 301
2 U4
168 0 279 89
168 0 347 246
14 U4
168 0 428 265
168 0 105 126
168 0 436 345
168 0 482 210
168 0 240 89
168 0 111 107
168 0 545 132
168 0 413 65
168 0 17 63
168 0 119 345
168 0 514 233
168 0 558 57
168 0 355 239
168 0 22 216
2 U6
103 0 371 205
103 0 271 214
14 U6
103 0 203 221
103 0 159 350
103 0 141 95
103 0 212 323
103 0 379 258
103 0 177 127
103 0 503 117
103 0 287 271
103 0 191 202
103 0 112 344
103 0 79 312
103 0 446 66
103 0 83 223
103 0 357 323
5
54 263 10 85
27 127 395 142
56 211 40 283
466 171 173 61
150 120 477 221
