5
6
L1 410 0
U2 533 0
L3 380 0
U4 36 0
L5 166 0
U6 582 0
30
217 337
303 78
281 217
324 347
250 102
499 12
515 18
172 185
354 97
411 153
520 300
140 165
431 147
228 348
528 52
211 78
498 148
399 252
211 61
192 151
322 176
81 53
433 108
113 42
511 35
433 286
199 306
191 267
451 168
480 36
2 L1
14 L1
170 287 410 0
359 106 410 0
409 135 410 0
176 62 410 0
506 217 410 0
446 289 410 0
474 82 410 0
325 279 410 0
499 251 410 0
378 95 410 0
132 254 410 0
44 330 410 0
302 278 410 0
468 86 410 0
2 L3
14 L3
432 209 380 0
359 121 380 0
133 134 380 0
315 177 380 0
162 342 380 0
492 328 380 0
29 330 380 0
588 249 380 0
18 55 380 0
104 122 380 0
280 350 380 0
124 145 380 0
304 327 380 0
302 197 380 0
2 L5
14 L5
509 185 166 0
322 141 166 0
434 223 166 0
170 313 166 0
177 250 166 0
2 50 166 0
269 296 166 0
9 341 166 0
40 260 166 0
573 178 166 0
187 144 166 0
534 145 166 0
417 307 166 0
111 51 166 0
2 U2
533 0 84 290
533 0 559 336
14 U2
533 0 563 50
533 0 301 186
533 0 68 328
533 0 168 56
533 0 545 202
533 0 63 187
533 0 312 338
533 0 217 242
533 0 141 272
533 0 510 272
533 0 232 102
533 0 16 91
533 0 234 235
533 0 413 156
2 U4
36 0 405 166
36 0 18 294
14 U4
36 0 433 56
36 0 462 301
36 0 560 220
36 0 120 134
36 0 481 281
36 0 129 155
36 0 371 120
36 0 7 156
36 0 58 189
36 0 514 113
36 0 222 329
36 0 480 271
36 0 273 113
36 0 292 234
2 U6
582 0 323 184
582 0 533 325
14 U6
582 0 154 167
582 0 411 110
582 0 377 297
582 0 532 149
582 0 125 67
582 0 432 309
582 0 284 162
582 0 245 271
582 0 169 56
582 0 562 225
582 0 402 121
582 0 103 86
582 0 472 328
582 0 10 96
9
170 287 334 279
432 209 415 166
509 185 110 135
359 106 25 187
359 121 97 324
322 141 410 219
409 135 551 204
133 134 531 292
434 223 400 51
