5
4
L1 469 0
U2 589 0
L3 212 0
U4 403 0
12
47 91
331 316
290 178
105 280
200 324
98 139
31 104
441 335
492 262
112 179
562 76
417 132
2 L1
18 L1
208 322 469 0
157 305 469 0
145 207 469 0
216 350 469 0
400 193 469 0
301 203 469 0
292 251 469 0
194 154 469 0
36 82 469 0
20 280 469 0
232 343 469 0
486 66 469 0
440 207 469 0
197 69 469 0
375 325 469 0
255 117 469 0
69 64 469 0
409 311 469 0
2 L3
18 L3
573 314 212 0
461 81 212 0
464 166 212 0
488 56 212 0
529 329 212 0
67 78 212 0
338 296 212 0
153 171 212 0
230 188 212 0
352 215 212 0
179 200 212 0
22 330 212 0
411 326 212 0
140 239 212 0
174 170 212 0
118 54 212 0
16 150 212 0
367 273 212 0
2 U2
589 0 128 240
589 0 406 187
18 U2
589 0 214 325
589 0 111 196
589 0 485 118
589 0 52 189
589 0 185 96
589 0 22 201
589 0 96 89
589 0 490 323
589 0 190 329
589 0 379 226
589 0 377 334
589 0 91 286
589 0 410 137
589 0 247 350
589 0 598 296
589 0 317 131
589 0 167 118
589 0 185 153
2 U4
403 0 102 296
403 0 554 263
18 U4
403 0 518 278
403 0 6 75
403 0 150 290
403 0 222 110
403 0 287 158
403 0 569 261
403 0 370 100
403 0 140 274
403 0 505 116
403 0 525 180
403 0 225 306
403 0 251 91
403 0 388 234
403 0 572 336
403 0 76 179
403 0 452 259
403 0 374 266
403 0 279 78
8
208 322 67 163
573 314 304 301
157 305 57 263
461 81 91 270
145 207 445 289
464 166 370 263
216 350 151 77
488 56 387 276
