4
5
L1 111 0
U2 46 0
L3 273 0
U4 22 0
L5 229 0
25
317 23
126 87
307 181
47 324
387 162
575 283
471 248
430 202
450 209
425 121
32 145
418 176
325 253
117 135
422 142
316 191
590 289
405 212
396 322
245 166
341 328
590 251
175 173
265 176
466 298
2 L1
14 L1
15 271 111 0
24 158 111 0
23 338 111 0
182 186 111 0
418 280 111 0
502 342 111 0
596 231 111 0
254 155 111 0
54 267 111 0
343 253 111 0
262 201 111 0
432 261 111 0
11 145 111 0
419 124 111 0
2 L3
14 L3
286 170 273 0
578 222 273 0
373 226 273 0
265 240 273 0
537 215 273 0
290 124 273 0
479 294 273 0
455 111 273 0
472 278 273 0
55 129 273 0
484 194 273 0
565 330 273 0
416 170 273 0
484 106 273 0
2 L5
14 L5
278 259 229 0
473 165 229 0
188 340 229 0
599 212 229 0
315 290 229 0
484 231 229 0
180 232 229 0
326 231 229 0
582 56 229 0
375 204 229 0
396 250 229 0
520 320 229 0
253 184 229 0
21 228 229 0
2 U2
46 0 474 292
46 0 477 103
14 U2
46 0 57 149
46 0 367 145
46 0 477 293
46 0 508 117
46 0 47 157
46 0 257 179
46 0 223 72
46 0 537 193
46 0 44 144
46 0 300 109
46 0 128 267
46 0 328 50
46 0 277 338
46 0 146 91
2 U4
22 0 402 77
22 0 75 191
14 U4
22 0 92 271
22 0 241 85
22 0 350 135
22 0 73 221
22 0 236 230
22 0 144 281
22 0 38 213
22 0 455 196
22 0 597 97
22 0 154 96
22 0 142 230
22 0 364 88
22 0 565 190
22 0 301 204
11
15 271 80 311
286 170 131 156
278 259 556 66
24 158 546 172
578 222 278 165
473 165 100 83
23 338 185 338
373 226 548 104
188 340 68 190
182 186 425 282
265 240 179 101
