5
3
L1 86 0
U2 263 0
L3 417 0
15
446 24
314 317
94 297
381 249
296 240
331 60
88 224
277 215
391 344
590 255
17 25
482 273
233 7
437 131
543 118
2 L1
10 L1
123 108 86 0
93 67 86 0
306 115 86 0
578 158 86 0
570 237 86 0
153 69 86 0
236 120 86 0
49 158 86 0
240 161 86 0
61 143 86 0
2 L3
10 L3
575 121 417 0
30 348 417 0
39 118 417 0
115 240 417 0
154 107 417 0
508 257 417 0
316 281 417 0
76 284 417 0
96 92 417 0
379 115 417 0
2 U2
263 0 513 131
263 0 335 274
10 U2
263 0 113 70
263 0 554 234
263 0 42 51
263 0 228 111
263 0 318 190
263 0 48 83
263 0 560 173
263 0 90 194
263 0 287 269
263 0 522 287
5
123 108 197 164
575 121 3 127
93 67 428 151
30 348 561 70
306 115 401 53
