3
4
L1 302 0
U2 371 0
L3 236 0
U4 31 0
12
195 28
566 78
553 187
49 319
68 317
129 181
432 10
485 55
52 135
160 10
504 31
577 263
1 L1
14 L1
271 114 302 0
71 136 302 0
431 124 302 0
289 263 302 0
319 256 302 0
311 260 302 0
313 290 302 0
453 62 302 0
404 194 302 0
425 80 302 0
570 177 302 0
572 230 302 0
401 232 302 0
238 341 302 0
1 L3
14 L3
142 170 236 0
117 320 236 0
12 215 236 0
398 171 236 0
36 284 236 0
188 308 236 0
431 233 236 0
121 336 236 0
494 312 236 0
41 56 236 0
188 266 236 0
486 242 236 0
388 280 236 0
141 125 236 0
1 U2
371 0 386 68
14 U2
371 0 239 342
371 0 400 162
371 0 189 258
371 0 319 310
371 0 524 128
371 0 485 144
371 0 185 213
371 0 317 231
371 0 551 125
371 0 247 278
371 0 271 191
371 0 455 343
371 0 150 298
371 0 421 328
1 U4
31 0 212 76
14 U4
31 0 430 284
31 0 576 112
31 0 213 157
31 0 147 114
31 0 587 194
31 0 387 326
31 0 69 226
31 0 463 263
31 0 93 189
31 0 486 103
31 0 43 290
31 0 303 348
31 0 475 310
31 0 451 222
9
271 114 216 83
142 170 268 98
71 136 342 170
117 320 498 262
431 124 236 275
12 215 139 144
289 263 219 276
398 171 308 340
319 256 588 257
