5
4
L1 324 0
U2 327 0
L3 383 0
U4 373 0
20
140 102
416 347
395 314
370 80
523 14
19 54
167 137
264 230
174 319
281 94
34 241
446 344
40 336
479 207
20 5
52 294
138 265
459 87
495 87
166 91
2 L1
10 L1
410 347 324 0
433 329 324 0
423 307 324 0
592 183 324 0
233 162 324 0
297 63 324 0
52 272 324 0
211 122 324 0
578 141 324 0
313 99 324 0
2 L3
10 L3
86 223 383 0
371 68 383 0
480 295 383 0
174 179 383 0
274 182 383 0
336 60 383 0
34 262 383 0
142 259 383 0
117 274 383 0
238 233 383 0
2 U2
327 0 87 144
327 0 480 210
10 U2
327 0 337 194
327 0 385 198
327 0 327 192
327 0 207 228
327 0 176 279
327 0 170 91
327 0 513 74
327 0 261 84
327 0 28 174
327 0 208 63
2 U4
373 0 52 74
373 0 47 129
10 U4
373 0 206 170
373 0 207 248
373 0 146 89
373 0 583 259
373 0 395 87
373 0 203 310
373 0 436 206
373 0 37 336
373 0 318 164
373 0 512 144
2
410 347 6 76
86 223 334 90
