5
5
L1 285 0
U2 33 0
L3 378 0
U4 45 0
L5 21 0
25
354 113
263 174
556 116
347 213
167 109
290 270
427 194
367 97
310 251
466 79
402 79
523 23
511 295
446 175
15 52
524 163
539 240
14 40
419 341
199 25
201 287
130 169
192 32
59 248
153 117
2 L1
22 L1
153 302 285 0
140 251 285 0
395 59 285 0
424 80 285 0
595 278 285 0
360 210 285 0
224 341 285 0
227 280 285 0
450 200 285 0
266 248 285 0
593 139 285 0
544 235 285 0
191 241 285 0
107 260 285 0
488 225 285 0
502 69 285 0
435 308 285 0
469 83 285 0
126 221 285 0
158 165 285 0
75 181 285 0
302 249 285 0
2 L3
22 L3
200 168 378 0
324 342 378 0
437 94 378 0
177 293 378 0
535 282 378 0
307 74 378 0
383 206 378 0
440 224 378 0
45 63 378 0
187 201 378 0
182 267 378 0
502 311 378 0
280 318 378 0
591 316 378 0
290 125 378 0
409 162 378 0
357 350 378 0
451 75 378 0
526 141 378 0
505 90 378 0
34 268 378 0
205 335 378 0
2 L5
22 L5
97 105 21 0
33 246 21 0
297 265 21 0
369 126 21 0
576 191 21 0
17 145 21 0
479 207 21 0
421 318 21 0
585 154 21 0
387 264 21 0
140 212 21 0
590 311 21 0
356 137 21 0
105 281 21 0
345 208 21 0
268 331 21 0
505 330 21 0
432 104 21 0
407 88 21 0
41 185 21 0
196 113 21 0
235 207 21 0
2 U2
33 0 497 332
33 0 584 306
22 U2
33 0 503 301
33 0 346 277
33 0 316 281
33 0 429 178
33 0 188 253
33 0 418 185
33 0 437 74
33 0 266 157
33 0 503 170
33 0 555 279
33 0 588 259
33 0 588 325
33 0 75 229
33 0 539 247
33 0 298 320
33 0 402 222
33 0 587 88
33 0 79 278
33 0 364 261
33 0 377 244
33 0 10 208
33 0 497 201
2 U4
45 0 148 137
45 0 207 102
22 U4
45 0 234 247
45 0 96 257
45 0 575 152
45 0 326 264
45 0 401 276
45 0 581 127
45 0 97 317
45 0 417 79
45 0 504 59
45 0 138 175
45 0 337 262
45 0 205 344
45 0 156 80
45 0 388 82
45 0 506 56
45 0 152 248
45 0 393 257
45 0 141 187
45 0 160 160
45 0 145 136
45 0 141 59
45 0 535 219
6
153 302 474 255
200 168 444 270
97 105 243 308
140 251 434 67
324 342 372 298
33 246 492 83
