3
5
L1 210 0
U2 346 0
L3 241 0
U4 133 0
L5 343 0
25
191 258
505 65
512 209
584 263
276 74
48 59
145 48
246 43
339 37
531 290
505 53
181 52
49 290
280 183
164 7
413 206
61 297
404 130
297 93
560 50
530 247
204 209
51 120
99 123
212 179
1 L1
14 L1
476 196 210 0
48 246 210 0
592 66 210 0
25 252 210 0
76 216 210 0
356 198 210 0
411 215 210 0
149 151 210 0
583 212 210 0
421 89 210 0
120 136 210 0
125 252 210 0
148 180 210 0
110 341 210 0
1 L3
14 L3
186 59 241 0
507 157 241 0
226 244 241 0
523 171 241 0
22 336 241 0
567 332 241 0
359 109 241 0
192 162 241 0
253 323 241 0
508 72 241 0
422 273 241 0
58 146 241 0
98 233 241 0
237 284 241 0
1 L5
14 L5
245 129 343 0
389 105 343 0
187 218 343 0
198 279 343 0
258 180 343 0
259 87 343 0
229 185 343 0
386 108 343 0
250 116 343 0
479 279 343 0
388 254 343 0
445 173 343 0
6 256 343 0
275 64 343 0
1 U2
346 0 264 91
14 U2
346 0 345 293
346 0 577 312
346 0 280 251
346 0 444 330
346 0 33 274
346 0 550 290
346 0 458 341
346 0 551 256
346 0 273 53
346 0 446 243
346 0 260 118
346 0 149 65
346 0 307 93
346 0 473 232
1 U4
133 0 101 325
14 U4
133 0 561 97
133 0 287 209
133 0 494 334
133 0 203 327
133 0 403 203
133 0 408 80
133 0 478 349
133 0 282 219
133 0 274 344
133 0 138 285
133 0 176 155
133 0 396 208
133 0 412 320
133 0 443 335
11
476 196 362 153
186 59 585 331
245 129 372 182
48 246 333 267
507 157 64 327
389 105 207 155
592 66 140 155
226 244 525 140
187 218 40 141
25 252 504 97
523 171 525 132
