5
3
L1 221 0
U2 90 0
L3 372 0
15
9 180
160 74
485 109
155 243
579 146
152 244
61 204
514 46
592 145
396 308
138 18
151 63
23 125
50 192
301 284
2 L1
10 L1
431 334 221 0
517 340 221 0
164 187 221 0
581 338 221 0
372 291 221 0
34 104 221 0
63 333 221 0
87 287 221 0
352 143 221 0
455 63 221 0
2 L3
10 L3
286 284 372 0
274 268 372 0
459 340 372 0
158 261 372 0
87 336 372 0
256 342 372 0
518 186 372 0
486 275 372 0
589 310 372 0
461 299 372 0
2 U2
90 0 133 62
90 0 98 348
10 U2
90 0 409 151
90 0 232 126
90 0 555 56
90 0 13 120
90 0 229 319
90 0 531 94
90 0 462 266
90 0 174 128
90 0 394 268
90 0 247 252
3
431 334 364 316
286 284 39 111
517 340 336 57
