3
3
L1 59 0
U2 112 0
L3 216 0
12
464 180
487 244
360 289
171 322
375 148
489 12
523 141
308 331
545 247
295 330
300 68
318 253
1 L1
18 L1
367 87 59 0
86 97 59 0
538 157 59 0
357 62 59 0
45 52 59 0
263 331 59 0
244 268 59 0
6 176 59 0
430 190 59 0
306 118 59 0
309 241 59 0
585 249 59 0
106 105 59 0
515 102 59 0
526 246 59 0
201 230 59 0
596 72 59 0
25 122 59 0
1 L3
18 L3
87 84 216 0
305 230 216 0
127 282 216 0
263 275 216 0
104 109 216 0
510 151 216 0
178 256 216 0
487 120 216 0
408 329 216 0
331 350 216 0
266 336 216 0
144 271 216 0
578 245 216 0
415 121 216 0
159 302 216 0
2 277 216 0
400 78 216 0
308 122 216 0
1 U2
112 0 299 273
18 U2
112 0 453 216
112 0 502 250
112 0 418 242
112 0 300 224
112 0 436 300
112 0 466 336
112 0 431 108
112 0 43 242
112 0 587 296
112 0 258 214
112 0 49 296
112 0 288 348
112 0 359 129
112 0 483 175
112 0 318 57
112 0 595 144
112 0 244 172
112 0 240 72
6
367 87 114 254
87 84 385 150
86 97 560 292
305 230 454 325
538 157 464 121
127 282 96 337
