3
5
L1 537 0
U2 401 0
L3 531 0
U4 40 0
L5 459 0
25
100 81
338 167
543 187
107 121
32 311
290 224
315 39
278 277
49 7
19 140
0 135
59 118
517 216
501 229
554 333
292 310
510 343
403 326
233 144
214 123
172 260
358 15
4 289
7 150
100 4
1 L1
22 L1
383 210 537 0
25 342 537 0
110 124 537 0
335 316 537 0
559 284 537 0
308 176 537 0
536 272 537 0
408 82 537 0
329 65 537 0
584 96 537 0
384 201 537 0
34 311 537 0
45 310 537 0
532 169 537 0
111 281 537 0
193 134 537 0
3 51 537 0
364 281 537 0
25 162 537 0
560 109 537 0
377 236 537 0
374 299 537 0
1 L3
22 L3
589 287 531 0
554 70 531 0
148 317 531 0
313 211 531 0
591 179 531 0
523 225 531 0
404 295 531 0
222 331 531 0
282 53 531 0
102 275 531 0
340 215 531 0
587 121 531 0
384 148 531 0
400 290 531 0
144 102 531 0
323 128 531 0
406 80 531 0
262 72 531 0
182 242 531 0
229 307 531 0
348 345 531 0
258 168 531 0
1 L5
22 L5
326 135 459 0
197 320 459 0
585 323 459 0
574 285 459 0
302 102 459 0
229 164 459 0
446 266 459 0
487 210 459 0
301 69 459 0
570 336 459 0
72 297 459 0
401 292 459 0
190 290 459 0
151 60 459 0
364 179 459 0
254 88 459 0
315 167 459 0
512 223 459 0
107 300 459 0
366 144 459 0
208 313 459 0
362 115 459 0
1 U2
401 0 171 310
22 U2
401 0 106 223
401 0 530 290
401 0 525 176
401 0 26 125
401 0 560 336
401 0 171 271
401 0 24 220
401 0 421 295
401 0 509 248
401 0 504 266
401 0 232 211
401 0 418 187
401 0 108 169
401 0 79 225
401 0 249 325
401 0 189 293
401 0 431 150
401 0 251 129
401 0 115 161
401 0 233 132
401 0 464 257
401 0 556 202
1 U4
40 0 360 123
22 U4
40 0 427 118
40 0 15 145
40 0 422 314
40 0 79 266
40 0 169 299
40 0 478 262
40 0 105 300
40 0 189 65
40 0 556 209
40 0 46 64
40 0 551 193
40 0 588 88
40 0 301 60
40 0 179 209
40 0 405 186
40 0 166 166
40 0 329 305
40 0 132 83
40 0 25 348
40 0 304 187
40 0 129 234
40 0 440 322
6
383 210 130 166
589 287 133 197
326 135 217 76
25 342 552 213
554 70 196 248
197 320 335 319
