3
6
L1 338 0
U2 118 0
L3 214 0
U4 288 0
L5 122 0
U6 598 0
18
118 77
486 336
182 291
431 278
371 172
472 249
254 39
545 84
434 221
585 208
341 280
577 174
16 74
346 307
202 212
310 178
551 109
479 287
1 L1
22 L1
518 289 338 0
263 69 338 0
309 168 338 0
107 128 338 0
561 90 338 0
279 214 338 0
466 305 338 0
195 150 338 0
33 308 338 0
415 283 338 0
514 156 338 0
581 293 338 0
479 334 338 0
130 93 338 0
37 262 338 0
577 151 338 0
545 193 338 0
362 325 338 0
269 239 338 0
483 212 338 0
304 222 338 0
564 123 338 0
1 L3
22 L3
92 264 214 0
447 71 214 0
576 102 214 0
256 317 214 0
491 82 214 0
47 159 214 0
493 307 214 0
190 245 214 0
30 327 214 0
471 206 214 0
47 108 214 0
391 342 214 0
396 205 214 0
406 188 214 0
463 115 214 0
20 72 214 0
508 317 214 0
392 320 214 0
546 67 214 0
498 268 214 0
349 162 214 0
136 198 214 0
1 L5
22 L5
329 317 122 0
223 127 122 0
15 344 122 0
269 170 122 0
564 102 122 0
363 202 122 0
452 215 122 0
432 82 122 0
442 77 122 0
372 76 122 0
351 129 122 0
107 54 122 0
270 117 122 0
572 56 122 0
397 229 122 0
368 161 122 0
241 229 122 0
38 62 122 0
458 241 122 0
268 166 122 0
147 324 122 0
56 183 122 0
1 U2
118 0 277 252
22 U2
118 0 357 94
118 0 92 276
118 0 200 172
118 0 423 78
118 0 410 315
118 0 303 240
118 0 147 289
118 0 590 201
118 0 228 81
118 0 199 62
118 0 581 251
118 0 117 318
118 0 360 309
118 0 257 248
118 0 161 295
118 0 30 254
118 0 338 184
118 0 109 114
118 0 362 148
118 0 515 131
118 0 251 287
118 0 491 156
1 U4
288 0 461 282
22 U4
288 0 455 204
288 0 596 169
288 0 138 167
288 0 140 87
288 0 353 315
288 0 221 233
288 0 116 330
288 0 523 295
288 0 56 324
288 0 443 79
288 0 284 124
288 0 65 182
288 0 210 309
288 0 300 149
288 0 320 159
288 0 67 258
288 0 289 72
288 0 187 131
288 0 446 329
288 0 427 342
288 0 167 61
288 0 15 245
1 U6
598 0 46 257
22 U6
598 0 52 192
598 0 357 58
598 0 379 254
598 0 147 77
598 0 307 282
598 0 458 247
598 0 259 64
598 0 130 343
598 0 21 142
598 0 234 248
598 0 435 150
598 0 134 133
598 0 325 148
598 0 166 278
598 0 105 275
598 0 495 146
598 0 166 58
598 0 87 252
598 0 62 283
598 0 207 83
598 0 545 319
598 0 85 110
14
518 289 431 279
92 264 384 177
329 317 397 178
263 69 579 83
447 71 450 251
223 127 201 232
309 168 396 126
576 102 224 159
15 344 497 201
107 128 277 137
256 317 292 217
269 170 541 313
561 90 321 262
491 82 300 347
