3
3
L1 493 0
U2 269 0
L3 365 0
15
272 23
164 78
575 40
394 97
54 303
549 330
571 59
80 327
517 134
69 83
578 37
142 340
256 251
402 90
146 46
1 L1
14 L1
410 218 493 0
369 160 493 0
257 332 493 0
488 144 493 0
173 285 493 0
227 342 493 0
111 121 493 0
391 326 493 0
19 158 493 0
511 252 493 0
515 96 493 0
349 75 493 0
86 138 493 0
253 118 493 0
1 L3
14 L3
387 284 365 0
126 195 365 0
247 168 365 0
562 188 365 0
530 188 365 0
273 96 365 0
346 50 365 0
573 86 365 0
108 333 365 0
591 216 365 0
396 205 365 0
513 118 365 0
202 298 365 0
537 121 365 0
1 U2
269 0 84 134
14 U2
269 0 337 218
269 0 216 296
269 0 358 307
269 0 361 138
269 0 554 315
269 0 212 127
269 0 369 96
269 0 570 111
269 0 96 296
269 0 507 147
269 0 497 240
269 0 596 308
269 0 243 312
269 0 581 188
5
410 218 464 319
387 284 172 170
369 160 6 91
126 195 593 301
257 332 279 117
