3
4
L1 539 0
U2 589 0
L3 94 0
U4 93 0
16
170 188
181 245
228 246
473 188
30 277
351 191
584 145
311 131
323 109
442 71
0 237
198 231
239 173
222 232
494 326
487 344
1 L1
14 L1
539 292 539 0
189 317 539 0
193 175 539 0
238 192 539 0
273 156 539 0
359 59 539 0
389 301 539 0
570 134 539 0
133 245 539 0
2 163 539 0
433 81 539 0
252 78 539 0
293 99 539 0
94 163 539 0
1 L3
14 L3
243 350 94 0
182 186 94 0
314 271 94 0
95 235 94 0
153 89 94 0
525 133 94 0
214 50 94 0
532 190 94 0
424 175 94 0
246 167 94 0
39 155 94 0
201 316 94 0
457 201 94 0
113 131 94 0
1 U2
589 0 242 95
14 U2
589 0 514 173
589 0 338 266
589 0 499 217
589 0 465 109
589 0 22 301
589 0 171 175
589 0 219 300
589 0 466 65
589 0 165 295
589 0 162 112
589 0 171 246
589 0 394 236
589 0 71 340
589 0 124 214
1 U4
93 0 310 102
14 U4
93 0 575 159
93 0 297 103
93 0 309 213
93 0 129 85
93 0 584 270
93 0 504 238
93 0 326 190
93 0 271 279
93 0 89 296
93 0 537 206
93 0 366 59
93 0 33 292
93 0 103 122
93 0 444 56
3
539 292 213 121
243 350 458 214
189 317 428 195
