3
6
L1 197 0
U2 464 0
L3 75 0
U4 102 0
L5 244 0
U6 516 0
18
589 176
468 46
377 330
360 172
326 43
439 254
154 202
510 288
358 330
472 104
307 210
296 169
511 303
120 222
240 47
470 64
288 169
220 276
1 L1
22 L1
52 275 197 0
58 176 197 0
227 323 197 0
453 173 197 0
48 236 197 0
235 241 197 0
573 54 197 0
213 286 197 0
374 194 197 0
354 273 197 0
387 263 197 0
510 133 197 0
0 151 197 0
443 259 197 0
358 210 197 0
416 132 197 0
339 322 197 0
519 132 197 0
547 349 197 0
48 270 197 0
275 194 197 0
593 260 197 0
1 L3
22 L3
231 166 75 0
1 281 75 0
349 210 75 0
245 122 75 0
439 208 75 0
466 206 75 0
201 149 75 0
311 173 75 0
522 234 75 0
0 195 75 0
30 140 75 0
308 338 75 0
399 131 75 0
275 179 75 0
287 244 75 0
358 137 75 0
145 163 75 0
323 318 75 0
466 50 75 0
164 56 75 0
213 88 75 0
573 105 75 0
1 L5
22 L5
535 176 244 0
524 286 244 0
372 197 244 0
566 190 244 0
290 263 244 0
194 60 244 0
565 201 244 0
150 53 244 0
563 256 244 0
78 75 244 0
14 127 244 0
471 296 244 0
98 194 244 0
95 294 244 0
488 214 244 0
31 278 244 0
494 339 244 0
499 250 244 0
98 206 244 0
349 266 244 0
57 311 244 0
159 271 244 0
1 U2
464 0 225 296
22 U2
464 0 199 196
464 0 481 260
464 0 357 198
464 0 457 261
464 0 166 299
464 0 101 344
464 0 436 172
464 0 500 104
464 0 106 51
464 0 351 123
464 0 235 84
464 0 18 155
464 0 61 220
464 0 374 303
464 0 341 343
464 0 71 255
464 0 410 55
464 0 544 201
464 0 409 317
464 0 122 320
464 0 67 236
464 0 231 224
1 U4
102 0 55 345
22 U4
102 0 352 180
102 0 304 211
102 0 315 65
102 0 526 234
102 0 532 339
102 0 189 182
102 0 91 315
102 0 180 67
102 0 577 214
102 0 309 349
102 0 105 125
102 0 66 241
102 0 16 126
102 0 261 56
102 0 225 117
102 0 19 318
102 0 0 144
102 0 303 260
102 0 560 269
102 0 286 94
102 0 557 228
102 0 314 166
1 U6
516 0 272 235
22 U6
516 0 323 250
516 0 559 210
516 0 373 313
516 0 216 147
516 0 552 267
516 0 438 325
516 0 294 244
516 0 132 295
516 0 466 191
516 0 488 305
516 0 561 346
516 0 580 155
516 0 205 191
516 0 342 58
516 0 477 304
516 0 403 122
516 0 319 117
516 0 2 336
516 0 27 123
516 0 358 84
516 0 252 80
516 0 536 279
7
52 275 448 280
231 166 305 292
535 176 537 175
58 176 329 90
1 281 112 300
524 286 61 65
227 323 135 193
