4
4
L1 556 0
U2 205 0
L3 381 0
U4 61 0
12
372 341
6 93
561 268
264 19
427 155
464 21
132 93
537 298
320 34
246 288
593 200
38 181
2 L1
18 L1
238 275 556 0
245 110 556 0
329 307 556 0
411 320 556 0
310 228 556 0
156 122 556 0
300 175 556 0
112 267 556 0
399 123 556 0
468 267 556 0
188 116 556 0
296 199 556 0
260 270 556 0
431 232 556 0
470 92 556 0
83 110 556 0
381 129 556 0
381 274 556 0
2 L3
18 L3
317 201 381 0
451 128 381 0
286 256 381 0
226 168 381 0
166 292 381 0
35 188 381 0
339 212 381 0
470 74 381 0
172 281 381 0
484 252 381 0
504 94 381 0
277 234 381 0
481 104 381 0
387 170 381 0
213 295 381 0
3 298 381 0
496 249 381 0
261 70 381 0
2 U2
205 0 159 134
205 0 487 115
18 U2
205 0 446 61
205 0 210 143
205 0 289 312
205 0 5 292
205 0 527 151
205 0 2 88
205 0 502 251
205 0 90 302
205 0 234 317
205 0 158 275
205 0 295 166
205 0 34 53
205 0 382 220
205 0 376 124
205 0 104 209
205 0 48 208
205 0 46 171
205 0 511 307
2 U4
61 0 189 75
61 0 273 294
18 U4
61 0 386 259
61 0 80 230
61 0 36 99
61 0 249 118
61 0 153 257
61 0 26 84
61 0 429 168
61 0 246 327
61 0 282 226
61 0 395 142
61 0 114 80
61 0 9 78
61 0 113 275
61 0 572 272
61 0 551 234
61 0 550 110
61 0 569 161
61 0 389 284
4
238 275 380 209
317 201 500 227
245 110 96 236
451 128 96 349
