3
6
L1 594 0
U2 450 0
L3 130 0
U4 99 0
L5 261 0
U6 113 0
30
261 190
300 330
588 307
15 218
402 118
301 285
378 178
231 268
361 48
385 58
582 121
227 253
197 120
306 105
176 257
175 347
589 303
351 293
148 177
69 14
97 290
75 244
408 125
465 132
396 79
235 195
108 201
176 215
337 213
162 9
1 L1
22 L1
465 131 594 0
398 141 594 0
303 177 594 0
183 145 594 0
316 308 594 0
558 223 594 0
365 112 594 0
44 250 594 0
20 162 594 0
15 291 594 0
542 112 594 0
560 164 594 0
599 286 594 0
94 284 594 0
488 234 594 0
534 284 594 0
2 306 594 0
508 235 594 0
377 143 594 0
24 206 594 0
515 299 594 0
152 99 594 0
1 L3
22 L3
587 223 130 0
186 87 130 0
12 255 130 0
554 165 130 0
582 319 130 0
276 114 130 0
565 90 130 0
131 96 130 0
344 213 130 0
255 141 130 0
232 234 130 0
391 255 130 0
318 218 130 0
454 322 130 0
310 82 130 0
83 230 130 0
407 73 130 0
121 111 130 0
187 128 130 0
550 95 130 0
136 91 130 0
293 273 130 0
1 L5
22 L5
268 176 261 0
134 264 261 0
22 289 261 0
397 97 261 0
301 234 261 0
438 184 261 0
465 329 261 0
594 291 261 0
556 165 261 0
553 232 261 0
278 105 261 0
387 242 261 0
342 117 261 0
391 237 261 0
568 161 261 0
133 260 261 0
216 155 261 0
7 58 261 0
373 237 261 0
225 345 261 0
591 204 261 0
441 282 261 0
1 U2
450 0 160 140
22 U2
450 0 464 291
450 0 29 294
450 0 466 208
450 0 57 209
450 0 276 200
450 0 209 67
450 0 579 111
450 0 99 290
450 0 119 129
450 0 105 252
450 0 1 308
450 0 391 110
450 0 314 181
450 0 327 135
450 0 153 198
450 0 149 222
450 0 52 251
450 0 492 179
450 0 163 340
450 0 209 128
450 0 327 171
450 0 19 308
1 U4
99 0 72 141
22 U4
99 0 510 225
99 0 233 209
99 0 186 188
99 0 313 313
99 0 528 120
99 0 161 139
99 0 236 77
99 0 237 127
99 0 62 95
99 0 76 161
99 0 279 219
99 0 31 346
99 0 111 96
99 0 584 276
99 0 445 156
99 0 385 274
99 0 463 344
99 0 61 57
99 0 188 54
99 0 194 54
99 0 303 142
99 0 383 281
1 U6
113 0 296 239
22 U6
113 0 554 107
113 0 324 288
113 0 515 82
113 0 195 221
113 0 37 221
113 0 57 236
113 0 356 135
113 0 509 264
113 0 88 91
113 0 361 123
113 0 234 176
113 0 21 54
113 0 126 296
113 0 229 324
113 0 572 167
113 0 478 264
113 0 128 248
113 0 567 68
113 0 52 178
113 0 533 283
113 0 499 190
113 0 354 187
14
465 131 553 125
587 223 564 57
268 176 190 149
398 141 540 94
186 87 478 79
134 264 187 326
303 177 566 214
12 255 536 270
22 289 360 293
183 145 125 51
554 165 570 319
397 97 569 203
316 308 286 148
582 319 240 288
