5
5
L1 301 0
U2 440 0
L3 122 0
U4 294 0
L5 140 0
15
336 34
221 47
374 332
145 9
144 201
16 228
357 335
145 102
10 275
263 350
592 205
288 199
267 58
220 320
256 333
2 L1
18 L1
335 237 301 0
496 254 301 0
184 160 301 0
476 338 301 0
578 289 301 0
169 187 301 0
93 300 301 0
59 314 301 0
162 284 301 0
106 190 301 0
93 195 301 0
566 205 301 0
146 217 301 0
144 122 301 0
432 156 301 0
223 311 301 0
232 302 301 0
266 343 301 0
2 L3
18 L3
570 182 122 0
146 272 122 0
596 231 122 0
595 344 122 0
58 57 122 0
268 191 122 0
381 293 122 0
419 128 122 0
174 262 122 0
596 75 122 0
96 214 122 0
504 97 122 0
144 202 122 0
301 300 122 0
83 155 122 0
423 293 122 0
469 128 122 0
415 290 122 0
2 L5
18 L5
544 93 140 0
94 269 140 0
433 268 140 0
50 337 140 0
596 179 140 0
45 210 140 0
194 307 140 0
169 109 140 0
367 160 140 0
100 270 140 0
283 185 140 0
567 51 140 0
574 104 140 0
471 170 140 0
32 172 140 0
499 182 140 0
32 255 140 0
31 84 140 0
2 U2
440 0 109 73
440 0 110 121
18 U2
440 0 433 239
440 0 93 171
440 0 259 64
440 0 424 261
440 0 76 215
440 0 469 96
440 0 220 119
440 0 237 184
440 0 121 333
440 0 346 331
440 0 474 62
440 0 485 243
440 0 200 81
440 0 99 292
440 0 57 252
440 0 363 217
440 0 457 326
440 0 478 170
2 U4
294 0 371 127
294 0 151 175
18 U4
294 0 11 98
294 0 265 113
294 0 112 302
294 0 469 93
294 0 184 118
294 0 568 172
294 0 389 184
294 0 77 129
294 0 120 254
294 0 146 267
294 0 128 54
294 0 534 181
294 0 422 234
294 0 278 315
294 0 139 187
294 0 3 228
294 0 206 96
294 0 483 65
9
335 237 308 127
570 182 113 115
544 93 212 280
496 254 88 98
146 272 462 102
94 269 513 249
184 160 261 266
596 231 314 252
433 268 192 325
