5
3
L1 326 0
U2 49 0
L3 515 0
12
314 276
123 205
59 275
548 41
88 212
170 224
81 47
353 146
408 137
585 324
386 302
334 47
2 L1
22 L1
152 331 326 0
156 123 326 0
267 275 326 0
0 347 326 0
274 244 326 0
557 76 326 0
588 71 326 0
97 259 326 0
346 171 326 0
200 158 326 0
416 242 326 0
122 312 326 0
78 239 326 0
448 126 326 0
522 56 326 0
310 232 326 0
88 88 326 0
152 336 326 0
409 158 326 0
286 206 326 0
554 299 326 0
419 186 326 0
2 L3
22 L3
326 138 515 0
438 275 515 0
181 129 515 0
512 145 515 0
598 140 515 0
280 281 515 0
115 344 515 0
433 254 515 0
382 127 515 0
343 242 515 0
275 319 515 0
434 161 515 0
223 128 515 0
485 340 515 0
189 342 515 0
283 295 515 0
276 144 515 0
348 186 515 0
414 56 515 0
55 264 515 0
72 238 515 0
72 232 515 0
2 U2
49 0 172 103
49 0 346 212
22 U2
49 0 553 286
49 0 255 153
49 0 533 238
49 0 321 70
49 0 145 231
49 0 337 299
49 0 5 289
49 0 103 183
49 0 114 281
49 0 296 303
49 0 81 328
49 0 228 219
49 0 90 78
49 0 80 287
49 0 486 81
49 0 313 87
49 0 214 341
49 0 343 85
49 0 235 107
49 0 410 246
49 0 371 206
49 0 543 224
4
152 331 133 214
326 138 365 63
156 123 373 252
438 275 590 256
