3
4
L1 36 0
U2 371 0
L3 544 0
U4 20 0
20
45 138
165 237
160 255
170 279
195 31
208 178
426 217
538 31
243 208
596 345
168 168
65 25
329 260
96 141
269 300
506 222
210 341
32 283
595 315
98 171
1 L1
10 L1
442 110 36 0
99 341 36 0
304 331 36 0
187 139 36 0
105 225 36 0
318 153 36 0
74 260 36 0
420 73 36 0
206 308 36 0
477 116 36 0
1 L3
10 L3
30 325 544 0
401 142 544 0
554 210 544 0
550 149 544 0
381 157 544 0
327 153 544 0
80 160 544 0
464 271 544 0
64 336 544 0
444 256 544 0
1 U2
371 0 415 138
10 U2
371 0 365 179
371 0 339 345
371 0 242 126
371 0 551 346
371 0 170 293
371 0 448 90
371 0 219 95
371 0 53 214
371 0 519 168
371 0 564 216
1 U4
20 0 413 65
10 U4
20 0 139 125
20 0 530 266
20 0 86 215
20 0 95 52
20 0 46 343
20 0 467 149
20 0 544 305
20 0 333 184
20 0 311 105
20 0 592 99
6
442 110 159 102
30 325 496 337
99 341 415 296
401 142 25 302
304 331 32 290
554 210 483 344
