3
5
L1 346 0
U2 254 0
L3 104 0
U4 470 0
L5 587 0
20
65 321
232 243
146 107
55 28
376 93
56 338
181 258
162 62
26 107
385 221
307 323
14 139
459 57
82 99
354 73
555 239
586 140
594 49
420 312
597 189
1 L1
22 L1
197 277 346 0
422 275 346 0
230 197 346 0
417 75 346 0
50 155 346 0
84 99 346 0
38 315 346 0
294 336 346 0
289 223 346 0
47 103 346 0
384 249 346 0
549 344 346 0
168 90 346 0
271 307 346 0
347 331 346 0
132 313 346 0
229 96 346 0
204 277 346 0
151 347 346 0
432 66 346 0
161 202 346 0
317 96 346 0
1 L3
22 L3
390 313 104 0
456 158 104 0
127 283 104 0
65 214 104 0
411 324 104 0
346 124 104 0
410 71 104 0
567 183 104 0
176 161 104 0
452 107 104 0
216 155 104 0
75 310 104 0
598 90 104 0
413 111 104 0
314 331 104 0
566 209 104 0
16 169 104 0
277 320 104 0
170 131 104 0
452 274 104 0
190 292 104 0
412 266 104 0
1 L5
22 L5
384 135 587 0
424 97 587 0
152 221 587 0
40 324 587 0
382 89 587 0
278 50 587 0
192 223 587 0
105 183 587 0
136 142 587 0
366 244 587 0
278 349 587 0
415 116 587 0
519 290 587 0
149 230 587 0
444 225 587 0
388 232 587 0
536 58 587 0
489 129 587 0
285 250 587 0
302 325 587 0
435 196 587 0
134 337 587 0
1 U2
254 0 242 131
22 U2
254 0 465 69
254 0 60 314
254 0 162 51
254 0 244 122
254 0 330 162
254 0 462 315
254 0 449 84
254 0 352 201
254 0 559 58
254 0 450 310
254 0 322 88
254 0 429 318
254 0 166 336
254 0 211 312
254 0 428 94
254 0 102 82
254 0 574 77
254 0 240 321
254 0 138 207
254 0 493 198
254 0 337 273
254 0 597 175
1 U4
470 0 556 114
22 U4
470 0 526 296
470 0 475 296
470 0 477 151
470 0 105 116
470 0 492 215
470 0 148 127
470 0 417 87
470 0 563 55
470 0 400 175
470 0 126 192
470 0 203 144
470 0 454 282
470 0 524 125
470 0 392 274
470 0 285 284
470 0 584 313
470 0 588 265
470 0 531 54
470 0 521 253
470 0 86 186
470 0 481 321
470 0 421 70
6
197 277 563 342
390 313 118 152
384 135 178 58
422 275 318 178
456 158 472 253
424 97 147 325
