4
3
L1 167 0
U2 423 0
L3 75 0
9
464 261
449 136
295 87
390 319
488 239
336 206
179 154
283 300
541 239
2 L1
10 L1
191 286 167 0
169 202 167 0
135 195 167 0
13 134 167 0
13 222 167 0
406 242 167 0
467 307 167 0
384 123 167 0
499 138 167 0
379 228 167 0
2 L3
10 L3
598 96 75 0
40 175 75 0
363 178 75 0
303 128 75 0
142 325 75 0
483 344 75 0
249 218 75 0
90 254 75 0
124 272 75 0
318 326 75 0
2 U2
423 0 306 163
423 0 585 245
10 U2
423 0 303 251
423 0 348 107
423 0 27 287
423 0 527 228
423 0 169 315
423 0 195 190
423 0 55 262
423 0 167 287
423 0 120 343
423 0 114 259
2
191 286 556 50
598 96 77 214
