3
5
L1 493 0
U2 306 0
L3 341 0
U4 242 0
L5 326 0
15
596 258
223 157
173 230
498 57
226 71
9 128
549 340
69 308
334 100
243 215
582 309
396 264
540 289
46 48
594 204
1 L1
18 L1
238 225 493 0
126 106 493 0
549 133 493 0
319 179 493 0
3 258 493 0
2 218 493 0
544 216 493 0
490 296 493 0
227 338 493 0
332 80 493 0
4 326 493 0
409 246 493 0
318 347 493 0
480 210 493 0
210 104 493 0
68 64 493 0
369 77 493 0
343 149 493 0
1 L3
18 L3
260 62 341 0
8 220 341 0
371 239 341 0
544 73 341 0
306 197 341 0
438 101 341 0
40 233 341 0
590 246 341 0
436 191 341 0
176 53 341 0
319 202 341 0
160 207 341 0
329 241 341 0
268 130 341 0
478 188 341 0
544 178 341 0
391 275 341 0
71 343 341 0
1 L5
18 L5
415 287 326 0
193 195 326 0
437 273 326 0
186 194 326 0
592 273 326 0
245 222 326 0
29 120 326 0
477 258 326 0
562 145 326 0
549 156 326 0
453 233 326 0
140 160 326 0
257 100 326 0
553 332 326 0
404 285 326 0
25 175 326 0
245 95 326 0
503 307 326 0
1 U2
306 0 141 297
18 U2
306 0 49 81
306 0 12 231
306 0 388 116
306 0 504 270
306 0 310 290
306 0 578 221
306 0 553 179
306 0 499 81
306 0 66 184
306 0 275 259
306 0 543 116
306 0 338 313
306 0 52 331
306 0 62 241
306 0 365 203
306 0 189 241
306 0 164 124
306 0 214 175
1 U4
242 0 107 322
18 U4
242 0 418 212
242 0 34 241
242 0 305 109
242 0 17 251
242 0 445 156
242 0 473 312
242 0 373 259
242 0 244 289
242 0 238 345
242 0 491 218
242 0 404 202
242 0 282 145
242 0 19 61
242 0 64 330
242 0 376 164
242 0 423 300
242 0 57 286
242 0 290 180
5
238 225 530 158
260 62 114 100
415 287 480 51
126 106 366 191
8 220 560 265
