5
6
L1 67 0
U2 425 0
L3 295 0
U4 342 0
L5 416 0
U6 241 0
24
223 349
167 234
253 333
259 183
38 27
219 36
65 119
228 168
486 122
90 49
453 264
530 43
528 282
406 217
240 43
6 189
294 169
552 330
326 144
402 168
6 304
14 196
372 314
16 198
2 L1
22 L1
246 72 67 0
399 211 67 0
204 221 67 0
290 118 67 0
153 158 67 0
293 327 67 0
349 74 67 0
516 121 67 0
36 259 67 0
553 227 67 0
485 107 67 0
549 308 67 0
301 275 67 0
83 127 67 0
160 208 67 0
419 228 67 0
329 181 67 0
474 281 67 0
469 287 67 0
148 246 67 0
588 116 67 0
152 102 67 0
2 L3
22 L3
69 94 295 0
49 247 295 0
335 238 295 0
161 317 295 0
276 339 295 0
45 338 295 0
291 248 295 0
148 189 295 0
492 111 295 0
216 223 295 0
94 177 295 0
575 238 295 0
424 217 295 0
40 92 295 0
506 271 295 0
487 122 295 0
260 53 295 0
225 264 295 0
479 167 295 0
471 165 295 0
240 123 295 0
492 106 295 0
2 L5
22 L5
14 200 416 0
54 143 416 0
153 78 416 0
538 136 416 0
476 314 416 0
488 164 416 0
58 50 416 0
95 183 416 0
208 91 416 0
341 120 416 0
256 271 416 0
4 289 416 0
21 108 416 0
279 253 416 0
369 316 416 0
464 198 416 0
399 80 416 0
478 278 416 0
345 155 416 0
127 334 416 0
62 223 416 0
497 323 416 0
2 U2
425 0 507 67
425 0 86 241
22 U2
425 0 121 296
425 0 164 313
425 0 4 348
425 0 238 175
425 0 178 216
425 0 115 141
425 0 112 99
425 0 42 184
425 0 136 195
425 0 54 214
425 0 285 77
425 0 200 289
425 0 535 264
425 0 525 224
425 0 517 205
425 0 550 120
425 0 317 174
425 0 562 113
425 0 397 306
425 0 82 229
425 0 510 106
425 0 0 50
2 U4
342 0 227 113
342 0 204 105
22 U4
342 0 362 273
342 0 546 275
342 0 449 349
342 0 272 228
342 0 208 85
342 0 125 107
342 0 369 106
342 0 425 175
342 0 386 348
342 0 253 316
342 0 2 105
342 0 226 118
342 0 246 201
342 0 18 204
342 0 190 51
342 0 352 335
342 0 348 150
342 0 314 184
342 0 336 269
342 0 191 180
342 0 338 71
342 0 20 80
2 U6
241 0 472 264
241 0 573 292
22 U6
241 0 255 148
241 0 473 87
241 0 501 94
241 0 240 221
241 0 112 174
241 0 228 198
241 0 552 291
241 0 399 191
241 0 444 117
241 0 205 79
241 0 282 175
241 0 233 250
241 0 540 248
241 0 591 189
241 0 42 190
241 0 36 145
241 0 527 162
241 0 204 196
241 0 437 184
241 0 364 251
241 0 508 275
241 0 432 157
7
246 72 543 291
69 94 18 194
14 200 395 323
399 211 285 232
49 247 517 85
54 143 188 187
204 221 309 103
