5
3
L1 41 0
U2 481 0
L3 454 0
15
48 179
3 228
493 82
256 341
11 190
31 152
597 84
316 189
151 202
400 179
319 5
383 105
175 343
359 86
243 128
2 L1
22 L1
330 149 41 0
193 294 41 0
428 180 41 0
552 128 41 0
388 293 41 0
449 184 41 0
334 250 41 0
291 110 41 0
2 189 41 0
169 52 41 0
318 142 41 0
46 59 41 0
77 224 41 0
272 131 41 0
457 308 41 0
517 193 41 0
251 279 41 0
11 335 41 0
14 62 41 0
551 82 41 0
579 261 41 0
151 136 41 0
2 L3
22 L3
175 245 454 0
195 255 454 0
2 350 454 0
578 133 454 0
332 212 454 0
257 254 454 0
454 350 454 0
95 158 454 0
380 303 454 0
430 114 454 0
112 173 454 0
8 337 454 0
351 122 454 0
542 140 454 0
518 224 454 0
262 246 454 0
401 311 454 0
180 157 454 0
303 106 454 0
422 72 454 0
112 213 454 0
504 166 454 0
2 U2
481 0 592 55
481 0 540 276
22 U2
481 0 198 117
481 0 594 347
481 0 338 271
481 0 392 296
481 0 233 246
481 0 157 131
481 0 458 79
481 0 256 148
481 0 86 246
481 0 574 77
481 0 433 160
481 0 52 187
481 0 346 210
481 0 282 295
481 0 87 261
481 0 338 88
481 0 59 207
481 0 451 251
481 0 192 100
481 0 291 61
481 0 581 206
481 0 31 341
10
330 149 42 193
175 245 162 239
193 294 457 62
195 255 569 239
428 180 34 308
2 350 246 233
552 128 192 273
578 133 150 184
388 293 374 75
332 212 324 260
