3
6
L1 65 0
U2 416 0
L3 599 0
U4 383 0
L5 84 0
U6 11 0
18
355 33
114 59
103 294
450 61
90 188
539 294
303 216
71 58
276 258
224 61
296 48
573 161
255 211
181 47
193 325
149 201
59 342
45 316
1 L1
14 L1
424 330 65 0
383 152 65 0
227 60 65 0
457 182 65 0
65 98 65 0
583 169 65 0
327 227 65 0
529 350 65 0
334 56 65 0
174 62 65 0
368 239 65 0
73 134 65 0
548 248 65 0
63 214 65 0
1 L3
14 L3
292 224 599 0
471 297 599 0
404 109 599 0
564 271 599 0
164 343 599 0
272 156 599 0
352 54 599 0
280 336 599 0
409 214 599 0
14 238 599 0
284 128 599 0
289 281 599 0
370 341 599 0
161 130 599 0
1 L5
14 L5
516 103 84 0
193 72 84 0
178 166 84 0
338 97 84 0
507 195 84 0
220 329 84 0
143 121 84 0
224 329 84 0
90 217 84 0
588 309 84 0
183 75 84 0
21 177 84 0
152 336 84 0
479 305 84 0
1 U2
416 0 208 186
14 U2
416 0 565 119
416 0 372 316
416 0 527 112
416 0 573 194
416 0 399 343
416 0 347 237
416 0 6 60
416 0 523 56
416 0 554 197
416 0 499 313
416 0 24 161
416 0 500 129
416 0 107 338
416 0 185 131
1 U4
383 0 112 275
14 U4
383 0 149 108
383 0 481 172
383 0 87 295
383 0 72 320
383 0 583 131
383 0 7 208
383 0 216 148
383 0 358 297
383 0 531 94
383 0 526 106
383 0 542 342
383 0 492 116
383 0 582 81
383 0 471 176
1 U6
11 0 106 236
14 U6
11 0 120 330
11 0 102 85
11 0 422 221
11 0 66 350
11 0 413 312
11 0 451 256
11 0 155 205
11 0 179 173
11 0 288 110
11 0 380 126
11 0 412 119
11 0 290 343
11 0 172 116
11 0 30 162
9
424 330 565 173
292 224 472 293
516 103 349 192
383 152 63 233
471 297 199 144
193 72 16 115
227 60 109 200
404 109 337 317
178 166 575 245
