5
3
L1 269 0
U2 30 0
L3 391 0
15
167 153
495 194
200 85
46 318
504 318
126 227
434 242
297 325
571 258
72 198
460 85
422 0
217 342
339 263
58 178
2 L1
18 L1
451 192 269 0
489 259 269 0
484 136 269 0
400 163 269 0
6 253 269 0
90 242 269 0
339 54 269 0
396 122 269 0
441 290 269 0
146 65 269 0
555 242 269 0
55 313 269 0
174 302 269 0
109 325 269 0
207 66 269 0
513 163 269 0
387 244 269 0
267 219 269 0
2 L3
18 L3
429 306 391 0
336 263 391 0
46 317 391 0
349 318 391 0
198 188 391 0
406 289 391 0
418 57 391 0
391 337 391 0
301 281 391 0
485 51 391 0
389 69 391 0
220 139 391 0
363 59 391 0
251 88 391 0
555 328 391 0
326 192 391 0
174 212 391 0
92 141 391 0
2 U2
30 0 337 153
30 0 581 302
18 U2
30 0 91 168
30 0 112 169
30 0 63 159
30 0 473 71
30 0 388 71
30 0 452 213
30 0 485 336
30 0 100 114
30 0 371 322
30 0 553 71
30 0 420 198
30 0 512 252
30 0 466 272
30 0 515 160
30 0 400 183
30 0 325 180
30 0 497 107
30 0 35 110
3
451 192 2 257
429 306 144 312
489 259 502 271
