5
4
L1 330 0
U2 461 0
L3 28 0
U4 375 0
20
178 108
282 179
488 151
568 141
110 47
114 281
24 330
402 160
333 162
270 172
380 170
341 254
153 57
107 42
454 109
294 56
535 6
559 7
301 30
402 159
2 L1
10 L1
521 321 330 0
85 255 330 0
382 80 330 0
269 167 330 0
585 168 330 0
98 60 330 0
94 342 330 0
446 164 330 0
371 195 330 0
495 113 330 0
2 L3
10 L3
344 268 28 0
272 222 28 0
562 127 28 0
136 240 28 0
299 277 28 0
141 80 28 0
247 280 28 0
411 128 28 0
461 71 28 0
20 59 28 0
2 U2
461 0 101 235
461 0 478 73
10 U2
461 0 407 91
461 0 44 117
461 0 268 200
461 0 525 261
461 0 520 344
461 0 311 53
461 0 299 131
461 0 498 144
461 0 261 192
461 0 118 197
2 U4
375 0 179 266
375 0 438 163
10 U4
375 0 166 202
375 0 417 177
375 0 524 60
375 0 177 306
375 0 197 132
375 0 17 201
375 0 436 245
375 0 533 271
375 0 474 61
375 0 349 333
4
521 321 191 175
344 268 44 252
85 255 341 146
272 222 368 84
