4
6
L1 77 0
U2 170 0
L3 544 0
U4 303 0
L5 77 0
U6 418 0
18
220 97
191 33
567 235
172 127
556 245
196 25
491 62
71 47
498 300
364 12
423 293
400 20
285 15
585 179
290 214
596 246
40 105
225 255
2 L1
18 L1
305 104 77 0
428 124 77 0
505 167 77 0
383 269 77 0
369 210 77 0
17 188 77 0
104 130 77 0
357 279 77 0
91 170 77 0
574 218 77 0
44 90 77 0
103 160 77 0
240 171 77 0
385 195 77 0
278 82 77 0
105 302 77 0
306 95 77 0
217 218 77 0
2 L3
18 L3
462 66 544 0
557 67 544 0
270 312 544 0
90 182 544 0
339 186 544 0
295 107 544 0
349 162 544 0
151 150 544 0
246 343 544 0
208 74 544 0
422 289 544 0
18 182 544 0
268 50 544 0
170 226 544 0
194 216 544 0
340 339 544 0
366 310 544 0
365 220 544 0
2 L5
18 L5
332 289 77 0
184 139 77 0
411 282 77 0
219 347 77 0
538 329 77 0
164 81 77 0
393 335 77 0
133 203 77 0
416 267 77 0
218 156 77 0
303 167 77 0
25 105 77 0
430 190 77 0
206 185 77 0
389 200 77 0
411 110 77 0
590 51 77 0
471 319 77 0
2 U2
170 0 544 183
170 0 599 243
18 U2
170 0 501 118
170 0 101 191
170 0 504 326
170 0 66 247
170 0 480 124
170 0 74 310
170 0 597 256
170 0 393 164
170 0 150 196
170 0 427 117
170 0 596 193
170 0 282 333
170 0 454 130
170 0 107 91
170 0 86 88
170 0 102 162
170 0 20 148
170 0 380 113
2 U4
303 0 567 56
303 0 319 186
18 U4
303 0 571 249
303 0 334 122
303 0 395 182
303 0 126 93
303 0 414 281
303 0 598 263
303 0 162 238
303 0 498 203
303 0 484 276
303 0 535 222
303 0 573 247
303 0 125 311
303 0 442 93
303 0 192 102
303 0 167 239
303 0 383 139
303 0 520 302
303 0 80 292
2 U6
418 0 494 189
418 0 300 214
18 U6
418 0 496 168
418 0 71 63
418 0 18 320
418 0 386 51
418 0 65 229
418 0 375 208
418 0 240 345
418 0 295 272
418 0 495 154
418 0 257 150
418 0 560 328
418 0 341 223
418 0 215 100
418 0 15 99
418 0 538 63
418 0 42 104
418 0 137 99
418 0 144 98
11
305 104 92 65
462 66 577 321
332 289 325 165
428 124 258 131
557 67 155 241
184 139 167 343
505 167 190 321
270 312 343 91
411 282 477 215
383 269 443 86
90 182 226 195
