5
4
L1 164 0
U2 90 0
L3 277 0
U4 484 0
12
306 132
361 269
74 332
599 346
29 160
53 17
322 347
150 186
67 193
345 230
127 44
58 230
2 L1
18 L1
293 320 164 0
407 190 164 0
508 66 164 0
105 276 164 0
44 114 164 0
43 333 164 0
161 215 164 0
590 314 164 0
209 122 164 0
377 262 164 0
265 119 164 0
157 304 164 0
21 88 164 0
403 106 164 0
425 81 164 0
323 244 164 0
162 273 164 0
212 120 164 0
2 L3
18 L3
530 176 277 0
234 115 277 0
301 275 277 0
178 96 277 0
502 71 277 0
395 240 277 0
227 123 277 0
580 335 277 0
419 183 277 0
27 60 277 0
75 117 277 0
150 142 277 0
98 184 277 0
194 255 277 0
156 271 277 0
264 220 277 0
393 299 277 0
332 122 277 0
2 U2
90 0 239 130
90 0 85 254
18 U2
90 0 195 265
90 0 313 168
90 0 469 243
90 0 411 154
90 0 430 131
90 0 130 224
90 0 539 174
90 0 79 83
90 0 296 64
90 0 192 293
90 0 231 296
90 0 142 104
90 0 247 139
90 0 101 198
90 0 436 177
90 0 276 102
90 0 125 155
90 0 200 167
2 U4
484 0 471 260
484 0 433 269
18 U4
484 0 391 123
484 0 349 256
484 0 536 181
484 0 313 143
484 0 491 142
484 0 196 176
484 0 66 208
484 0 312 296
484 0 58 94
484 0 192 99
484 0 529 289
484 0 329 326
484 0 541 298
484 0 288 211
484 0 342 350
484 0 569 329
484 0 410 333
484 0 342 261
4
293 320 352 198
530 176 95 271
407 190 75 56
234 115 229 54
