5
6
L1 342 0
U2 557 0
L3 359 0
U4 518 0
L5 158 0
U6 291 0
24
287 237
190 145
527 196
387 292
582 299
3 143
428 168
135 31
456 11
487 109
404 243
146 126
553 72
21 17
244 44
244 33
262 194
451 161
45 294
331 32
552 114
349 135
368 344
326 111
2 L1
22 L1
178 320 342 0
156 82 342 0
363 167 342 0
567 120 342 0
130 250 342 0
57 148 342 0
221 61 342 0
132 189 342 0
190 238 342 0
353 139 342 0
252 55 342 0
517 141 342 0
118 120 342 0
193 109 342 0
365 64 342 0
398 246 342 0
598 151 342 0
98 65 342 0
99 283 342 0
439 349 342 0
478 318 342 0
17 249 342 0
2 L3
22 L3
350 184 359 0
304 137 359 0
600 250 359 0
86 166 359 0
133 170 359 0
365 198 359 0
13 260 359 0
118 72 359 0
108 146 359 0
99 184 359 0
390 95 359 0
78 137 359 0
486 92 359 0
521 153 359 0
136 137 359 0
69 84 359 0
353 171 359 0
60 244 359 0
224 342 359 0
105 226 359 0
139 130 359 0
59 343 359 0
2 L5
22 L5
440 322 158 0
589 325 158 0
435 228 158 0
145 323 158 0
62 242 158 0
513 127 158 0
221 124 158 0
597 187 158 0
108 245 158 0
141 266 158 0
305 183 158 0
442 300 158 0
300 72 158 0
491 113 158 0
568 258 158 0
419 123 158 0
167 75 158 0
156 90 158 0
459 285 158 0
237 56 158 0
153 268 158 0
119 123 158 0
2 U2
557 0 266 193
557 0 131 143
22 U2
557 0 237 161
557 0 202 260
557 0 194 205
557 0 1 214
557 0 570 79
557 0 243 64
557 0 191 245
557 0 217 344
557 0 331 265
557 0 45 237
557 0 556 203
557 0 205 193
557 0 492 189
557 0 354 238
557 0 431 320
557 0 266 244
557 0 18 166
557 0 78 185
557 0 145 162
557 0 438 100
557 0 323 306
557 0 445 308
2 U4
518 0 190 333
518 0 368 147
22 U4
518 0 571 239
518 0 404 292
518 0 297 228
518 0 467 310
518 0 461 80
518 0 327 125
518 0 161 233
518 0 72 326
518 0 84 63
518 0 486 299
518 0 412 178
518 0 80 164
518 0 326 157
518 0 445 62
518 0 308 256
518 0 579 172
518 0 550 157
518 0 32 339
518 0 476 144
518 0 549 220
518 0 20 311
518 0 509 294
2 U6
291 0 560 151
291 0 135 270
22 U6
291 0 216 260
291 0 231 68
291 0 159 98
291 0 170 61
291 0 557 239
291 0 325 200
291 0 587 208
291 0 479 97
291 0 305 283
291 0 439 267
291 0 23 63
291 0 47 302
291 0 432 141
291 0 275 131
291 0 498 350
291 0 401 260
291 0 231 196
291 0 500 346
291 0 28 302
291 0 539 247
291 0 30 55
291 0 314 76
14
178 320 432 169
350 184 27 218
440 322 141 189
156 82 38 307
304 137 96 110
589 325 396 103
363 167 0 101
600 250 67 156
435 228 563 164
567 120 343 290
86 166 260 200
145 323 586 178
130 250 140 254
133 170 345 288
