5
4
L1 295 0
U2 224 0
L3 276 0
U4 238 0
12
133 181
351 70
365 176
336 90
60 73
173 82
214 275
357 302
400 176
574 314
497 301
235 266
2 L1
14 L1
58 68 295 0
53 344 295 0
23 85 295 0
503 129 295 0
53 295 295 0
356 323 295 0
216 349 295 0
511 194 295 0
493 282 295 0
535 56 295 0
130 240 295 0
49 50 295 0
445 84 295 0
358 145 295 0
2 L3
14 L3
24 316 276 0
157 101 276 0
461 139 276 0
48 51 276 0
13 86 276 0
247 311 276 0
228 57 276 0
38 98 276 0
439 346 276 0
81 246 276 0
502 250 276 0
546 246 276 0
217 225 276 0
388 297 276 0
2 U2
224 0 407 341
224 0 541 285
14 U2
224 0 417 331
224 0 557 118
224 0 138 192
224 0 258 95
224 0 238 229
224 0 578 269
224 0 151 159
224 0 198 77
224 0 260 146
224 0 289 201
224 0 442 54
224 0 85 71
224 0 20 302
224 0 321 110
2 U4
238 0 404 128
238 0 310 50
14 U4
238 0 38 273
238 0 538 268
238 0 243 258
238 0 572 68
238 0 100 334
238 0 549 107
238 0 176 345
238 0 559 198
238 0 91 313
238 0 9 350
238 0 25 199
238 0 194 164
238 0 81 336
238 0 448 147
9
58 68 456 92
24 316 584 206
53 344 251 126
157 101 521 95
23 85 175 108
461 139 42 211
503 129 26 208
48 51 426 123
53 295 464 230
