4
6
L1 261 0
U2 184 0
L3 371 0
U4 293 0
L5 255 0
U6 472 0
18
231 263
398 110
386 42
86 222
598 142
500 306
128 101
478 325
167 287
423 334
424 171
27 146
125 49
481 34
352 71
566 150
408 249
146 74
2 L1
18 L1
297 95 261 0
13 102 261 0
463 252 261 0
440 238 261 0
183 52 261 0
154 282 261 0
469 252 261 0
130 226 261 0
139 207 261 0
531 290 261 0
29 343 261 0
502 120 261 0
363 153 261 0
228 296 261 0
465 170 261 0
488 229 261 0
506 258 261 0
389 138 261 0
2 L3
18 L3
130 327 371 0
349 128 371 0
223 82 371 0
58 240 371 0
514 170 371 0
102 94 371 0
474 244 371 0
78 109 371 0
152 190 371 0
80 166 371 0
529 190 371 0
17 124 371 0
550 305 371 0
462 78 371 0
47 106 371 0
401 119 371 0
531 169 371 0
29 124 371 0
2 L5
18 L5
53 294 255 0
247 128 255 0
109 325 255 0
558 218 255 0
119 295 255 0
413 59 255 0
576 248 255 0
67 81 255 0
379 54 255 0
569 232 255 0
311 81 255 0
478 332 255 0
471 335 255 0
129 159 255 0
105 83 255 0
333 244 255 0
37 108 255 0
96 261 255 0
2 U2
184 0 265 175
184 0 536 110
18 U2
184 0 295 147
184 0 89 281
184 0 4 292
184 0 70 50
184 0 337 259
184 0 125 308
184 0 333 84
184 0 297 348
184 0 427 273
184 0 474 70
184 0 127 180
184 0 21 158
184 0 92 245
184 0 100 261
184 0 221 182
184 0 462 55
184 0 57 245
184 0 268 282
2 U4
293 0 314 248
293 0 291 337
18 U4
293 0 391 116
293 0 22 295
293 0 266 203
293 0 331 205
293 0 507 130
293 0 139 63
293 0 314 89
293 0 370 238
293 0 342 87
293 0 77 155
293 0 299 155
293 0 89 101
293 0 545 144
293 0 72 51
293 0 359 347
293 0 574 239
293 0 73 331
293 0 395 95
2 U6
472 0 307 168
472 0 263 156
18 U6
472 0 585 296
472 0 47 116
472 0 123 259
472 0 261 161
472 0 160 85
472 0 246 130
472 0 194 134
472 0 345 224
472 0 399 119
472 0 358 194
472 0 310 184
472 0 215 268
472 0 542 52
472 0 502 93
472 0 378 140
472 0 255 123
472 0 263 230
472 0 334 244
6
297 95 308 50
130 327 421 238
53 294 370 171
13 102 293 218
349 128 343 326
247 128 45 346
