4
5
L1 293 0
U2 192 0
L3 165 0
U4 573 0
L5 258 0
15
143 236
586 105
151 78
298 69
421 204
258 350
59 72
302 338
93 86
458 341
486 67
393 180
211 238
157 307
573 230
2 L1
10 L1
46 178 293 0
320 316 293 0
420 208 293 0
200 249 293 0
32 100 293 0
479 135 293 0
197 148 293 0
149 324 293 0
154 93 293 0
559 187 293 0
2 L3
10 L3
468 91 165 0
550 158 165 0
381 195 165 0
587 136 165 0
556 238 165 0
303 165 165 0
246 322 165 0
474 273 165 0
509 239 165 0
21 185 165 0
2 L5
10 L5
533 158 258 0
253 264 258 0
183 180 258 0
309 148 258 0
347 280 258 0
575 117 258 0
98 80 258 0
134 196 258 0
235 243 258 0
471 269 258 0
2 U2
192 0 220 249
192 0 35 208
10 U2
192 0 559 154
192 0 14 117
192 0 286 226
192 0 333 205
192 0 183 226
192 0 160 337
192 0 135 238
192 0 447 264
192 0 326 154
192 0 167 196
2 U4
573 0 438 304
573 0 329 209
10 U4
573 0 555 158
573 0 129 72
573 0 415 268
573 0 302 171
573 0 483 340
573 0 466 94
573 0 224 117
573 0 479 347
573 0 125 151
573 0 570 192
5
46 178 257 272
468 91 389 350
533 158 391 210
320 316 175 55
550 158 425 170
