5
3
L1 9 0
U2 341 0
L3 552 0
15
298 106
139 141
496 60
544 168
223 200
491 271
51 344
443 193
355 261
164 253
370 67
18 243
490 32
366 41
248 65
2 L1
14 L1
368 212 9 0
334 194 9 0
555 85 9 0
6 262 9 0
577 62 9 0
328 198 9 0
256 295 9 0
536 197 9 0
248 61 9 0
550 343 9 0
467 152 9 0
243 264 9 0
569 125 9 0
87 74 9 0
2 L3
14 L3
123 112 552 0
240 259 552 0
270 265 552 0
226 326 552 0
102 131 552 0
221 51 552 0
445 326 552 0
393 312 552 0
492 116 552 0
504 62 552 0
397 150 552 0
547 183 552 0
536 240 552 0
291 205 552 0
2 U2
341 0 188 343
341 0 180 308
14 U2
341 0 276 57
341 0 468 345
341 0 588 325
341 0 55 82
341 0 192 309
341 0 238 157
341 0 142 100
341 0 104 118
341 0 205 62
341 0 202 225
341 0 153 190
341 0 544 281
341 0 354 158
341 0 533 146
5
368 212 424 273
123 112 451 266
334 194 344 261
240 259 166 113
555 85 301 62
