4
4
L1 506 0
U2 467 0
L3 366 0
U4 357 0
20
195 2
351 302
67 53
535 19
39 39
590 52
38 320
142 121
568 187
173 230
287 80
136 228
308 156
77 241
504 338
69 5
189 149
519 262
541 105
389 265
2 L1
14 L1
128 231 506 0
423 323 506 0
548 247 506 0
97 135 506 0
591 124 506 0
249 253 506 0
376 261 506 0
374 243 506 0
73 100 506 0
583 203 506 0
353 227 506 0
289 233 506 0
573 328 506 0
157 89 506 0
2 L3
14 L3
191 169 366 0
37 254 366 0
225 230 366 0
206 310 366 0
509 219 366 0
517 154 366 0
513 332 366 0
516 73 366 0
71 241 366 0
172 305 366 0
82 225 366 0
182 203 366 0
115 275 366 0
117 233 366 0
2 U2
467 0 463 234
467 0 414 122
14 U2
467 0 13 102
467 0 397 248
467 0 303 280
467 0 134 177
467 0 107 335
467 0 268 94
467 0 154 63
467 0 423 172
467 0 69 187
467 0 97 108
467 0 131 200
467 0 141 142
467 0 237 187
467 0 470 217
2 U4
357 0 343 91
357 0 557 293
14 U4
357 0 224 342
357 0 297 164
357 0 195 292
357 0 480 51
357 0 353 88
357 0 387 342
357 0 248 294
357 0 370 118
357 0 518 57
357 0 458 191
357 0 177 141
357 0 141 234
357 0 103 198
357 0 451 140
3
128 231 74 164
191 169 402 139
423 323 559 60
