5
5
L1 333 0
U2 25 0
L3 232 0
U4 343 0
L5 447 0
15
308 169
257 70
296 42
190 35
180 226
209 338
330 117
596 70
52 4
273 238
280 153
295 81
7 254
115 325
91 159
2 L1
22 L1
448 335 333 0
102 161 333 0
49 336 333 0
586 143 333 0
569 58 333 0
204 349 333 0
499 58 333 0
444 252 333 0
99 291 333 0
351 197 333 0
266 207 333 0
252 94 333 0
386 71 333 0
216 208 333 0
553 133 333 0
127 231 333 0
357 151 333 0
382 248 333 0
550 110 333 0
462 185 333 0
469 172 333 0
583 222 333 0
2 L3
22 L3
14 322 232 0
217 191 232 0
526 200 232 0
342 341 232 0
599 170 232 0
116 293 232 0
363 149 232 0
572 216 232 0
544 260 232 0
386 254 232 0
361 95 232 0
349 78 232 0
111 175 232 0
181 239 232 0
327 101 232 0
91 329 232 0
516 125 232 0
90 78 232 0
133 111 232 0
268 120 232 0
598 60 232 0
285 194 232 0
2 L5
22 L5
447 169 447 0
198 66 447 0
255 174 447 0
549 184 447 0
0 160 447 0
316 303 447 0
63 229 447 0
38 136 447 0
456 235 447 0
574 84 447 0
156 328 447 0
400 327 447 0
531 71 447 0
394 70 447 0
414 86 447 0
259 273 447 0
31 174 447 0
482 58 447 0
70 347 447 0
192 330 447 0
273 167 447 0
144 93 447 0
2 U2
25 0 155 244
25 0 40 193
22 U2
25 0 213 216
25 0 455 335
25 0 113 348
25 0 150 173
25 0 596 75
25 0 297 66
25 0 333 247
25 0 518 291
25 0 237 224
25 0 125 127
25 0 176 309
25 0 453 232
25 0 198 273
25 0 489 282
25 0 375 120
25 0 594 84
25 0 339 324
25 0 187 277
25 0 234 222
25 0 292 102
25 0 317 323
25 0 329 253
2 U4
343 0 398 123
343 0 543 184
22 U4
343 0 241 244
343 0 405 265
343 0 104 304
343 0 94 117
343 0 495 326
343 0 337 136
343 0 427 190
343 0 383 271
343 0 58 63
343 0 112 329
343 0 80 258
343 0 260 222
343 0 576 266
343 0 482 127
343 0 227 249
343 0 106 122
343 0 571 302
343 0 378 312
343 0 79 225
343 0 510 131
343 0 499 77
343 0 228 250
17
448 335 448 157
14 322 172 317
447 169 197 277
102 161 425 151
217 191 104 265
198 66 519 55
49 336 25 135
526 200 512 273
255 174 487 210
586 143 531 218
342 341 178 113
549 184 63 312
569 58 57 207
599 170 446 152
0 160 397 286
204 349 582 113
116 293 550 197
