3
5
L1 408 0
U2 564 0
L3 590 0
U4 353 0
L5 403 0
15
427 344
3 44
434 314
166 12
543 119
136 283
66 187
38 262
65 145
556 22
491 60
497 216
293 31
519 272
283 249
1 L1
18 L1
491 144 408 0
107 100 408 0
557 338 408 0
422 320 408 0
468 255 408 0
579 119 408 0
269 99 408 0
330 347 408 0
37 187 408 0
116 122 408 0
467 213 408 0
123 279 408 0
269 287 408 0
564 72 408 0
228 185 408 0
45 280 408 0
548 143 408 0
89 278 408 0
1 L3
18 L3
63 145 590 0
207 82 590 0
31 230 590 0
419 289 590 0
411 74 590 0
261 243 590 0
445 55 590 0
212 321 590 0
510 265 590 0
290 288 590 0
411 167 590 0
550 215 590 0
373 215 590 0
446 81 590 0
488 81 590 0
337 273 590 0
490 190 590 0
222 166 590 0
1 L5
18 L5
7 61 403 0
521 230 403 0
142 144 403 0
483 156 403 0
21 329 403 0
344 349 403 0
364 197 403 0
104 117 403 0
488 241 403 0
51 294 403 0
17 94 403 0
483 227 403 0
426 327 403 0
375 117 403 0
269 121 403 0
530 281 403 0
450 81 403 0
400 344 403 0
1 U2
564 0 334 97
18 U2
564 0 600 162
564 0 581 257
564 0 420 323
564 0 235 250
564 0 439 205
564 0 567 253
564 0 94 108
564 0 156 349
564 0 274 198
564 0 45 298
564 0 137 70
564 0 263 96
564 0 139 250
564 0 407 327
564 0 470 132
564 0 421 131
564 0 265 345
564 0 182 342
1 U4
353 0 401 207
18 U4
353 0 352 228
353 0 288 244
353 0 318 134
353 0 323 320
353 0 357 55
353 0 530 148
353 0 330 62
353 0 59 181
353 0 7 215
353 0 536 173
353 0 277 98
353 0 119 287
353 0 196 79
353 0 151 173
353 0 185 186
353 0 161 156
353 0 574 97
353 0 66 243
9
491 144 260 116
63 145 516 186
7 61 99 161
107 100 218 70
207 82 375 176
521 230 335 225
557 338 528 274
31 230 217 216
142 144 173 148
