4
6
L1 364 0
U2 80 0
L3 423 0
U4 515 0
L5 76 0
U6 76 0
30
178 242
492 299
563 299
543 309
461 28
61 140
115 293
261 91
515 301
405 210
309 246
454 272
139 186
192 82
458 244
555 265
295 313
46 20
314 147
36 206
599 101
397 52
517 27
31 167
255 349
188 234
244 195
247 116
579 277
537 131
2 L1
14 L1
161 178 364 0
338 153 364 0
565 320 364 0
249 151 364 0
5 218 364 0
413 65 364 0
551 192 364 0
134 110 364 0
394 341 364 0
522 326 364 0
277 56 364 0
174 300 364 0
448 271 364 0
533 54 364 0
2 L3
14 L3
457 138 423 0
570 246 423 0
320 222 423 0
249 296 423 0
282 138 423 0
251 215 423 0
489 290 423 0
438 146 423 0
275 339 423 0
272 259 423 0
416 213 423 0
428 260 423 0
128 311 423 0
201 229 423 0
2 L5
14 L5
232 73 76 0
378 89 76 0
253 174 76 0
315 206 76 0
219 153 76 0
100 282 76 0
417 285 76 0
486 189 76 0
198 208 76 0
529 182 76 0
118 50 76 0
203 314 76 0
595 222 76 0
401 265 76 0
2 U2
80 0 184 158
80 0 277 99
14 U2
80 0 535 280
80 0 235 100
80 0 453 237
80 0 255 133
80 0 256 88
80 0 468 254
80 0 266 203
80 0 15 282
80 0 348 141
80 0 113 325
80 0 188 198
80 0 275 180
80 0 308 310
80 0 153 343
2 U4
515 0 513 82
515 0 94 153
14 U4
515 0 495 304
515 0 162 168
515 0 7 203
515 0 476 293
515 0 98 79
515 0 72 130
515 0 122 334
515 0 402 115
515 0 146 131
515 0 496 272
515 0 243 334
515 0 422 102
515 0 534 231
515 0 329 200
2 U6
76 0 517 156
76 0 31 93
14 U6
76 0 484 225
76 0 187 179
76 0 100 199
76 0 460 88
76 0 441 239
76 0 50 50
76 0 507 51
76 0 277 308
76 0 289 249
76 0 16 233
76 0 422 284
76 0 34 247
76 0 207 297
76 0 228 258
13
161 178 25 78
457 138 533 318
232 73 218 293
338 153 45 299
570 246 540 122
378 89 491 287
565 320 424 145
320 222 429 244
253 174 514 340
249 151 206 87
249 296 157 174
315 206 175 190
5 218 115 192
