4
6
L1 222 0
U2 139 0
L3 573 0
U4 444 0
L5 473 0
U6 578 0
24
424 168
79 346
506 275
161 116
432 177
408 223
530 66
245 322
118 287
214 300
56 225
9 271
170 41
508 74
406 73
540 223
297 70
223 255
381 153
96 107
501 269
57 111
166 312
562 176
2 L1
18 L1
162 243 222 0
104 262 222 0
323 343 222 0
284 269 222 0
83 300 222 0
235 346 222 0
281 345 222 0
69 161 222 0
46 328 222 0
411 269 222 0
46 236 222 0
597 256 222 0
458 252 222 0
37 223 222 0
569 107 222 0
542 274 222 0
97 188 222 0
38 111 222 0
2 L3
18 L3
540 128 573 0
406 81 573 0
148 348 573 0
158 186 573 0
17 339 573 0
290 271 573 0
565 282 573 0
66 217 573 0
34 338 573 0
485 76 573 0
547 111 573 0
545 126 573 0
429 342 573 0
573 296 573 0
488 68 573 0
381 188 573 0
99 322 573 0
412 194 573 0
2 L5
18 L5
133 133 473 0
407 57 473 0
246 259 473 0
599 178 473 0
260 84 473 0
333 301 473 0
362 124 473 0
97 263 473 0
331 68 473 0
276 127 473 0
523 267 473 0
122 75 473 0
305 196 473 0
157 156 473 0
197 290 473 0
406 313 473 0
503 219 473 0
217 69 473 0
2 U2
139 0 257 155
139 0 436 222
18 U2
139 0 542 57
139 0 453 134
139 0 131 129
139 0 183 224
139 0 162 214
139 0 377 227
139 0 7 212
139 0 20 204
139 0 438 298
139 0 0 185
139 0 99 156
139 0 314 127
139 0 82 309
139 0 180 207
139 0 259 243
139 0 573 322
139 0 468 106
139 0 18 345
2 U4
444 0 525 163
444 0 320 96
18 U4
444 0 76 65
444 0 53 305
444 0 140 137
444 0 429 199
444 0 494 287
444 0 341 133
444 0 574 221
444 0 315 92
444 0 306 89
444 0 40 140
444 0 546 327
444 0 571 240
444 0 199 303
444 0 555 319
444 0 594 325
444 0 214 301
444 0 422 265
444 0 558 149
2 U6
578 0 431 106
578 0 546 182
18 U6
578 0 494 120
578 0 26 196
578 0 59 342
578 0 445 266
578 0 140 249
578 0 160 236
578 0 21 170
578 0 431 83
578 0 456 336
578 0 426 109
578 0 98 119
578 0 557 72
578 0 534 80
578 0 536 153
578 0 434 219
578 0 438 346
578 0 466 336
578 0 114 267
11
162 243 30 251
540 128 296 258
133 133 56 234
104 262 388 177
406 81 336 198
407 57 454 96
323 343 327 109
148 348 378 182
246 259 285 89
284 269 170 304
158 186 132 261
