3
5
L1 378 0
U2 556 0
L3 488 0
U4 293 0
L5 120 0
20
314 192
208 289
490 82
432 157
248 76
343 157
293 280
22 106
439 138
355 214
304 279
51 284
521 180
137 80
284 291
477 281
473 282
351 234
159 52
301 92
1 L1
10 L1
73 224 378 0
248 150 378 0
353 313 378 0
4 166 378 0
222 180 378 0
50 138 378 0
80 318 378 0
530 325 378 0
99 51 378 0
216 217 378 0
1 L3
10 L3
335 346 488 0
468 262 488 0
151 231 488 0
179 232 488 0
515 198 488 0
182 88 488 0
406 155 488 0
467 54 488 0
325 212 488 0
92 100 488 0
1 L5
10 L5
340 274 120 0
350 285 120 0
267 250 120 0
333 303 120 0
425 273 120 0
525 92 120 0
589 257 120 0
245 236 120 0
267 266 120 0
405 88 120 0
1 U2
556 0 218 140
10 U2
556 0 549 181
556 0 267 260
556 0 363 291
556 0 224 237
556 0 27 348
556 0 258 205
556 0 427 117
556 0 146 77
556 0 7 255
556 0 20 134
1 U4
293 0 327 293
10 U4
293 0 179 317
293 0 293 287
293 0 354 207
293 0 538 229
293 0 525 207
293 0 281 136
293 0 211 95
293 0 98 204
293 0 300 350
293 0 400 164
5
73 224 112 98
335 346 236 341
340 274 405 127
248 150 519 150
468 262 66 163
