4
6
L1 71 0
U2 373 0
L3 293 0
U4 8 0
L5 570 0
U6 182 0
18
401 86
431 298
132 89
8 197
499 44
223 292
224 91
20 339
136 83
464 291
416 160
321 270
368 66
55 73
108 25
437 160
325 11
306 266
2 L1
22 L1
8 139 71 0
2 88 71 0
153 58 71 0
250 171 71 0
276 290 71 0
75 184 71 0
358 189 71 0
495 259 71 0
321 298 71 0
190 180 71 0
589 53 71 0
47 140 71 0
468 77 71 0
558 152 71 0
54 311 71 0
173 313 71 0
238 333 71 0
157 60 71 0
23 114 71 0
169 153 71 0
6 82 71 0
477 253 71 0
2 L3
22 L3
122 302 293 0
545 312 293 0
363 308 293 0
414 147 293 0
593 227 293 0
179 205 293 0
119 332 293 0
564 133 293 0
20 202 293 0
47 322 293 0
472 349 293 0
335 145 293 0
271 78 293 0
220 57 293 0
335 134 293 0
347 90 293 0
598 258 293 0
76 264 293 0
427 320 293 0
311 207 293 0
32 350 293 0
255 336 293 0
2 L5
22 L5
90 112 570 0
246 292 570 0
597 255 570 0
191 185 570 0
202 205 570 0
89 282 570 0
535 128 570 0
314 123 570 0
316 53 570 0
28 70 570 0
231 60 570 0
572 81 570 0
547 129 570 0
135 206 570 0
515 213 570 0
531 277 570 0
354 217 570 0
221 165 570 0
504 303 570 0
431 194 570 0
314 143 570 0
25 195 570 0
2 U2
373 0 271 197
373 0 231 291
22 U2
373 0 309 230
373 0 42 58
373 0 256 160
373 0 373 127
373 0 30 143
373 0 578 262
373 0 579 288
373 0 330 106
373 0 126 85
373 0 247 166
373 0 351 119
373 0 451 156
373 0 126 96
373 0 170 65
373 0 77 161
373 0 32 56
373 0 295 250
373 0 45 252
373 0 27 327
373 0 464 224
373 0 245 346
373 0 586 256
2 U4
8 0 18 258
8 0 151 81
22 U4
8 0 248 256
8 0 168 317
8 0 374 107
8 0 559 115
8 0 301 197
8 0 589 240
8 0 416 56
8 0 494 328
8 0 293 329
8 0 239 60
8 0 424 349
8 0 507 276
8 0 357 183
8 0 584 307
8 0 389 158
8 0 198 82
8 0 65 335
8 0 182 194
8 0 408 166
8 0 153 160
8 0 172 162
8 0 401 327
2 U6
182 0 492 187
182 0 414 310
22 U6
182 0 201 147
182 0 550 210
182 0 488 284
182 0 495 298
182 0 473 64
182 0 45 98
182 0 382 280
182 0 308 338
182 0 101 338
182 0 161 158
182 0 141 130
182 0 484 91
182 0 471 154
182 0 210 334
182 0 315 242
182 0 427 319
182 0 586 54
182 0 540 347
182 0 207 334
182 0 163 302
182 0 296 222
182 0 495 242
14
8 139 86 70
122 302 126 192
90 112 37 153
2 88 48 331
545 312 561 297
246 292 29 197
153 58 40 233
363 308 453 172
597 255 72 208
250 171 265 240
414 147 576 299
191 185 152 251
276 290 243 201
593 227 195 106
