3
4
L1 473 0
U2 576 0
L3 543 0
U4 207 0
12
564 132
260 89
476 129
567 239
330 127
281 49
293 64
259 3
150 178
407 1
114 281
348 310
1 L1
18 L1
219 159 473 0
23 87 473 0
591 237 473 0
62 189 473 0
204 180 473 0
531 310 473 0
14 97 473 0
543 224 473 0
302 75 473 0
142 100 473 0
89 207 473 0
261 84 473 0
400 245 473 0
53 223 473 0
256 138 473 0
262 260 473 0
154 312 473 0
425 271 473 0
1 L3
18 L3
279 206 543 0
343 286 543 0
91 173 543 0
131 102 543 0
301 107 543 0
212 231 543 0
102 190 543 0
255 98 543 0
376 329 543 0
351 265 543 0
170 339 543 0
162 231 543 0
269 158 543 0
379 51 543 0
107 223 543 0
7 194 543 0
233 274 543 0
136 259 543 0
1 U2
576 0 559 318
18 U2
576 0 491 302
576 0 320 116
576 0 585 262
576 0 587 243
576 0 402 84
576 0 536 197
576 0 50 345
576 0 163 188
576 0 176 344
576 0 211 162
576 0 225 270
576 0 98 316
576 0 279 258
576 0 504 290
576 0 139 230
576 0 165 239
576 0 506 163
576 0 16 283
1 U4
207 0 546 176
18 U4
207 0 129 51
207 0 255 79
207 0 333 219
207 0 47 98
207 0 542 144
207 0 301 243
207 0 258 273
207 0 587 117
207 0 568 68
207 0 13 80
207 0 390 206
207 0 246 340
207 0 351 265
207 0 394 325
207 0 146 350
207 0 415 159
207 0 590 92
207 0 267 87
8
219 159 568 290
279 206 228 164
23 87 112 154
343 286 40 85
591 237 263 251
91 173 348 338
62 189 584 310
131 102 556 68
