4
4
L1 518 0
U2 29 0
L3 491 0
U4 35 0
20
12 2
314 14
479 320
443 301
223 216
503 249
185 86
22 247
263 246
28 206
15 26
188 53
277 60
519 3
285 57
554 178
564 214
200 143
193 317
376 90
2 L1
22 L1
149 204 518 0
364 87 518 0
102 157 518 0
232 165 518 0
81 124 518 0
570 117 518 0
56 161 518 0
229 211 518 0
84 198 518 0
2 342 518 0
155 203 518 0
452 275 518 0
482 140 518 0
296 256 518 0
225 167 518 0
48 115 518 0
183 340 518 0
64 267 518 0
352 218 518 0
45 246 518 0
529 201 518 0
598 123 518 0
2 L3
22 L3
419 306 491 0
205 346 491 0
456 229 491 0
96 337 491 0
458 301 491 0
12 135 491 0
232 172 491 0
217 302 491 0
473 53 491 0
522 163 491 0
526 199 491 0
53 122 491 0
490 139 491 0
370 328 491 0
176 311 491 0
35 77 491 0
565 164 491 0
127 180 491 0
474 98 491 0
126 228 491 0
314 159 491 0
257 281 491 0
2 U2
29 0 311 88
29 0 533 208
22 U2
29 0 2 332
29 0 293 261
29 0 446 174
29 0 473 62
29 0 231 139
29 0 200 166
29 0 541 129
29 0 519 247
29 0 375 271
29 0 161 294
29 0 301 162
29 0 168 268
29 0 183 120
29 0 160 318
29 0 22 341
29 0 597 169
29 0 85 144
29 0 357 323
29 0 55 197
29 0 46 81
29 0 379 284
29 0 500 232
2 U4
35 0 416 109
35 0 459 344
22 U4
35 0 420 313
35 0 483 156
35 0 371 111
35 0 394 312
35 0 307 201
35 0 80 109
35 0 214 220
35 0 99 344
35 0 528 251
35 0 21 295
35 0 373 109
35 0 290 326
35 0 156 325
35 0 73 269
35 0 146 175
35 0 418 274
35 0 332 255
35 0 68 323
35 0 173 194
35 0 365 224
35 0 500 149
35 0 189 74
9
149 204 559 82
419 306 177 112
364 87 230 233
205 346 100 108
102 157 126 297
456 229 485 212
232 165 228 176
96 337 259 134
81 124 309 121
