5
5
L1 343 0
U2 380 0
L3 591 0
U4 577 0
L5 581 0
25
11 170
345 22
303 188
283 49
7 142
192 275
24 172
289 291
109 105
445 318
377 78
331 284
80 228
173 156
375 207
74 88
423 133
165 238
489 204
447 6
236 121
492 176
579 164
247 83
566 292
2 L1
10 L1
170 218 343 0
430 98 343 0
352 253 343 0
149 293 343 0
561 259 343 0
138 311 343 0
527 232 343 0
104 299 343 0
343 241 343 0
431 324 343 0
2 L3
10 L3
247 335 591 0
189 76 591 0
71 117 591 0
232 139 591 0
593 105 591 0
491 188 591 0
207 136 591 0
90 300 591 0
501 296 591 0
549 53 591 0
2 L5
10 L5
429 267 581 0
532 269 581 0
371 294 581 0
437 98 581 0
534 188 581 0
131 329 581 0
414 336 581 0
122 292 581 0
149 277 581 0
79 53 581 0
2 U2
380 0 207 273
380 0 111 123
10 U2
380 0 243 52
380 0 537 269
380 0 18 251
380 0 174 185
380 0 116 341
380 0 167 333
380 0 508 117
380 0 338 325
380 0 133 202
380 0 386 312
2 U4
577 0 162 334
577 0 203 232
10 U4
577 0 276 66
577 0 29 167
577 0 530 120
577 0 89 199
577 0 95 305
577 0 79 336
577 0 562 74
577 0 568 158
577 0 163 329
577 0 260 169
3
170 218 512 342
247 335 39 156
429 267 560 56
