4
3
L1 355 0
U2 16 0
L3 304 0
12
37 309
590 85
340 296
178 58
91 100
198 329
410 54
572 64
211 299
365 209
278 308
149 211
2 L1
18 L1
74 259 355 0
432 144 355 0
119 66 355 0
14 194 355 0
534 333 355 0
27 271 355 0
174 291 355 0
366 156 355 0
13 103 355 0
454 115 355 0
492 77 355 0
16 343 355 0
42 204 355 0
104 245 355 0
523 301 355 0
488 286 355 0
67 162 355 0
211 201 355 0
2 L3
18 L3
452 151 304 0
351 151 304 0
105 64 304 0
472 263 304 0
98 221 304 0
69 148 304 0
149 90 304 0
382 285 304 0
248 216 304 0
453 248 304 0
491 286 304 0
550 77 304 0
197 153 304 0
32 239 304 0
574 211 304 0
97 177 304 0
241 267 304 0
489 197 304 0
2 U2
16 0 283 280
16 0 187 99
18 U2
16 0 591 131
16 0 40 258
16 0 448 124
16 0 253 247
16 0 359 198
16 0 372 61
16 0 186 129
16 0 299 165
16 0 489 131
16 0 116 66
16 0 164 214
16 0 279 76
16 0 60 197
16 0 111 344
16 0 500 79
16 0 441 126
16 0 597 67
16 0 526 59
3
74 259 43 61
452 151 307 58
432 144 349 198
