5
5
L1 232 0
U2 382 0
L3 28 0
U4 35 0
L5 131 0
25
593 39
249 215
566 138
595 243
242 79
119 330
334 52
14 221
479 98
106 295
594 201
79 171
405 280
326 19
283 135
298 287
114 235
291 227
536 29
279 202
207 348
256 223
458 335
290 169
54 101
2 L1
10 L1
115 328 232 0
298 182 232 0
111 77 232 0
44 286 232 0
159 80 232 0
212 93 232 0
433 69 232 0
486 280 232 0
296 95 232 0
512 53 232 0
2 L3
10 L3
227 76 28 0
184 334 28 0
164 244 28 0
92 70 28 0
549 69 28 0
4 113 28 0
373 110 28 0
283 221 28 0
164 251 28 0
259 78 28 0
2 L5
10 L5
552 128 131 0
114 124 131 0
396 296 131 0
190 206 131 0
470 293 131 0
66 267 131 0
185 93 131 0
376 134 131 0
39 233 131 0
328 301 131 0
2 U2
382 0 393 117
382 0 458 241
10 U2
382 0 386 285
382 0 413 178
382 0 588 176
382 0 548 147
382 0 211 186
382 0 456 79
382 0 464 244
382 0 344 239
382 0 571 277
382 0 59 310
2 U4
35 0 62 58
35 0 74 324
10 U4
35 0 493 208
35 0 395 183
35 0 82 53
35 0 477 151
35 0 193 65
35 0 549 116
35 0 417 168
35 0 352 331
35 0 159 181
35 0 513 229
8
115 328 182 334
227 76 143 140
552 128 589 234
298 182 194 77
184 334 599 51
114 124 253 69
111 77 80 110
164 244 441 241
