5
3
L1 519 0
U2 587 0
L3 481 0
12
342 232
517 75
121 169
172 233
502 297
286 227
294 151
137 237
221 277
584 85
403 270
448 143
2 L1
22 L1
192 122 519 0
519 321 519 0
479 346 519 0
301 341 519 0
553 176 519 0
470 336 519 0
434 324 519 0
204 325 519 0
46 263 519 0
373 220 519 0
392 223 519 0
214 205 519 0
76 78 519 0
76 149 519 0
521 290 519 0
553 142 519 0
29 135 519 0
76 226 519 0
199 329 519 0
156 215 519 0
193 288 519 0
337 110 519 0
2 L3
22 L3
175 218 481 0
284 314 481 0
562 282 481 0
32 184 481 0
177 279 481 0
83 200 481 0
191 106 481 0
385 342 481 0
234 326 481 0
169 336 481 0
493 278 481 0
240 256 481 0
24 182 481 0
241 218 481 0
307 257 481 0
42 59 481 0
222 140 481 0
139 291 481 0
416 103 481 0
533 312 481 0
40 225 481 0
376 215 481 0
2 U2
587 0 51 213
587 0 77 194
22 U2
587 0 564 59
587 0 550 138
587 0 344 342
587 0 489 151
587 0 516 297
587 0 469 106
587 0 477 93
587 0 415 241
587 0 510 235
587 0 279 122
587 0 92 347
587 0 452 257
587 0 53 71
587 0 469 169
587 0 200 337
587 0 367 303
587 0 600 152
587 0 481 249
587 0 208 325
587 0 555 230
587 0 144 199
587 0 14 237
10
192 122 181 87
175 218 29 318
519 321 111 256
284 314 286 255
479 346 209 99
562 282 541 191
301 341 184 326
32 184 458 170
553 176 248 148
177 279 45 136
