4
5
L1 433 0
U2 244 0
L3 532 0
U4 96 0
L5 493 0
25
525 23
575 344
120 313
491 338
241 328
379 331
61 128
521 157
579 61
498 154
93 224
10 223
400 149
304 22
184 172
588 321
584 220
118 33
202 87
337 226
19 164
518 252
195 307
13 177
400 23
2 L1
22 L1
482 111 433 0
295 300 433 0
475 284 433 0
416 192 433 0
528 57 433 0
506 173 433 0
410 65 433 0
411 217 433 0
402 285 433 0
232 192 433 0
353 291 433 0
297 238 433 0
256 127 433 0
162 279 433 0
272 164 433 0
138 282 433 0
508 348 433 0
28 341 433 0
136 305 433 0
136 186 433 0
221 291 433 0
183 160 433 0
2 L3
22 L3
221 258 532 0
427 121 532 0
142 345 532 0
262 219 532 0
129 238 532 0
245 288 532 0
409 234 532 0
48 306 532 0
73 120 532 0
294 282 532 0
431 262 532 0
61 250 532 0
199 187 532 0
362 103 532 0
251 335 532 0
483 246 532 0
433 168 532 0
62 275 532 0
100 134 532 0
470 234 532 0
337 276 532 0
186 303 532 0
2 L5
22 L5
375 223 493 0
84 245 493 0
437 306 493 0
295 205 493 0
376 339 493 0
411 89 493 0
444 318 493 0
376 161 493 0
386 178 493 0
441 260 493 0
23 104 493 0
41 305 493 0
204 221 493 0
583 341 493 0
470 215 493 0
433 331 493 0
599 300 493 0
189 67 493 0
568 217 493 0
298 347 493 0
463 336 493 0
12 72 493 0
2 U2
244 0 354 232
244 0 179 277
22 U2
244 0 575 78
244 0 520 170
244 0 79 239
244 0 20 338
244 0 31 199
244 0 564 161
244 0 18 157
244 0 305 88
244 0 579 200
244 0 457 220
244 0 299 306
244 0 337 151
244 0 268 255
244 0 130 276
244 0 359 339
244 0 219 228
244 0 301 68
244 0 513 241
244 0 100 349
244 0 110 111
244 0 217 338
244 0 149 325
2 U4
96 0 405 230
96 0 201 64
22 U4
96 0 375 156
96 0 380 105
96 0 27 174
96 0 114 234
96 0 263 186
96 0 560 109
96 0 43 95
96 0 147 126
96 0 358 216
96 0 105 259
96 0 34 112
96 0 261 240
96 0 432 130
96 0 243 120
96 0 143 308
96 0 439 170
96 0 473 102
96 0 360 290
96 0 281 300
96 0 133 183
96 0 158 272
96 0 57 279
11
482 111 470 262
221 258 132 285
375 223 444 61
295 300 332 227
427 121 515 259
84 245 117 173
475 284 418 143
142 345 394 279
437 306 281 293
416 192 147 85
262 219 494 109
