3
3
L1 527 0
U2 193 0
L3 420 0
9
360 186
337 264
383 147
82 3
141 52
410 132
243 344
543 81
9 321
1 L1
14 L1
180 230 527 0
39 80 527 0
405 316 527 0
2 274 527 0
366 146 527 0
296 283 527 0
21 332 527 0
316 95 527 0
500 217 527 0
537 294 527 0
220 156 527 0
535 167 527 0
208 251 527 0
196 79 527 0
1 L3
14 L3
583 269 420 0
305 235 420 0
412 336 420 0
321 346 420 0
255 213 420 0
512 170 420 0
193 73 420 0
377 350 420 0
88 332 420 0
191 236 420 0
491 270 420 0
414 113 420 0
164 319 420 0
346 115 420 0
1 U2
193 0 281 266
14 U2
193 0 254 131
193 0 188 215
193 0 515 310
193 0 350 333
193 0 348 102
193 0 455 221
193 0 370 285
193 0 25 85
193 0 499 54
193 0 64 91
193 0 320 325
193 0 125 204
193 0 298 170
193 0 139 80
5
180 230 171 260
583 269 357 75
39 80 499 316
305 235 451 118
405 316 432 147
