3
5
L1 250 0
U2 318 0
L3 307 0
U4 394 0
L5 149 0
20
494 80
518 209
146 22
72 133
466 75
270 151
501 280
463 207
253 94
243 272
90 222
371 70
32 278
565 11
319 39
469 230
53 329
285 200
205 51
298 312
1 L1
18 L1
286 82 250 0
135 159 250 0
351 160 250 0
521 87 250 0
330 231 250 0
26 317 250 0
374 328 250 0
488 82 250 0
415 60 250 0
532 339 250 0
13 174 250 0
52 248 250 0
521 222 250 0
329 302 250 0
32 164 250 0
28 117 250 0
559 141 250 0
62 201 250 0
1 L3
18 L3
478 265 307 0
454 253 307 0
95 137 307 0
574 249 307 0
272 253 307 0
504 275 307 0
527 254 307 0
513 91 307 0
151 345 307 0
254 169 307 0
69 209 307 0
76 317 307 0
210 329 307 0
515 235 307 0
229 320 307 0
509 131 307 0
210 282 307 0
389 279 307 0
1 L5
18 L5
306 77 149 0
248 175 149 0
198 293 149 0
388 275 149 0
254 125 149 0
112 194 149 0
319 177 149 0
446 175 149 0
557 83 149 0
166 185 149 0
497 79 149 0
221 211 149 0
129 338 149 0
266 125 149 0
240 241 149 0
486 77 149 0
233 76 149 0
496 246 149 0
1 U2
318 0 381 223
18 U2
318 0 79 182
318 0 415 328
318 0 160 64
318 0 158 155
318 0 514 115
318 0 332 83
318 0 220 86
318 0 128 62
318 0 520 149
318 0 157 90
318 0 306 82
318 0 312 235
318 0 444 335
318 0 398 94
318 0 335 227
318 0 301 339
318 0 425 284
318 0 46 229
1 U4
394 0 230 222
18 U4
394 0 323 317
394 0 26 83
394 0 47 229
394 0 282 245
394 0 474 317
394 0 185 314
394 0 354 219
394 0 441 315
394 0 451 164
394 0 551 229
394 0 236 70
394 0 351 112
394 0 164 230
394 0 140 157
394 0 28 335
394 0 294 122
394 0 354 261
394 0 88 347
14
286 82 400 343
478 265 422 101
306 77 184 255
135 159 25 112
454 253 242 139
248 175 247 214
351 160 450 108
95 137 297 67
198 293 238 152
521 87 199 77
574 249 275 179
388 275 448 142
330 231 430 191
272 253 411 272
