4
6
L1 177 0
U2 40 0
L3 18 0
U4 518 0
L5 226 0
U6 159 0
18
318 218
339 260
316 60
164 155
335 194
328 212
22 170
502 16
554 53
335 150
531 91
506 129
227 325
453 284
250 74
424 33
20 16
147 133
2 L1
14 L1
254 213 177 0
576 237 177 0
258 293 177 0
582 195 177 0
108 240 177 0
14 325 177 0
367 123 177 0
4 133 177 0
436 229 177 0
403 100 177 0
321 297 177 0
270 68 177 0
218 340 177 0
248 127 177 0
2 L3
14 L3
4 179 18 0
247 202 18 0
347 64 18 0
280 334 18 0
46 168 18 0
406 333 18 0
286 106 18 0
432 243 18 0
250 96 18 0
38 128 18 0
305 317 18 0
274 344 18 0
56 141 18 0
565 309 18 0
2 L5
14 L5
47 284 226 0
434 128 226 0
190 134 226 0
565 287 226 0
526 334 226 0
433 99 226 0
370 295 226 0
504 92 226 0
242 211 226 0
433 152 226 0
505 99 226 0
467 153 226 0
176 160 226 0
101 278 226 0
2 U2
40 0 201 118
40 0 124 332
14 U2
40 0 524 241
40 0 483 266
40 0 47 133
40 0 127 238
40 0 339 319
40 0 464 105
40 0 126 292
40 0 60 241
40 0 28 234
40 0 343 190
40 0 133 261
40 0 420 130
40 0 26 177
40 0 190 250
2 U4
518 0 534 158
518 0 283 138
14 U4
518 0 99 243
518 0 541 224
518 0 41 94
518 0 306 124
518 0 431 199
518 0 296 342
518 0 66 69
518 0 71 173
518 0 382 319
518 0 580 50
518 0 162 318
518 0 554 269
518 0 202 64
518 0 353 273
2 U6
159 0 594 263
159 0 441 122
14 U6
159 0 293 158
159 0 328 51
159 0 29 106
159 0 289 187
159 0 411 254
159 0 479 300
159 0 496 166
159 0 60 223
159 0 599 84
159 0 5 246
159 0 323 65
159 0 356 284
159 0 452 79
159 0 493 141
5
254 213 37 145
4 179 350 276
47 284 319 289
576 237 3 292
247 202 72 194
