3
3
L1 48 0
U2 61 0
L3 73 0
12
135 60
464 33
49 101
418 110
378 133
334 5
354 235
167 76
360 287
215 86
114 34
532 112
1 L1
14 L1
378 331 48 0
229 150 48 0
247 219 48 0
555 311 48 0
15 112 48 0
318 299 48 0
291 151 48 0
41 83 48 0
359 126 48 0
114 330 48 0
542 286 48 0
317 295 48 0
197 137 48 0
73 301 48 0
1 L3
14 L3
241 339 73 0
425 65 73 0
357 196 73 0
311 260 73 0
495 122 73 0
504 88 73 0
122 57 73 0
246 218 73 0
50 116 73 0
84 89 73 0
356 208 73 0
290 240 73 0
183 329 73 0
514 314 73 0
1 U2
61 0 585 338
14 U2
61 0 117 129
61 0 568 305
61 0 58 153
61 0 58 133
61 0 24 222
61 0 470 147
61 0 9 252
61 0 177 348
61 0 593 241
61 0 169 257
61 0 66 87
61 0 551 62
61 0 218 269
61 0 65 82
7
378 331 340 143
241 339 433 313
229 150 237 240
425 65 574 153
247 219 428 160
357 196 320 252
555 311 149 293
