3
6
L1 424 0
U2 301 0
L3 140 0
U4 331 0
L5 261 0
U6 455 0
24
501 156
407 43
13 203
499 72
255 124
240 95
426 234
394 112
7 349
280 276
540 294
116 326
581 222
275 224
213 61
496 39
58 61
21 47
139 38
23 319
84 162
226 243
482 176
231 228
1 L1
22 L1
24 276 424 0
480 116 424 0
19 207 424 0
381 189 424 0
102 235 424 0
233 316 424 0
355 119 424 0
487 85 424 0
310 349 424 0
487 160 424 0
138 286 424 0
35 194 424 0
224 103 424 0
450 284 424 0
378 191 424 0
29 118 424 0
349 113 424 0
185 138 424 0
24 269 424 0
21 306 424 0
353 284 424 0
42 209 424 0
1 L3
22 L3
547 284 140 0
145 184 140 0
285 121 140 0
324 344 140 0
526 289 140 0
307 239 140 0
4 192 140 0
435 90 140 0
279 212 140 0
513 310 140 0
234 239 140 0
44 227 140 0
151 274 140 0
162 197 140 0
59 299 140 0
36 302 140 0
139 193 140 0
327 263 140 0
578 305 140 0
379 264 140 0
141 259 140 0
68 118 140 0
1 L5
22 L5
360 307 261 0
133 187 261 0
273 127 261 0
239 271 261 0
8 339 261 0
209 286 261 0
414 222 261 0
272 52 261 0
68 202 261 0
194 348 261 0
7 116 261 0
155 145 261 0
102 340 261 0
244 301 261 0
260 267 261 0
283 125 261 0
496 269 261 0
4 87 261 0
138 167 261 0
587 99 261 0
373 205 261 0
452 213 261 0
1 U2
301 0 197 135
22 U2
301 0 427 170
301 0 223 142
301 0 131 211
301 0 571 142
301 0 321 331
301 0 133 232
301 0 137 105
301 0 541 198
301 0 140 341
301 0 496 56
301 0 103 210
301 0 411 233
301 0 494 295
301 0 479 239
301 0 350 116
301 0 492 55
301 0 143 108
301 0 64 102
301 0 32 152
301 0 305 311
301 0 112 70
301 0 87 229
1 U4
331 0 24 75
22 U4
331 0 229 283
331 0 578 257
331 0 576 296
331 0 349 85
331 0 439 334
331 0 10 126
331 0 463 189
331 0 458 290
331 0 334 328
331 0 370 320
331 0 370 80
331 0 556 73
331 0 177 320
331 0 252 80
331 0 573 348
331 0 563 315
331 0 570 252
331 0 97 283
331 0 198 319
331 0 170 324
331 0 314 311
331 0 476 257
1 U6
455 0 188 343
22 U6
455 0 322 111
455 0 412 142
455 0 202 131
455 0 31 303
455 0 583 325
455 0 264 172
455 0 333 194
455 0 49 261
455 0 265 159
455 0 192 74
455 0 142 272
455 0 38 113
455 0 475 203
455 0 163 256
455 0 334 223
455 0 47 293
455 0 267 158
455 0 78 191
455 0 586 101
455 0 448 120
455 0 451 340
455 0 457 186
7
24 276 109 145
547 284 202 125
360 307 245 313
480 116 436 92
145 184 130 77
133 187 383 134
19 207 135 312
