3
4
L1 156 0
U2 144 0
L3 244 0
U4 582 0
12
388 195
587 22
583 45
283 225
286 231
73 84
443 10
435 183
478 85
109 340
3 318
457 334
1 L1
18 L1
95 301 156 0
467 313 156 0
309 67 156 0
540 51 156 0
205 292 156 0
233 115 156 0
158 247 156 0
468 249 156 0
343 89 156 0
81 117 156 0
548 312 156 0
330 321 156 0
565 58 156 0
237 330 156 0
599 285 156 0
129 216 156 0
432 68 156 0
397 78 156 0
1 L3
18 L3
94 117 244 0
419 175 244 0
280 83 244 0
187 153 244 0
304 329 244 0
322 298 244 0
128 233 244 0
438 192 244 0
152 218 244 0
575 113 244 0
364 191 244 0
213 129 244 0
380 345 244 0
221 167 244 0
15 175 244 0
40 260 244 0
350 105 244 0
587 69 244 0
1 U2
144 0 133 215
18 U2
144 0 538 290
144 0 21 163
144 0 579 220
144 0 583 240
144 0 76 91
144 0 182 234
144 0 232 166
144 0 582 283
144 0 150 301
144 0 320 184
144 0 127 162
144 0 310 84
144 0 405 61
144 0 510 256
144 0 486 76
144 0 348 69
144 0 557 217
144 0 414 273
1 U4
582 0 344 64
18 U4
582 0 22 219
582 0 71 169
582 0 363 319
582 0 387 214
582 0 596 334
582 0 110 319
582 0 275 227
582 0 123 128
582 0 375 182
582 0 138 82
582 0 395 185
582 0 86 197
582 0 136 72
582 0 147 110
582 0 265 244
582 0 465 224
582 0 489 69
582 0 353 262
11
95 301 265 62
94 117 289 99
467 313 244 297
419 175 148 286
309 67 327 300
280 83 19 136
540 51 171 144
187 153 262 90
205 292 376 132
304 329 422 154
233 115 215 147
