4
4
L1 569 0
U2 488 0
L3 213 0
U4 524 0
16
591 186
57 49
436 248
518 232
538 347
161 196
276 200
246 189
402 202
553 156
190 141
328 264
184 140
4 147
506 52
430 211
2 L1
18 L1
291 212 569 0
275 112 569 0
571 183 569 0
69 267 569 0
587 292 569 0
413 89 569 0
428 135 569 0
126 189 569 0
394 340 569 0
346 77 569 0
95 61 569 0
252 285 569 0
11 53 569 0
581 180 569 0
464 174 569 0
293 280 569 0
348 327 569 0
11 142 569 0
2 L3
18 L3
550 350 213 0
58 153 213 0
226 334 213 0
280 200 213 0
368 307 213 0
428 347 213 0
366 171 213 0
0 119 213 0
368 119 213 0
261 261 213 0
429 322 213 0
254 304 213 0
119 314 213 0
73 299 213 0
111 212 213 0
493 56 213 0
507 310 213 0
114 233 213 0
2 U2
488 0 196 232
488 0 490 122
18 U2
488 0 522 235
488 0 243 198
488 0 523 267
488 0 185 302
488 0 578 119
488 0 347 195
488 0 157 236
488 0 333 85
488 0 395 334
488 0 274 189
488 0 376 197
488 0 115 120
488 0 400 170
488 0 322 329
488 0 527 283
488 0 488 145
488 0 393 144
488 0 483 134
2 U4
524 0 339 225
524 0 156 127
18 U4
524 0 235 134
524 0 554 217
524 0 48 105
524 0 316 200
524 0 591 272
524 0 240 305
524 0 435 314
524 0 337 116
524 0 185 56
524 0 268 84
524 0 457 120
524 0 475 98
524 0 19 81
524 0 314 215
524 0 75 337
524 0 420 282
524 0 431 63
524 0 289 73
11
291 212 484 160
550 350 294 255
275 112 372 243
58 153 513 164
571 183 165 105
226 334 130 347
69 267 67 136
280 200 533 226
587 292 530 223
368 307 559 115
413 89 234 193
