5
4
L1 111 0
U2 395 0
L3 445 0
U4 420 0
16
54 306
356 149
435 339
427 245
364 268
576 247
214 66
110 282
488 7
574 40
511 56
394 212
471 249
55 256
326 216
74 213
2 L1
18 L1
283 314 111 0
420 211 111 0
108 327 111 0
133 89 111 0
315 185 111 0
230 236 111 0
503 183 111 0
245 104 111 0
167 321 111 0
307 258 111 0
339 151 111 0
139 310 111 0
444 115 111 0
590 249 111 0
69 108 111 0
52 180 111 0
106 290 111 0
539 192 111 0
2 L3
18 L3
437 296 445 0
297 281 445 0
168 156 445 0
536 137 445 0
283 137 445 0
525 163 445 0
27 87 445 0
380 87 445 0
225 310 445 0
36 60 445 0
305 249 445 0
174 231 445 0
338 273 445 0
502 119 445 0
73 135 445 0
526 275 445 0
439 188 445 0
33 321 445 0
2 U2
395 0 6 65
395 0 296 113
18 U2
395 0 182 244
395 0 458 252
395 0 208 163
395 0 444 220
395 0 44 281
395 0 40 208
395 0 519 171
395 0 128 186
395 0 352 228
395 0 226 58
395 0 31 281
395 0 400 301
395 0 496 190
395 0 415 170
395 0 276 69
395 0 163 79
395 0 280 321
395 0 306 243
2 U4
420 0 589 101
420 0 186 337
18 U4
420 0 22 61
420 0 201 120
420 0 258 238
420 0 583 146
420 0 366 263
420 0 534 193
420 0 583 136
420 0 406 137
420 0 252 183
420 0 117 262
420 0 400 208
420 0 545 249
420 0 381 93
420 0 97 332
420 0 567 192
420 0 569 231
420 0 330 135
420 0 63 89
11
283 314 411 84
437 296 570 275
420 211 351 318
297 281 24 174
108 327 551 91
168 156 496 101
133 89 29 93
536 137 97 156
315 185 336 253
283 137 313 133
230 236 510 75
