5
3
L1 32 0
U2 371 0
L3 480 0
15
56 183
266 295
557 227
6 20
45 285
107 124
277 189
366 217
308 149
358 23
54 319
476 272
583 288
10 269
571 30
2 L1
14 L1
378 52 32 0
352 189 32 0
186 217 32 0
67 259 32 0
307 248 32 0
570 155 32 0
295 274 32 0
194 225 32 0
160 277 32 0
573 317 32 0
158 112 32 0
519 290 32 0
588 187 32 0
39 128 32 0
2 L3
14 L3
44 241 480 0
569 152 480 0
179 287 480 0
195 226 480 0
31 84 480 0
583 103 480 0
490 154 480 0
178 308 480 0
196 288 480 0
600 106 480 0
595 122 480 0
283 326 480 0
257 95 480 0
525 269 480 0
2 U2
371 0 175 337
371 0 131 251
14 U2
371 0 427 91
371 0 488 168
371 0 117 107
371 0 295 97
371 0 354 83
371 0 236 308
371 0 592 238
371 0 27 99
371 0 385 132
371 0 446 255
371 0 347 92
371 0 173 276
371 0 408 132
371 0 323 180
7
378 52 259 54
44 241 103 297
352 189 587 219
569 152 432 202
186 217 422 165
179 287 522 226
67 259 79 193
