4
6
L1 15 0
U2 323 0
L3 32 0
U4 241 0
L5 232 0
U6 373 0
30
330 38
295 27
473 116
280 312
265 71
262 266
591 33
428 334
484 255
481 152
433 102
513 167
232 184
394 21
19 122
205 245
503 296
466 164
226 127
242 30
228 217
116 157
392 27
113 145
309 256
255 184
315 346
387 280
229 96
360 238
2 L1
10 L1
592 273 15 0
385 328 15 0
170 278 15 0
50 266 15 0
509 189 15 0
332 185 15 0
253 62 15 0
28 125 15 0
297 81 15 0
413 189 15 0
2 L3
10 L3
469 100 32 0
578 205 32 0
228 205 32 0
191 139 32 0
550 325 32 0
453 63 32 0
532 256 32 0
309 269 32 0
569 69 32 0
312 313 32 0
2 L5
10 L5
340 153 232 0
267 200 232 0
489 111 232 0
586 183 232 0
309 235 232 0
584 314 232 0
415 82 232 0
81 271 232 0
501 241 232 0
88 91 232 0
2 U2
323 0 291 135
323 0 576 155
10 U2
323 0 9 179
323 0 560 148
323 0 468 323
323 0 263 276
323 0 396 340
323 0 356 200
323 0 99 155
323 0 164 240
323 0 359 217
323 0 380 334
2 U4
241 0 400 292
241 0 339 273
10 U4
241 0 548 148
241 0 453 239
241 0 42 104
241 0 355 289
241 0 572 236
241 0 200 188
241 0 478 179
241 0 91 312
241 0 339 107
241 0 53 276
2 U6
373 0 241 165
373 0 224 130
10 U6
373 0 39 262
373 0 233 182
373 0 108 175
373 0 205 238
373 0 11 100
373 0 181 322
373 0 594 302
373 0 133 343
373 0 285 237
373 0 452 60
9
592 273 186 301
469 100 297 74
340 153 322 103
385 328 410 261
578 205 342 224
267 200 43 114
170 278 99 194
228 205 104 85
489 111 319 267
