3
3
L1 414 0
U2 504 0
L3 426 0
9
34 31
339 102
350 313
17 90
369 236
357 21
107 287
0 318
316 317
1 L1
14 L1
554 293 414 0
101 217 414 0
507 304 414 0
441 315 414 0
238 142 414 0
56 114 414 0
108 327 414 0
178 122 414 0
572 102 414 0
414 281 414 0
32 96 414 0
333 179 414 0
347 318 414 0
542 112 414 0
1 L3
14 L3
412 154 426 0
425 210 426 0
465 68 426 0
345 126 426 0
317 242 426 0
160 251 426 0
458 154 426 0
432 65 426 0
212 283 426 0
487 303 426 0
308 232 426 0
412 157 426 0
156 180 426 0
573 139 426 0
1 U2
504 0 314 163
14 U2
504 0 73 112
504 0 558 171
504 0 502 278
504 0 554 186
504 0 329 91
504 0 281 297
504 0 472 137
504 0 211 340
504 0 335 209
504 0 429 261
504 0 278 98
504 0 45 296
504 0 268 247
504 0 445 138
7
554 293 245 255
412 154 369 113
101 217 372 113
425 210 573 125
507 304 11 114
465 68 367 321
441 315 376 88
