4
3
L1 177 0
U2 527 0
L3 468 0
12
253 308
276 298
535 131
204 243
17 68
591 221
488 110
472 251
211 140
432 34
289 340
285 342
2 L1
10 L1
245 136 177 0
342 345 177 0
179 238 177 0
338 350 177 0
416 91 177 0
456 101 177 0
191 89 177 0
473 240 177 0
69 273 177 0
73 176 177 0
2 L3
10 L3
349 86 468 0
364 244 468 0
443 343 468 0
384 226 468 0
483 270 468 0
313 242 468 0
481 144 468 0
289 80 468 0
443 246 468 0
208 287 468 0
2 U2
527 0 440 177
527 0 11 182
10 U2
527 0 76 327
527 0 485 145
527 0 146 211
527 0 240 229
527 0 228 138
527 0 119 52
527 0 133 341
527 0 415 258
527 0 373 84
527 0 383 60
3
245 136 570 243
349 86 511 272
342 345 177 231
