5
4
L1 227 0
U2 528 0
L3 89 0
U4 391 0
20
14 266
191 183
417 187
259 239
359 114
241 331
445 167
230 317
190 126
257 297
397 71
539 196
497 66
392 183
79 39
45 236
106 266
551 204
168 105
584 335
2 L1
18 L1
293 303 227 0
575 52 227 0
350 200 227 0
542 272 227 0
206 53 227 0
32 98 227 0
332 104 227 0
524 348 227 0
258 346 227 0
104 215 227 0
419 259 227 0
583 271 227 0
263 322 227 0
387 134 227 0
140 166 227 0
600 154 227 0
296 257 227 0
141 175 227 0
2 L3
18 L3
106 69 89 0
36 224 89 0
528 330 89 0
366 343 89 0
354 134 89 0
31 343 89 0
506 226 89 0
576 225 89 0
563 125 89 0
292 215 89 0
486 260 89 0
33 227 89 0
495 329 89 0
132 57 89 0
473 243 89 0
274 250 89 0
85 293 89 0
505 67 89 0
2 U2
528 0 125 276
528 0 502 282
18 U2
528 0 27 307
528 0 587 72
528 0 71 62
528 0 453 304
528 0 463 175
528 0 103 260
528 0 473 114
528 0 32 87
528 0 337 224
528 0 507 145
528 0 553 75
528 0 377 240
528 0 301 346
528 0 227 92
528 0 519 285
528 0 456 247
528 0 193 135
528 0 283 202
2 U4
391 0 336 167
391 0 600 128
18 U4
391 0 236 215
391 0 209 167
391 0 417 70
391 0 276 105
391 0 144 291
391 0 566 80
391 0 264 229
391 0 590 334
391 0 570 159
391 0 21 101
391 0 145 324
391 0 348 345
391 0 89 337
391 0 86 256
391 0 40 272
391 0 101 251
391 0 405 122
391 0 93 158
11
293 303 449 256
106 69 235 171
575 52 103 64
36 224 336 219
350 200 79 139
528 330 310 69
542 272 174 300
366 343 407 54
206 53 515 242
354 134 387 102
32 98 351 109
