4
3
L1 281 0
U2 323 0
L3 224 0
9
148 284
215 79
65 27
366 260
431 269
147 296
186 253
299 264
106 247
2 L1
18 L1
147 223 281 0
440 204 281 0
126 216 281 0
496 69 281 0
63 157 281 0
329 151 281 0
533 344 281 0
482 195 281 0
357 342 281 0
503 172 281 0
32 90 281 0
199 254 281 0
71 143 281 0
120 70 281 0
530 240 281 0
130 93 281 0
325 72 281 0
290 116 281 0
2 L3
18 L3
588 152 224 0
503 94 224 0
575 249 224 0
469 157 224 0
41 200 224 0
512 172 224 0
501 332 224 0
466 341 224 0
331 67 224 0
5 300 224 0
426 51 224 0
17 306 224 0
240 267 224 0
548 269 224 0
426 100 224 0
287 261 224 0
497 51 224 0
225 149 224 0
2 U2
323 0 461 321
323 0 365 319
18 U2
323 0 509 242
323 0 482 120
323 0 489 172
323 0 480 222
323 0 162 197
323 0 302 117
323 0 95 202
323 0 582 79
323 0 391 201
323 0 277 288
323 0 491 145
323 0 587 85
323 0 197 334
323 0 593 169
323 0 170 291
323 0 397 288
323 0 389 321
323 0 280 229
6
147 223 463 219
588 152 51 321
440 204 144 122
503 94 271 172
126 216 389 238
575 249 26 205
