4
6
L1 313 0
U2 502 0
L3 290 0
U4 356 0
L5 384 0
U6 510 0
30
295 211
350 238
578 213
490 299
353 259
106 183
328 299
393 253
350 139
508 235
594 82
171 99
170 196
101 80
597 242
51 184
443 292
79 111
275 156
485 202
484 342
315 68
304 120
139 194
159 67
560 299
98 349
306 270
16 319
172 38
2 L1
14 L1
381 320 313 0
140 346 313 0
70 235 313 0
511 162 313 0
453 350 313 0
546 83 313 0
293 124 313 0
507 74 313 0
353 90 313 0
415 348 313 0
204 331 313 0
148 226 313 0
318 211 313 0
364 172 313 0
2 L3
14 L3
266 180 290 0
17 162 290 0
567 209 290 0
504 123 290 0
562 121 290 0
477 197 290 0
311 99 290 0
332 113 290 0
350 202 290 0
516 119 290 0
210 53 290 0
461 95 290 0
279 168 290 0
55 173 290 0
2 L5
14 L5
498 348 384 0
483 197 384 0
199 329 384 0
246 212 384 0
566 117 384 0
122 236 384 0
500 269 384 0
374 221 384 0
568 201 384 0
439 228 384 0
58 338 384 0
453 104 384 0
356 332 384 0
258 166 384 0
2 U2
502 0 168 345
502 0 568 171
14 U2
502 0 76 308
502 0 343 275
502 0 142 223
502 0 43 238
502 0 575 275
502 0 194 197
502 0 211 211
502 0 511 137
502 0 450 332
502 0 369 111
502 0 349 344
502 0 525 176
502 0 40 168
502 0 220 215
2 U4
356 0 276 85
356 0 553 248
14 U4
356 0 166 299
356 0 227 178
356 0 284 332
356 0 65 249
356 0 187 307
356 0 519 164
356 0 257 347
356 0 552 300
356 0 95 139
356 0 222 51
356 0 106 100
356 0 455 323
356 0 512 230
356 0 500 50
2 U6
510 0 64 93
510 0 536 227
14 U6
510 0 308 79
510 0 477 111
510 0 125 242
510 0 471 347
510 0 495 216
510 0 206 55
510 0 408 104
510 0 83 163
510 0 305 296
510 0 168 247
510 0 474 335
510 0 64 95
510 0 9 158
510 0 449 202
5
381 320 97 130
266 180 473 55
498 348 212 88
140 346 229 299
17 162 366 160
