3
3
L1 318 0
U2 373 0
L3 251 0
15
123 129
131 40
141 52
2 15
194 54
350 337
101 66
107 21
231 290
172 332
328 15
9 241
235 23
252 120
267 319
1 L1
14 L1
281 246 318 0
395 212 318 0
83 64 318 0
568 321 318 0
437 249 318 0
89 270 318 0
349 292 318 0
140 139 318 0
186 80 318 0
11 287 318 0
284 224 318 0
580 50 318 0
423 145 318 0
277 331 318 0
1 L3
14 L3
77 129 251 0
100 326 251 0
69 217 251 0
395 88 251 0
356 65 251 0
118 275 251 0
505 204 251 0
541 157 251 0
254 50 251 0
311 70 251 0
580 61 251 0
25 50 251 0
342 288 251 0
27 296 251 0
1 U2
373 0 272 345
14 U2
373 0 202 145
373 0 468 100
373 0 304 106
373 0 360 171
373 0 350 96
373 0 44 201
373 0 330 146
373 0 391 349
373 0 463 326
373 0 401 179
373 0 541 155
373 0 135 187
373 0 502 341
373 0 62 167
3
281 246 78 169
77 129 113 143
395 212 31 212
