3
3
L1 355 0
U2 192 0
L3 598 0
9
219 105
203 343
545 238
123 287
481 218
517 306
52 6
475 164
350 3
1 L1
18 L1
176 160 355 0
62 92 355 0
374 285 355 0
162 264 355 0
177 309 355 0
316 142 355 0
280 284 355 0
398 325 355 0
226 60 355 0
430 86 355 0
122 136 355 0
563 94 355 0
585 277 355 0
264 160 355 0
95 302 355 0
352 198 355 0
111 202 355 0
161 178 355 0
1 L3
18 L3
556 179 598 0
31 146 598 0
347 140 598 0
28 262 598 0
162 137 598 0
168 90 598 0
57 305 598 0
305 215 598 0
124 66 598 0
250 178 598 0
304 121 598 0
464 264 598 0
160 95 598 0
528 65 598 0
311 56 598 0
551 183 598 0
471 87 598 0
229 173 598 0
1 U2
192 0 429 93
18 U2
192 0 515 147
192 0 596 101
192 0 462 142
192 0 583 145
192 0 131 101
192 0 308 338
192 0 575 287
192 0 18 106
192 0 67 301
192 0 176 195
192 0 362 63
192 0 248 323
192 0 572 207
192 0 250 59
192 0 283 216
192 0 236 228
192 0 133 141
192 0 170 298
9
176 160 368 288
556 179 544 175
62 92 27 222
31 146 321 337
374 285 171 198
347 140 221 266
162 264 263 125
28 262 332 101
177 309 58 333
