5
5
L1 447 0
U2 597 0
L3 230 0
U4 526 0
L5 454 0
15
64 103
148 250
305 209
472 0
254 300
371 144
181 206
593 168
570 73
488 171
322 144
92 268
183 86
98 138
139 194
2 L1
18 L1
319 233 447 0
337 336 447 0
221 51 447 0
172 311 447 0
463 347 447 0
217 209 447 0
182 183 447 0
173 129 447 0
6 152 447 0
297 211 447 0
177 85 447 0
330 187 447 0
498 115 447 0
343 52 447 0
385 186 447 0
373 77 447 0
241 105 447 0
434 223 447 0
2 L3
18 L3
100 308 230 0
215 101 230 0
116 231 230 0
276 276 230 0
493 164 230 0
469 210 230 0
508 214 230 0
555 160 230 0
149 301 230 0
208 334 230 0
284 294 230 0
557 262 230 0
441 279 230 0
577 201 230 0
161 55 230 0
463 78 230 0
490 210 230 0
563 154 230 0
2 L5
18 L5
225 162 454 0
396 104 454 0
62 288 454 0
285 275 454 0
276 91 454 0
396 279 454 0
472 124 454 0
232 350 454 0
64 59 454 0
253 258 454 0
396 85 454 0
399 191 454 0
106 52 454 0
433 350 454 0
376 69 454 0
29 195 454 0
36 126 454 0
131 105 454 0
2 U2
597 0 160 188
597 0 143 307
18 U2
597 0 24 296
597 0 244 165
597 0 470 109
597 0 109 311
597 0 289 58
597 0 420 105
597 0 81 204
597 0 82 129
597 0 566 183
597 0 505 130
597 0 249 333
597 0 213 324
597 0 443 271
597 0 358 165
597 0 573 152
597 0 127 88
597 0 107 314
597 0 366 303
2 U4
526 0 323 121
526 0 94 341
18 U4
526 0 51 337
526 0 60 65
526 0 559 250
526 0 535 189
526 0 558 268
526 0 340 120
526 0 387 185
526 0 427 212
526 0 575 157
526 0 408 234
526 0 26 214
526 0 100 308
526 0 92 53
526 0 59 130
526 0 482 255
526 0 329 83
526 0 321 90
526 0 340 111
14
319 233 1 178
100 308 490 336
225 162 305 257
337 336 275 281
215 101 47 325
396 104 291 166
221 51 478 124
116 231 5 260
62 288 585 106
172 311 342 279
276 276 161 191
285 275 39 312
463 347 562 214
493 164 239 213
