3
3
L1 68 0
U2 90 0
L3 273 0
12
77 224
565 170
322 11
97 335
278 172
71 323
524 92
432 211
496 312
502 176
404 135
126 66
1 L1
22 L1
116 211 68 0
29 285 68 0
259 90 68 0
106 99 68 0
309 262 68 0
189 57 68 0
395 194 68 0
147 108 68 0
213 206 68 0
402 138 68 0
444 94 68 0
541 309 68 0
339 135 68 0
46 79 68 0
160 182 68 0
199 341 68 0
353 227 68 0
50 219 68 0
228 65 68 0
428 241 68 0
554 119 68 0
161 134 68 0
1 L3
22 L3
71 208 273 0
311 290 273 0
226 236 273 0
240 94 273 0
493 226 273 0
219 275 273 0
277 312 273 0
451 227 273 0
247 90 273 0
529 78 273 0
297 293 273 0
74 64 273 0
312 346 273 0
441 339 273 0
76 106 273 0
459 144 273 0
221 206 273 0
506 90 273 0
222 244 273 0
363 184 273 0
87 224 273 0
336 204 273 0
1 U2
90 0 499 196
22 U2
90 0 311 66
90 0 407 139
90 0 514 174
90 0 487 195
90 0 138 324
90 0 67 210
90 0 43 89
90 0 43 101
90 0 318 220
90 0 449 93
90 0 325 230
90 0 529 231
90 0 584 181
90 0 454 58
90 0 519 276
90 0 63 227
90 0 283 191
90 0 282 220
90 0 566 103
90 0 189 93
90 0 434 111
90 0 252 335
10
116 211 548 72
71 208 591 202
29 285 109 67
311 290 332 169
259 90 135 208
226 236 213 103
106 99 589 164
240 94 504 97
309 262 26 332
493 226 335 257
