5
5
L1 159 0
U2 442 0
L3 483 0
U4 328 0
L5 354 0
25
471 249
331 152
465 245
331 22
348 304
558 169
36 285
251 236
265 49
452 172
87 64
532 148
383 195
84 334
132 281
512 19
208 3
307 58
375 141
335 171
173 75
67 338
527 220
150 347
586 327
2 L1
18 L1
304 246 159 0
50 135 159 0
492 347 159 0
382 193 159 0
434 219 159 0
445 282 159 0
510 93 159 0
154 85 159 0
171 195 159 0
457 232 159 0
332 214 159 0
448 272 159 0
56 65 159 0
508 263 159 0
512 190 159 0
573 184 159 0
167 64 159 0
279 116 159 0
2 L3
18 L3
466 264 483 0
419 260 483 0
328 81 483 0
0 222 483 0
288 261 483 0
114 249 483 0
269 322 483 0
75 311 483 0
363 60 483 0
64 236 483 0
341 311 483 0
527 170 483 0
320 191 483 0
272 182 483 0
584 54 483 0
470 108 483 0
469 69 483 0
478 220 483 0
2 L5
18 L5
190 59 354 0
401 256 354 0
65 325 354 0
202 285 354 0
164 224 354 0
129 84 354 0
238 84 354 0
376 168 354 0
145 347 354 0
86 132 354 0
123 115 354 0
26 137 354 0
482 193 354 0
305 146 354 0
493 165 354 0
308 51 354 0
162 334 354 0
466 83 354 0
2 U2
442 0 229 202
442 0 277 96
18 U2
442 0 517 350
442 0 241 348
442 0 592 337
442 0 223 105
442 0 103 334
442 0 289 310
442 0 455 155
442 0 389 66
442 0 340 326
442 0 535 139
442 0 303 255
442 0 490 216
442 0 86 234
442 0 355 279
442 0 327 83
442 0 597 298
442 0 113 273
442 0 493 207
2 U4
328 0 86 161
328 0 392 194
18 U4
328 0 57 347
328 0 504 50
328 0 75 122
328 0 306 121
328 0 484 340
328 0 422 111
328 0 166 288
328 0 300 117
328 0 470 155
328 0 8 222
328 0 286 301
328 0 561 168
328 0 242 95
328 0 228 169
328 0 441 163
328 0 595 168
328 0 157 130
328 0 587 237
9
304 246 429 199
466 264 574 334
190 59 178 125
50 135 320 305
419 260 411 89
401 256 148 98
492 347 201 58
328 81 445 349
65 325 245 58
