3
5
L1 404 0
U2 470 0
L3 329 0
U4 370 0
L5 170 0
20
472 160
68 5
267 111
547 106
50 171
392 282
360 167
471 282
550 278
77 196
352 335
310 157
448 62
403 273
30 164
82 87
178 78
129 121
155 338
337 350
1 L1
10 L1
141 336 404 0
585 149 404 0
368 291 404 0
245 223 404 0
100 236 404 0
366 99 404 0
0 68 404 0
13 304 404 0
180 167 404 0
390 117 404 0
1 L3
10 L3
429 289 329 0
546 179 329 0
117 217 329 0
41 75 329 0
170 127 329 0
323 305 329 0
65 71 329 0
22 326 329 0
265 286 329 0
243 76 329 0
1 L5
10 L5
61 105 170 0
419 269 170 0
231 252 170 0
106 64 170 0
263 287 170 0
358 268 170 0
269 242 170 0
220 204 170 0
62 134 170 0
60 306 170 0
1 U2
470 0 131 198
10 U2
470 0 148 50
470 0 46 93
470 0 277 193
470 0 170 205
470 0 18 248
470 0 94 292
470 0 154 312
470 0 176 327
470 0 186 280
470 0 486 241
1 U4
370 0 408 348
10 U4
370 0 333 152
370 0 102 214
370 0 133 273
370 0 278 325
370 0 300 51
370 0 387 109
370 0 20 56
370 0 526 266
370 0 465 73
370 0 248 304
3
141 336 87 166
429 289 502 177
61 105 409 53
