4
5
L1 212 0
U2 54 0
L3 324 0
U4 419 0
L5 513 0
25
50 233
597 266
528 94
566 263
551 190
139 348
330 227
287 229
124 126
319 112
439 238
423 51
177 3
366 226
463 325
392 117
376 126
100 246
76 271
387 111
18 94
393 133
586 62
499 309
106 283
2 L1
18 L1
315 300 212 0
139 249 212 0
337 247 212 0
134 124 212 0
36 54 212 0
511 305 212 0
51 246 212 0
100 329 212 0
544 214 212 0
80 296 212 0
13 154 212 0
157 117 212 0
388 149 212 0
346 109 212 0
533 338 212 0
47 55 212 0
119 176 212 0
300 208 212 0
2 L3
18 L3
180 288 324 0
448 106 324 0
328 137 324 0
593 189 324 0
229 337 324 0
338 269 324 0
370 255 324 0
429 341 324 0
437 63 324 0
24 141 324 0
173 186 324 0
567 210 324 0
308 218 324 0
288 145 324 0
460 126 324 0
440 209 324 0
76 160 324 0
85 103 324 0
2 L5
18 L5
207 225 513 0
499 348 513 0
289 163 513 0
532 110 513 0
489 275 513 0
125 287 513 0
100 119 513 0
518 84 513 0
446 159 513 0
419 257 513 0
92 64 513 0
1 168 513 0
555 207 513 0
445 70 513 0
421 115 513 0
471 97 513 0
522 186 513 0
586 234 513 0
2 U2
54 0 304 136
54 0 320 333
18 U2
54 0 428 185
54 0 60 331
54 0 571 327
54 0 429 273
54 0 350 171
54 0 499 191
54 0 173 95
54 0 360 323
54 0 185 208
54 0 136 305
54 0 387 168
54 0 184 335
54 0 344 260
54 0 422 101
54 0 568 56
54 0 293 235
54 0 461 253
54 0 432 242
2 U4
419 0 183 344
419 0 489 274
18 U4
419 0 125 218
419 0 323 314
419 0 458 342
419 0 19 240
419 0 208 313
419 0 461 293
419 0 10 101
419 0 200 333
419 0 72 229
419 0 150 192
419 0 196 238
419 0 312 191
419 0 134 106
419 0 33 156
419 0 20 93
419 0 63 130
419 0 496 134
419 0 141 62
14
315 300 486 288
180 288 396 167
207 225 38 311
139 249 96 137
448 106 492 175
499 348 351 190
337 247 147 126
328 137 326 119
289 163 247 312
134 124 595 132
593 189 371 183
532 110 192 321
36 54 524 162
229 337 387 136
