5
3
L1 306 0
U2 409 0
L3 46 0
15
402 226
105 8
60 31
509 194
38 248
354 21
457 140
534 212
535 230
280 291
525 129
550 311
116 198
472 204
49 155
2 L1
22 L1
83 78 306 0
463 189 306 0
219 167 306 0
366 295 306 0
237 237 306 0
93 193 306 0
380 216 306 0
416 172 306 0
524 70 306 0
280 242 306 0
32 212 306 0
138 296 306 0
110 97 306 0
175 185 306 0
181 341 306 0
192 329 306 0
47 72 306 0
414 208 306 0
397 252 306 0
433 179 306 0
511 77 306 0
171 277 306 0
2 L3
22 L3
389 157 46 0
101 179 46 0
517 312 46 0
576 167 46 0
408 321 46 0
571 172 46 0
197 206 46 0
329 146 46 0
165 285 46 0
45 198 46 0
489 213 46 0
26 261 46 0
540 86 46 0
513 185 46 0
371 58 46 0
106 112 46 0
315 158 46 0
430 109 46 0
180 169 46 0
499 56 46 0
47 324 46 0
44 278 46 0
2 U2
409 0 102 201
409 0 118 335
22 U2
409 0 67 344
409 0 237 309
409 0 412 314
409 0 326 180
409 0 69 86
409 0 422 78
409 0 566 240
409 0 407 313
409 0 17 156
409 0 367 162
409 0 50 203
409 0 424 103
409 0 277 299
409 0 268 64
409 0 283 171
409 0 149 294
409 0 408 332
409 0 335 53
409 0 345 157
409 0 153 197
409 0 179 178
409 0 598 145
4
83 78 448 63
389 157 72 336
463 189 139 114
101 179 286 299
