3
5
L1 101 0
U2 514 0
L3 63 0
U4 234 0
L5 123 0
15
199 268
547 215
205 81
52 252
134 210
500 63
177 84
218 221
404 98
299 218
442 151
464 156
59 298
35 235
126 319
1 L1
10 L1
200 130 101 0
394 84 101 0
344 60 101 0
536 210 101 0
208 242 101 0
13 110 101 0
351 62 101 0
165 338 101 0
235 128 101 0
21 315 101 0
1 L3
10 L3
215 245 63 0
127 256 63 0
522 180 63 0
439 270 63 0
491 300 63 0
599 322 63 0
339 236 63 0
367 337 63 0
408 288 63 0
135 200 63 0
1 L5
10 L5
376 147 123 0
118 71 123 0
361 289 123 0
227 161 123 0
575 327 123 0
112 52 123 0
571 125 123 0
312 126 123 0
313 114 123 0
498 317 123 0
1 U2
514 0 321 136
10 U2
514 0 583 302
514 0 95 267
514 0 257 233
514 0 474 257
514 0 75 250
514 0 491 335
514 0 225 93
514 0 414 182
514 0 353 108
514 0 570 53
1 U4
234 0 497 79
10 U4
234 0 575 196
234 0 34 201
234 0 337 251
234 0 391 211
234 0 347 77
234 0 71 259
234 0 152 121
234 0 562 143
234 0 40 292
234 0 189 221
3
200 130 225 307
215 245 415 298
376 147 34 76
