5
3
L1 46 0
U2 379 0
L3 559 0
15
385 21
482 91
417 319
201 316
332 226
388 21
551 67
345 179
404 142
558 292
222 284
0 157
84 46
496 260
336 123
2 L1
18 L1
521 129 46 0
480 326 46 0
369 190 46 0
507 329 46 0
306 122 46 0
304 327 46 0
198 137 46 0
226 288 46 0
523 290 46 0
462 235 46 0
300 90 46 0
555 297 46 0
198 287 46 0
561 67 46 0
69 203 46 0
497 146 46 0
174 52 46 0
493 241 46 0
2 L3
18 L3
464 313 559 0
191 86 559 0
304 348 559 0
441 77 559 0
70 125 559 0
453 318 559 0
504 113 559 0
325 261 559 0
528 237 559 0
597 260 559 0
368 274 559 0
32 284 559 0
297 303 559 0
181 70 559 0
277 145 559 0
72 321 559 0
173 318 559 0
216 147 559 0
2 U2
379 0 467 228
379 0 479 183
18 U2
379 0 194 150
379 0 218 350
379 0 232 217
379 0 88 73
379 0 189 233
379 0 588 226
379 0 35 345
379 0 375 283
379 0 460 263
379 0 403 244
379 0 3 95
379 0 92 303
379 0 375 242
379 0 391 221
379 0 438 182
379 0 349 146
379 0 205 121
379 0 510 187
9
521 129 145 73
464 313 526 290
480 326 526 148
191 86 462 246
369 190 334 141
304 348 276 107
507 329 211 228
441 77 577 176
306 122 390 288
