5
4
L1 183 0
U2 72 0
L3 125 0
U4 331 0
16
441 272
575 299
543 86
178 313
248 299
392 269
459 14
252 25
106 7
378 26
349 290
316 58
107 51
281 121
72 90
300 68
2 L1
14 L1
521 260 183 0
271 223 183 0
168 238 183 0
230 72 183 0
84 235 183 0
269 55 183 0
463 244 183 0
451 277 183 0
376 54 183 0
372 86 183 0
107 345 183 0
158 343 183 0
213 123 183 0
341 235 183 0
2 L3
14 L3
196 233 125 0
587 319 125 0
195 304 125 0
256 304 125 0
44 258 125 0
454 254 125 0
110 263 125 0
522 224 125 0
567 257 125 0
169 102 125 0
86 82 125 0
230 305 125 0
155 342 125 0
409 284 125 0
2 U2
72 0 152 113
72 0 376 57
14 U2
72 0 161 60
72 0 539 70
72 0 156 84
72 0 549 345
72 0 494 265
72 0 168 170
72 0 377 130
72 0 286 139
72 0 399 318
72 0 524 230
72 0 221 89
72 0 98 68
72 0 178 176
72 0 478 177
2 U4
331 0 345 349
331 0 330 331
14 U4
331 0 41 210
331 0 46 163
331 0 325 239
331 0 31 116
331 0 549 140
331 0 308 94
331 0 264 238
331 0 280 77
331 0 442 325
331 0 458 52
331 0 107 302
331 0 402 340
331 0 141 107
331 0 470 247
9
521 260 566 135
196 233 40 58
271 223 489 250
587 319 199 287
168 238 513 216
195 304 120 51
230 72 112 138
256 304 7 136
84 235 261 309
