5
5
L1 13 0
U2 423 0
L3 65 0
U4 89 0
L5 57 0
20
445 154
97 119
35 230
305 191
385 179
109 107
59 198
370 149
419 8
364 312
578 261
511 37
175 304
34 103
150 220
42 123
266 48
516 154
454 295
464 195
2 L1
10 L1
565 230 13 0
74 153 13 0
117 309 13 0
106 261 13 0
301 205 13 0
528 273 13 0
314 101 13 0
464 344 13 0
471 216 13 0
65 61 13 0
2 L3
10 L3
143 98 65 0
115 224 65 0
445 150 65 0
239 295 65 0
377 193 65 0
192 240 65 0
257 140 65 0
596 273 65 0
215 167 65 0
349 127 65 0
2 L5
10 L5
459 124 57 0
557 123 57 0
169 238 57 0
408 314 57 0
468 286 57 0
483 110 57 0
180 350 57 0
548 237 57 0
384 277 57 0
82 78 57 0
2 U2
423 0 75 234
423 0 63 324
10 U2
423 0 113 51
423 0 388 105
423 0 185 232
423 0 513 244
423 0 305 274
423 0 484 291
423 0 146 68
423 0 359 230
423 0 469 99
423 0 428 317
2 U4
89 0 436 64
89 0 231 176
10 U4
89 0 133 83
89 0 492 332
89 0 383 230
89 0 401 303
89 0 442 238
89 0 245 270
89 0 314 108
89 0 30 136
89 0 514 289
89 0 406 153
8
565 230 258 301
143 98 524 151
459 124 2 102
74 153 463 292
115 224 150 320
557 123 6 341
117 309 273 343
445 150 280 137
