3
5
L1 109 0
U2 441 0
L3 530 0
U4 299 0
L5 481 0
15
66 216
335 171
598 37
283 148
403 76
584 263
234 25
3 278
368 109
448 340
97 126
63 68
7 59
480 115
509 219
1 L1
22 L1
528 289 109 0
486 189 109 0
53 272 109 0
125 67 109 0
580 91 109 0
201 333 109 0
181 343 109 0
562 167 109 0
590 246 109 0
43 305 109 0
527 226 109 0
94 196 109 0
119 93 109 0
231 61 109 0
507 236 109 0
29 161 109 0
520 99 109 0
595 183 109 0
453 247 109 0
454 246 109 0
96 70 109 0
360 138 109 0
1 L3
22 L3
274 91 530 0
481 187 530 0
397 188 530 0
442 65 530 0
518 62 530 0
92 300 530 0
19 185 530 0
288 342 530 0
395 347 530 0
126 88 530 0
153 215 530 0
348 58 530 0
424 301 530 0
158 255 530 0
154 211 530 0
283 245 530 0
115 133 530 0
222 232 530 0
113 211 530 0
376 80 530 0
475 84 530 0
568 88 530 0
1 L5
22 L5
360 241 481 0
553 283 481 0
280 116 481 0
227 331 481 0
467 151 481 0
475 155 481 0
155 333 481 0
245 126 481 0
323 248 481 0
502 346 481 0
580 112 481 0
293 65 481 0
246 94 481 0
87 163 481 0
367 93 481 0
176 265 481 0
21 92 481 0
504 214 481 0
362 326 481 0
276 172 481 0
463 239 481 0
413 290 481 0
1 U2
441 0 62 154
22 U2
441 0 517 86
441 0 550 81
441 0 304 154
441 0 41 100
441 0 280 260
441 0 425 236
441 0 225 254
441 0 7 63
441 0 251 187
441 0 574 181
441 0 545 251
441 0 560 280
441 0 298 271
441 0 107 64
441 0 537 217
441 0 536 125
441 0 564 80
441 0 26 284
441 0 558 194
441 0 187 280
441 0 284 174
441 0 236 314
1 U4
299 0 24 267
22 U4
299 0 283 242
299 0 114 101
299 0 372 177
299 0 30 170
299 0 361 54
299 0 239 191
299 0 200 124
299 0 241 339
299 0 94 158
299 0 337 279
299 0 97 64
299 0 205 208
299 0 133 340
299 0 437 225
299 0 290 197
299 0 174 225
299 0 342 148
299 0 336 300
299 0 269 349
299 0 314 146
299 0 197 91
299 0 44 272
17
528 289 507 181
274 91 186 90
360 241 510 101
486 189 515 90
481 187 116 147
553 283 179 266
53 272 56 207
397 188 272 346
280 116 172 341
125 67 547 135
442 65 534 71
227 331 131 176
580 91 126 207
518 62 17 54
467 151 534 346
201 333 600 137
92 300 458 132
