5
3
L1 423 0
U2 239 0
L3 336 0
12
416 23
172 121
297 121
533 140
600 162
520 80
314 132
350 344
133 64
213 62
175 254
176 92
2 L1
14 L1
314 228 423 0
275 100 423 0
457 339 423 0
136 274 423 0
33 64 423 0
264 309 423 0
70 295 423 0
228 309 423 0
408 122 423 0
514 86 423 0
450 243 423 0
22 272 423 0
114 241 423 0
220 148 423 0
2 L3
14 L3
208 298 336 0
448 187 336 0
196 274 336 0
38 101 336 0
466 306 336 0
325 345 336 0
546 206 336 0
411 327 336 0
196 272 336 0
544 216 336 0
576 271 336 0
463 246 336 0
217 63 336 0
371 233 336 0
2 U2
239 0 122 169
239 0 285 76
14 U2
239 0 102 341
239 0 98 322
239 0 135 298
239 0 262 161
239 0 126 75
239 0 215 278
239 0 521 299
239 0 301 242
239 0 203 127
239 0 274 139
239 0 138 346
239 0 399 59
239 0 35 183
239 0 544 130
3
314 228 469 129
208 298 175 97
275 100 501 330
