4
3
L1 334 0
U2 184 0
L3 117 0
9
530 251
345 175
164 73
296 11
146 83
391 152
537 309
276 54
490 30
2 L1
10 L1
401 241 334 0
551 177 334 0
431 51 334 0
350 322 334 0
369 66 334 0
561 139 334 0
418 276 334 0
53 101 334 0
449 350 334 0
538 280 334 0
2 L3
10 L3
413 117 117 0
79 204 117 0
388 72 117 0
263 184 117 0
93 85 117 0
527 267 117 0
192 215 117 0
394 228 117 0
492 147 117 0
48 333 117 0
2 U2
184 0 346 115
184 0 55 300
10 U2
184 0 244 238
184 0 327 301
184 0 300 273
184 0 539 316
184 0 272 185
184 0 123 311
184 0 356 315
184 0 411 53
184 0 314 311
184 0 551 233
5
401 241 269 349
413 117 229 222
551 177 491 83
79 204 141 303
431 51 495 188
