5
4
L1 412 0
U2 285 0
L3 267 0
U4 213 0
12
23 100
373 146
31 199
254 286
162 147
473 228
12 320
215 66
258 42
32 6
255 240
160 53
2 L1
14 L1
19 286 412 0
483 211 412 0
515 235 412 0
42 124 412 0
314 74 412 0
502 150 412 0
222 124 412 0
237 91 412 0
289 151 412 0
67 75 412 0
585 256 412 0
332 262 412 0
228 305 412 0
54 227 412 0
2 L3
14 L3
423 60 267 0
57 322 267 0
185 343 267 0
595 62 267 0
293 69 267 0
579 215 267 0
390 149 267 0
343 57 267 0
250 66 267 0
387 272 267 0
155 284 267 0
230 333 267 0
424 269 267 0
315 317 267 0
2 U2
285 0 242 130
285 0 291 224
14 U2
285 0 409 260
285 0 599 66
285 0 230 132
285 0 474 54
285 0 70 347
285 0 217 118
285 0 530 347
285 0 5 340
285 0 284 154
285 0 289 300
285 0 70 283
285 0 571 74
285 0 306 313
285 0 57 116
2 U4
213 0 509 60
213 0 367 124
14 U4
213 0 272 113
213 0 457 193
213 0 266 285
213 0 307 331
213 0 445 177
213 0 471 250
213 0 140 57
213 0 33 331
213 0 545 159
213 0 54 212
213 0 396 198
213 0 381 245
213 0 64 147
213 0 346 53
3
19 286 255 227
423 60 92 339
483 211 85 221
