3
4
L1 13 0
U2 244 0
L3 575 0
U4 557 0
16
510 57
491 61
239 112
385 22
123 294
198 17
118 94
375 287
367 126
1 77
421 5
502 121
65 57
54 303
405 202
500 275
1 L1
10 L1
413 120 13 0
468 329 13 0
457 195 13 0
378 159 13 0
330 146 13 0
529 120 13 0
370 53 13 0
125 290 13 0
131 66 13 0
391 116 13 0
1 L3
10 L3
22 162 575 0
229 321 575 0
368 65 575 0
143 343 575 0
456 270 575 0
27 58 575 0
292 112 575 0
413 138 575 0
294 164 575 0
2 325 575 0
1 U2
244 0 82 170
10 U2
244 0 356 184
244 0 374 261
244 0 242 105
244 0 198 171
244 0 567 209
244 0 344 328
244 0 66 222
244 0 3 60
244 0 188 187
244 0 570 151
1 U4
557 0 270 245
10 U4
557 0 0 265
557 0 150 88
557 0 407 156
557 0 235 55
557 0 402 56
557 0 430 162
557 0 437 87
557 0 395 174
557 0 211 140
557 0 384 128
4
413 120 116 122
22 162 130 162
468 329 513 122
229 321 211 205
