5
5
L1 237 0
U2 414 0
L3 231 0
U4 286 0
L5 283 0
20
213 34
41 338
41 41
13 148
579 16
414 322
99 328
210 212
200 206
503 35
71 338
339 227
478 173
166 322
397 182
313 184
535 122
274 55
346 330
270 300
2 L1
22 L1
373 104 237 0
139 166 237 0
210 164 237 0
366 267 237 0
534 105 237 0
125 189 237 0
37 53 237 0
299 72 237 0
541 158 237 0
201 195 237 0
247 237 237 0
505 129 237 0
450 282 237 0
202 150 237 0
418 189 237 0
477 280 237 0
353 283 237 0
410 187 237 0
417 147 237 0
355 328 237 0
301 257 237 0
218 157 237 0
2 L3
22 L3
200 116 231 0
238 185 231 0
289 265 231 0
194 97 231 0
51 263 231 0
345 324 231 0
283 273 231 0
371 218 231 0
390 236 231 0
92 310 231 0
34 326 231 0
532 164 231 0
280 247 231 0
391 243 231 0
442 244 231 0
399 181 231 0
430 259 231 0
563 176 231 0
511 110 231 0
47 155 231 0
414 284 231 0
256 263 231 0
2 L5
22 L5
153 322 283 0
435 106 283 0
493 212 283 0
97 277 283 0
503 270 283 0
444 165 283 0
213 297 283 0
591 161 283 0
571 133 283 0
270 88 283 0
230 236 283 0
488 210 283 0
491 233 283 0
62 103 283 0
0 256 283 0
480 265 283 0
417 226 283 0
81 134 283 0
108 178 283 0
322 321 283 0
142 199 283 0
526 124 283 0
2 U2
414 0 310 198
414 0 248 72
22 U2
414 0 282 298
414 0 206 310
414 0 267 168
414 0 92 243
414 0 486 201
414 0 234 255
414 0 22 150
414 0 414 244
414 0 101 258
414 0 168 318
414 0 582 299
414 0 327 300
414 0 281 71
414 0 406 255
414 0 235 314
414 0 31 217
414 0 316 315
414 0 552 310
414 0 362 265
414 0 423 286
414 0 0 321
414 0 198 248
2 U4
286 0 508 173
286 0 56 174
22 U4
286 0 390 258
286 0 444 107
286 0 409 50
286 0 418 346
286 0 314 237
286 0 524 245
286 0 200 54
286 0 203 139
286 0 522 121
286 0 127 170
286 0 192 69
286 0 531 235
286 0 68 347
286 0 397 265
286 0 304 191
286 0 77 158
286 0 151 307
286 0 294 132
286 0 545 268
286 0 429 155
286 0 559 145
286 0 99 308
6
373 104 278 192
200 116 571 272
153 322 362 143
139 166 235 75
238 185 326 168
435 106 25 197
