5
6
L1 168 0
U2 172 0
L3 118 0
U4 333 0
L5 374 0
U6 530 0
18
527 149
527 195
68 146
228 197
361 306
85 210
228 275
268 190
12 288
381 66
234 330
512 130
387 230
226 58
412 102
433 161
246 215
417 273
2 L1
14 L1
535 67 168 0
517 187 168 0
339 274 168 0
284 265 168 0
5 127 168 0
421 227 168 0
560 216 168 0
565 216 168 0
286 327 168 0
223 311 168 0
186 224 168 0
419 76 168 0
102 238 168 0
2 137 168 0
2 L3
14 L3
401 323 118 0
258 80 118 0
482 307 118 0
274 211 118 0
114 331 118 0
199 103 118 0
175 80 118 0
234 212 118 0
567 350 118 0
566 101 118 0
143 59 118 0
550 271 118 0
1 118 118 0
286 133 118 0
2 L5
14 L5
384 89 374 0
584 109 374 0
354 155 374 0
92 217 374 0
532 177 374 0
25 183 374 0
386 58 374 0
326 99 374 0
21 177 374 0
259 58 374 0
249 145 374 0
427 52 374 0
590 226 374 0
492 105 374 0
2 U2
172 0 179 262
172 0 9 89
14 U2
172 0 160 81
172 0 46 185
172 0 497 117
172 0 391 326
172 0 560 83
172 0 577 231
172 0 389 255
172 0 570 269
172 0 38 326
172 0 293 301
172 0 294 78
172 0 306 173
172 0 111 127
172 0 98 255
2 U4
333 0 104 127
333 0 505 314
14 U4
333 0 575 326
333 0 229 201
333 0 122 319
333 0 513 92
333 0 416 186
333 0 202 131
333 0 177 76
333 0 9 275
333 0 138 349
333 0 286 158
333 0 580 283
333 0 492 289
333 0 128 314
333 0 552 212
2 U6
530 0 109 143
530 0 315 126
14 U6
530 0 523 314
530 0 459 63
530 0 437 174
530 0 334 166
530 0 62 242
530 0 195 125
530 0 337 76
530 0 42 169
530 0 66 66
530 0 457 99
530 0 564 74
530 0 229 268
530 0 291 246
530 0 474 71
5
535 67 345 62
401 323 396 137
384 89 524 303
517 187 199 322
258 80 346 58
