3
6
L1 105 0
U2 480 0
L3 126 0
U4 203 0
L5 221 0
U6 226 0
18
479 153
585 116
377 338
141 18
369 305
192 50
528 193
368 260
359 138
68 271
538 148
504 34
241 328
75 117
130 200
242 20
176 167
539 25
1 L1
10 L1
546 162 105 0
244 328 105 0
495 292 105 0
310 171 105 0
230 181 105 0
53 293 105 0
167 225 105 0
540 236 105 0
117 132 105 0
507 120 105 0
1 L3
10 L3
513 135 126 0
492 228 126 0
338 300 126 0
445 245 126 0
261 164 126 0
485 95 126 0
202 263 126 0
497 125 126 0
568 296 126 0
61 226 126 0
1 L5
10 L5
417 301 221 0
119 281 221 0
564 303 221 0
103 191 221 0
128 345 221 0
421 309 221 0
375 220 221 0
589 76 221 0
431 188 221 0
481 343 221 0
1 U2
480 0 375 163
10 U2
480 0 63 142
480 0 589 156
480 0 315 331
480 0 4 147
480 0 269 254
480 0 16 101
480 0 347 127
480 0 457 248
480 0 477 75
480 0 424 152
1 U4
203 0 549 135
10 U4
203 0 123 83
203 0 275 210
203 0 319 201
203 0 68 222
203 0 423 225
203 0 8 194
203 0 495 281
203 0 547 121
203 0 244 176
203 0 489 79
1 U6
226 0 96 183
10 U6
226 0 88 104
226 0 244 57
226 0 221 80
226 0 539 311
226 0 231 253
226 0 111 317
226 0 171 81
226 0 273 349
226 0 244 112
226 0 410 193
9
546 162 380 210
513 135 494 87
417 301 293 235
244 328 331 104
492 228 508 309
119 281 136 257
495 292 507 149
338 300 127 137
564 303 367 57
