5
6
L1 573 0
U2 379 0
L3 552 0
U4 521 0
L5 242 0
U6 124 0
18
581 32
517 301
163 117
333 164
25 340
518 311
305 50
502 280
40 289
387 211
438 319
2 260
24 2
373 338
503 278
496 43
150 102
167 341
2 L1
18 L1
73 219 573 0
129 126 573 0
539 145 573 0
487 284 573 0
66 172 573 0
468 53 573 0
38 94 573 0
25 94 573 0
77 89 573 0
593 324 573 0
73 85 573 0
117 89 573 0
196 168 573 0
2 81 573 0
107 156 573 0
596 248 573 0
6 198 573 0
263 243 573 0
2 L3
18 L3
22 216 552 0
94 197 552 0
523 195 552 0
595 142 552 0
262 188 552 0
69 157 552 0
26 331 552 0
453 138 552 0
57 170 552 0
174 50 552 0
400 135 552 0
217 122 552 0
165 206 552 0
600 130 552 0
471 124 552 0
325 283 552 0
286 331 552 0
6 281 552 0
2 L5
18 L5
515 123 242 0
253 297 242 0
551 212 242 0
365 123 242 0
446 162 242 0
247 308 242 0
380 148 242 0
176 227 242 0
577 73 242 0
403 223 242 0
573 207 242 0
352 167 242 0
27 286 242 0
417 162 242 0
537 260 242 0
289 297 242 0
278 129 242 0
425 246 242 0
2 U2
379 0 537 253
379 0 460 78
18 U2
379 0 381 131
379 0 350 265
379 0 593 282
379 0 196 328
379 0 182 73
379 0 469 137
379 0 150 288
379 0 265 166
379 0 225 209
379 0 142 164
379 0 552 314
379 0 11 113
379 0 414 331
379 0 134 304
379 0 89 243
379 0 396 209
379 0 24 180
379 0 240 160
2 U4
521 0 463 94
521 0 242 280
18 U4
521 0 446 216
521 0 198 339
521 0 90 322
521 0 350 227
521 0 230 118
521 0 84 284
521 0 68 167
521 0 263 254
521 0 75 111
521 0 346 241
521 0 499 207
521 0 519 303
521 0 463 245
521 0 310 159
521 0 392 187
521 0 393 196
521 0 551 224
521 0 351 210
2 U6
124 0 307 157
124 0 293 176
18 U6
124 0 42 81
124 0 38 108
124 0 351 109
124 0 270 319
124 0 396 233
124 0 180 343
124 0 96 258
124 0 340 56
124 0 405 230
124 0 123 292
124 0 74 52
124 0 74 113
124 0 376 165
124 0 576 215
124 0 119 350
124 0 390 215
124 0 499 222
124 0 526 173
17
73 219 27 86
22 216 303 186
515 123 207 316
129 126 22 181
94 197 84 233
253 297 575 155
539 145 441 207
523 195 369 313
551 212 272 313
487 284 594 320
595 142 331 297
365 123 285 145
66 172 404 198
262 188 80 61
446 162 259 246
468 53 285 105
69 157 50 251
