5
6
L1 103 0
U2 2 0
L3 40 0
U4 297 0
L5 345 0
U6 588 0
18
92 70
329 281
137 54
279 233
372 90
20 289
30 156
592 340
488 14
403 35
557 154
266 141
59 150
150 25
269 73
477 12
321 90
283 68
2 L1
14 L1
491 149 103 0
101 241 103 0
338 310 103 0
522 157 103 0
83 191 103 0
185 277 103 0
120 118 103 0
357 317 103 0
413 144 103 0
170 336 103 0
298 101 103 0
501 155 103 0
147 307 103 0
557 270 103 0
2 L3
14 L3
540 347 40 0
577 114 40 0
313 228 40 0
578 329 40 0
572 123 40 0
25 295 40 0
82 159 40 0
502 328 40 0
274 286 40 0
289 291 40 0
531 286 40 0
427 209 40 0
107 151 40 0
514 68 40 0
2 L5
14 L5
337 285 345 0
419 178 345 0
97 136 345 0
64 159 345 0
150 232 345 0
248 286 345 0
158 283 345 0
29 107 345 0
542 337 345 0
41 63 345 0
576 277 345 0
36 246 345 0
479 225 345 0
12 300 345 0
2 U2
2 0 581 143
2 0 210 174
14 U2
2 0 363 274
2 0 566 209
2 0 177 128
2 0 349 328
2 0 259 169
2 0 553 125
2 0 349 78
2 0 596 68
2 0 427 265
2 0 149 117
2 0 508 204
2 0 394 185
2 0 580 192
2 0 309 269
2 U4
297 0 489 221
297 0 40 267
14 U4
297 0 308 296
297 0 562 127
297 0 445 81
297 0 133 322
297 0 547 272
297 0 83 318
297 0 334 276
297 0 163 297
297 0 115 245
297 0 575 82
297 0 517 98
297 0 69 285
297 0 31 276
297 0 75 276
2 U6
588 0 61 143
588 0 119 260
14 U6
588 0 261 284
588 0 158 318
588 0 510 287
588 0 582 324
588 0 400 238
588 0 329 271
588 0 247 128
588 0 392 325
588 0 503 142
588 0 52 306
588 0 519 302
588 0 152 52
588 0 145 108
588 0 437 277
9
491 149 559 242
540 347 458 51
337 285 143 264
101 241 184 217
577 114 370 309
419 178 442 245
338 310 97 95
313 228 167 206
97 136 60 275
