3
3
L1 114 0
U2 438 0
L3 428 0
12
283 232
50 218
293 112
104 116
185 346
251 73
84 241
102 217
306 201
123 336
410 283
381 74
1 L1
18 L1
571 195 114 0
452 86 114 0
546 300 114 0
419 310 114 0
417 91 114 0
88 335 114 0
447 341 114 0
545 112 114 0
36 166 114 0
419 190 114 0
193 266 114 0
179 256 114 0
377 307 114 0
471 127 114 0
346 106 114 0
497 217 114 0
248 80 114 0
417 61 114 0
1 L3
18 L3
249 57 428 0
525 162 428 0
562 190 428 0
298 185 428 0
118 65 428 0
437 193 428 0
341 126 428 0
206 152 428 0
561 198 428 0
54 198 428 0
236 72 428 0
319 302 428 0
25 292 428 0
238 217 428 0
222 108 428 0
333 50 428 0
337 297 428 0
516 147 428 0
1 U2
438 0 343 239
18 U2
438 0 244 348
438 0 232 281
438 0 467 164
438 0 147 339
438 0 79 187
438 0 550 119
438 0 69 254
438 0 447 174
438 0 163 221
438 0 387 106
438 0 422 242
438 0 395 82
438 0 344 282
438 0 409 182
438 0 109 317
438 0 404 198
438 0 82 190
438 0 284 237
3
571 195 357 123
249 57 575 134
452 86 198 79
