3
6
L1 61 0
U2 491 0
L3 136 0
U4 346 0
L5 47 0
U6 553 0
24
497 31
347 68
119 287
279 194
213 37
147 58
134 192
51 83
560 267
364 295
381 100
513 272
497 16
47 216
322 341
48 204
534 115
308 288
2 300
472 13
104 313
443 347
299 299
403 277
1 L1
10 L1
80 307 61 0
415 321 61 0
450 167 61 0
414 276 61 0
230 286 61 0
339 330 61 0
362 346 61 0
5 347 61 0
120 138 61 0
155 205 61 0
1 L3
10 L3
433 281 136 0
422 180 136 0
487 187 136 0
241 184 136 0
5 168 136 0
439 142 136 0
52 325 136 0
542 223 136 0
118 223 136 0
291 164 136 0
1 L5
10 L5
424 152 47 0
449 117 47 0
166 264 47 0
553 163 47 0
244 84 47 0
169 285 47 0
101 105 47 0
138 52 47 0
284 55 47 0
565 59 47 0
1 U2
491 0 463 105
10 U2
491 0 389 177
491 0 472 169
491 0 379 65
491 0 244 62
491 0 111 101
491 0 215 243
491 0 283 81
491 0 153 97
491 0 482 129
491 0 135 266
1 U4
346 0 519 282
10 U4
346 0 378 272
346 0 580 156
346 0 376 247
346 0 527 217
346 0 200 326
346 0 268 51
346 0 70 307
346 0 102 259
346 0 454 204
346 0 460 128
1 U6
553 0 318 149
10 U6
553 0 294 127
553 0 351 320
553 0 534 86
553 0 438 312
553 0 243 331
553 0 423 185
553 0 262 239
553 0 579 70
553 0 575 257
553 0 365 217
6
80 307 555 139
433 281 415 75
424 152 522 90
415 321 583 157
422 180 248 149
449 117 360 321
