5
6
L1 383 0
U2 379 0
L3 498 0
U4 29 0
L5 389 0
U6 57 0
30
450 233
461 283
384 241
81 260
92 216
378 27
333 74
157 58
109 187
184 28
255 281
106 245
37 12
524 222
450 248
596 297
80 251
220 26
550 44
310 63
470 280
144 155
156 345
391 61
282 300
446 284
67 305
266 329
234 256
430 40
2 L1
10 L1
422 222 383 0
215 172 383 0
197 154 383 0
393 195 383 0
486 290 383 0
12 173 383 0
165 225 383 0
396 58 383 0
548 128 383 0
503 96 383 0
2 L3
10 L3
77 66 498 0
455 60 498 0
310 150 498 0
430 94 498 0
100 226 498 0
305 176 498 0
239 247 498 0
215 125 498 0
149 115 498 0
308 59 498 0
2 L5
10 L5
99 341 389 0
354 259 389 0
76 98 389 0
146 307 389 0
194 63 389 0
150 273 389 0
71 88 389 0
267 199 389 0
398 76 389 0
545 66 389 0
2 U2
379 0 164 293
379 0 359 236
10 U2
379 0 582 311
379 0 305 283
379 0 154 263
379 0 336 177
379 0 471 185
379 0 483 123
379 0 368 123
379 0 430 256
379 0 58 54
379 0 148 349
2 U4
29 0 97 171
29 0 25 345
10 U4
29 0 10 320
29 0 97 171
29 0 419 179
29 0 466 182
29 0 591 227
29 0 231 56
29 0 157 345
29 0 447 97
29 0 163 169
29 0 179 55
2 U6
57 0 126 115
57 0 68 80
10 U6
57 0 197 106
57 0 318 55
57 0 261 259
57 0 489 150
57 0 563 317
57 0 11 311
57 0 306 230
57 0 471 66
57 0 480 348
57 0 270 313
6
422 222 455 99
77 66 69 295
99 341 149 301
215 172 0 252
455 60 333 52
354 259 330 174
