4
5
L1 211 0
U2 391 0
L3 427 0
U4 487 0
L5 135 0
25
410 217
111 45
347 177
66 239
214 331
489 186
103 198
433 42
514 97
360 214
437 234
210 147
460 83
450 68
561 178
79 24
377 87
475 232
30 260
356 8
62 205
276 109
522 72
358 147
494 160
2 L1
14 L1
126 61 211 0
281 55 211 0
157 303 211 0
97 59 211 0
385 119 211 0
397 225 211 0
10 337 211 0
48 71 211 0
594 224 211 0
207 231 211 0
106 112 211 0
531 311 211 0
395 319 211 0
276 278 211 0
2 L3
14 L3
183 268 427 0
233 108 427 0
483 217 427 0
268 281 427 0
448 68 427 0
224 254 427 0
411 258 427 0
398 115 427 0
135 71 427 0
280 350 427 0
466 78 427 0
395 296 427 0
79 61 427 0
319 331 427 0
2 L5
14 L5
222 325 135 0
243 75 135 0
497 188 135 0
359 255 135 0
120 339 135 0
382 333 135 0
96 131 135 0
344 90 135 0
527 111 135 0
189 338 135 0
526 184 135 0
85 94 135 0
96 150 135 0
560 208 135 0
2 U2
391 0 79 59
391 0 86 335
14 U2
391 0 36 177
391 0 232 300
391 0 59 210
391 0 83 87
391 0 582 292
391 0 93 85
391 0 65 325
391 0 505 337
391 0 486 50
391 0 229 214
391 0 310 293
391 0 351 114
391 0 361 152
391 0 468 100
2 U4
487 0 54 349
487 0 354 291
14 U4
487 0 191 196
487 0 379 153
487 0 162 135
487 0 298 163
487 0 311 238
487 0 95 269
487 0 275 304
487 0 439 233
487 0 422 270
487 0 52 110
487 0 237 119
487 0 75 98
487 0 212 284
487 0 397 307
7
126 61 71 111
183 268 159 129
222 325 132 341
281 55 187 103
233 108 464 63
243 75 340 93
157 303 174 137
