3
3
L1 443 0
U2 228 0
L3 548 0
9
389 20
502 261
405 90
146 185
313 350
563 57
181 41
485 155
8 207
1 L1
18 L1
442 62 443 0
402 288 443 0
281 265 443 0
7 235 443 0
247 314 443 0
331 101 443 0
285 53 443 0
154 240 443 0
535 51 443 0
205 141 443 0
122 310 443 0
166 323 443 0
517 92 443 0
291 169 443 0
209 174 443 0
460 93 443 0
395 300 443 0
281 63 443 0
1 L3
18 L3
23 248 548 0
279 299 548 0
212 293 548 0
451 135 548 0
314 234 548 0
430 95 548 0
130 230 548 0
422 264 548 0
503 136 548 0
280 210 548 0
254 309 548 0
86 268 548 0
384 107 548 0
493 201 548 0
111 152 548 0
21 330 548 0
195 115 548 0
579 95 548 0
1 U2
228 0 365 63
18 U2
228 0 490 131
228 0 486 196
228 0 58 174
228 0 102 112
228 0 522 147
228 0 584 219
228 0 203 311
228 0 354 173
228 0 164 329
228 0 26 172
228 0 125 265
228 0 151 106
228 0 13 116
228 0 220 304
228 0 281 167
228 0 406 325
228 0 560 248
228 0 229 76
6
442 62 405 221
23 248 255 338
402 288 480 216
279 299 62 90
281 265 38 326
212 293 580 271
