5
4
L1 143 0
U2 160 0
L3 226 0
U4 203 0
12
373 240
67 0
470 190
101 7
26 187
235 1
210 280
165 291
344 229
585 215
424 13
348 235
2 L1
10 L1
239 252 143 0
247 343 143 0
11 289 143 0
504 299 143 0
59 334 143 0
469 240 143 0
174 91 143 0
139 185 143 0
541 304 143 0
69 214 143 0
2 L3
10 L3
545 329 226 0
431 157 226 0
386 339 226 0
336 253 226 0
384 258 226 0
465 187 226 0
115 230 226 0
313 151 226 0
278 81 226 0
36 62 226 0
2 U2
160 0 144 275
160 0 394 126
10 U2
160 0 19 327
160 0 11 59
160 0 376 92
160 0 344 114
160 0 263 99
160 0 437 128
160 0 39 64
160 0 519 203
160 0 599 168
160 0 341 139
2 U4
203 0 543 135
203 0 227 322
10 U4
203 0 480 311
203 0 63 277
203 0 313 235
203 0 59 146
203 0 118 170
203 0 578 120
203 0 59 290
203 0 353 217
203 0 138 179
203 0 318 213
6
239 252 225 159
545 329 182 190
247 343 68 276
431 157 466 129
11 289 386 63
386 339 555 211
