4
3
L1 221 0
U2 74 0
L3 426 0
12
571 161
177 230
292 303
422 46
290 212
431 231
36 297
434 39
78 177
292 234
206 168
241 279
2 L1
22 L1
594 99 221 0
295 198 221 0
510 249 221 0
380 151 221 0
68 212 221 0
340 109 221 0
396 108 221 0
510 196 221 0
457 107 221 0
205 294 221 0
453 342 221 0
0 346 221 0
317 344 221 0
47 309 221 0
272 347 221 0
107 224 221 0
83 160 221 0
481 319 221 0
286 277 221 0
567 81 221 0
368 125 221 0
26 110 221 0
2 L3
22 L3
58 156 426 0
326 58 426 0
284 303 426 0
223 222 426 0
150 311 426 0
475 307 426 0
16 349 426 0
124 276 426 0
50 284 426 0
14 158 426 0
565 350 426 0
123 224 426 0
135 178 426 0
254 269 426 0
514 311 426 0
262 236 426 0
25 307 426 0
468 272 426 0
369 125 426 0
8 320 426 0
236 281 426 0
34 222 426 0
2 U2
74 0 283 77
74 0 137 217
22 U2
74 0 564 231
74 0 19 348
74 0 161 301
74 0 35 100
74 0 29 279
74 0 565 266
74 0 334 239
74 0 375 76
74 0 571 72
74 0 392 161
74 0 539 152
74 0 422 276
74 0 594 271
74 0 463 175
74 0 242 348
74 0 383 321
74 0 457 62
74 0 133 65
74 0 255 173
74 0 353 274
74 0 62 218
74 0 344 107
7
594 99 146 58
58 156 133 131
295 198 134 327
326 58 243 112
510 249 496 64
284 303 407 150
380 151 248 271
