4
4
L1 580 0
U2 554 0
L3 223 0
U4 574 0
16
442 237
22 67
382 161
451 41
194 28
6 348
131 53
537 294
83 218
237 199
564 49
535 114
516 153
319 310
119 100
481 217
2 L1
14 L1
221 340 580 0
490 81 580 0
171 293 580 0
38 152 580 0
253 189 580 0
325 210 580 0
23 303 580 0
57 78 580 0
190 221 580 0
349 329 580 0
341 278 580 0
406 134 580 0
286 308 580 0
61 177 580 0
2 L3
14 L3
274 315 223 0
233 50 223 0
193 156 223 0
158 119 223 0
35 99 223 0
116 155 223 0
578 232 223 0
50 255 223 0
568 117 223 0
49 295 223 0
379 273 223 0
28 87 223 0
436 315 223 0
233 339 223 0
2 U2
554 0 262 338
554 0 496 64
14 U2
554 0 441 183
554 0 521 77
554 0 161 71
554 0 68 170
554 0 1 156
554 0 279 63
554 0 1 200
554 0 146 331
554 0 450 211
554 0 524 100
554 0 190 297
554 0 3 190
554 0 409 298
554 0 20 288
2 U4
574 0 534 203
574 0 363 211
14 U4
574 0 481 79
574 0 367 273
574 0 311 263
574 0 261 125
574 0 4 92
574 0 289 337
574 0 84 313
574 0 556 201
574 0 294 218
574 0 201 348
574 0 283 53
574 0 61 200
574 0 148 228
574 0 225 327
9
221 340 594 162
274 315 72 55
490 81 529 187
233 50 242 197
171 293 138 98
193 156 287 135
38 152 94 129
158 119 79 309
253 189 160 175
