4
5
L1 525 0
U2 274 0
L3 348 0
U4 317 0
L5 485 0
20
468 1
7 321
469 25
96 148
306 307
110 197
230 178
179 187
333 232
211 67
466 147
162 18
73 337
4 327
297 312
372 6
384 195
140 50
148 150
114 123
2 L1
14 L1
331 118 525 0
463 272 525 0
377 244 525 0
133 61 525 0
43 71 525 0
325 192 525 0
529 318 525 0
585 203 525 0
75 175 525 0
474 177 525 0
326 242 525 0
334 268 525 0
228 271 525 0
459 193 525 0
2 L3
14 L3
296 309 348 0
403 146 348 0
245 233 348 0
449 149 348 0
24 189 348 0
237 194 348 0
224 274 348 0
358 76 348 0
140 88 348 0
462 143 348 0
483 245 348 0
231 211 348 0
330 322 348 0
206 228 348 0
2 L5
14 L5
356 336 485 0
89 279 485 0
49 112 485 0
589 129 485 0
491 234 485 0
438 63 485 0
171 278 485 0
240 236 485 0
240 52 485 0
82 266 485 0
365 78 485 0
23 313 485 0
420 166 485 0
141 128 485 0
2 U2
274 0 208 331
274 0 431 270
14 U2
274 0 391 214
274 0 469 343
274 0 411 254
274 0 452 86
274 0 596 210
274 0 112 105
274 0 3 182
274 0 517 137
274 0 471 276
274 0 232 109
274 0 26 183
274 0 257 332
274 0 492 103
274 0 51 164
2 U4
317 0 587 64
317 0 202 203
14 U4
317 0 590 272
317 0 34 272
317 0 39 77
317 0 587 208
317 0 593 233
317 0 338 255
317 0 361 139
317 0 471 205
317 0 127 224
317 0 586 134
317 0 137 227
317 0 86 201
317 0 120 163
317 0 252 269
7
331 118 35 120
296 309 168 228
356 336 92 156
463 272 53 317
403 146 12 246
89 279 301 288
377 244 355 127
