3
4
L1 68 0
U2 142 0
L3 486 0
U4 216 0
16
448 55
44 171
199 227
469 48
551 92
365 335
243 318
284 32
532 339
286 60
475 11
134 31
217 321
564 330
190 342
220 10
1 L1
18 L1
335 288 68 0
392 92 68 0
143 271 68 0
29 220 68 0
294 192 68 0
19 308 68 0
6 114 68 0
328 105 68 0
490 98 68 0
453 213 68 0
26 339 68 0
371 189 68 0
101 238 68 0
429 144 68 0
466 349 68 0
72 153 68 0
478 113 68 0
510 213 68 0
1 L3
18 L3
124 199 486 0
441 305 486 0
571 141 486 0
406 137 486 0
435 322 486 0
375 203 486 0
99 165 486 0
507 300 486 0
226 344 486 0
469 160 486 0
519 300 486 0
328 201 486 0
598 278 486 0
360 225 486 0
103 223 486 0
335 151 486 0
90 184 486 0
540 268 486 0
1 U2
142 0 249 219
18 U2
142 0 26 220
142 0 322 293
142 0 50 253
142 0 6 322
142 0 324 107
142 0 258 301
142 0 58 299
142 0 381 195
142 0 18 168
142 0 36 108
142 0 228 251
142 0 302 86
142 0 155 109
142 0 499 310
142 0 193 158
142 0 222 285
142 0 422 56
142 0 450 263
1 U4
216 0 377 77
18 U4
216 0 451 97
216 0 285 347
216 0 181 232
216 0 584 285
216 0 492 146
216 0 494 278
216 0 357 294
216 0 210 95
216 0 274 229
216 0 29 242
216 0 20 173
216 0 274 302
216 0 457 153
216 0 244 115
216 0 134 308
216 0 473 95
216 0 442 167
216 0 183 324
8
335 288 434 123
124 199 19 208
392 92 426 179
441 305 161 136
143 271 140 276
571 141 84 208
29 220 596 105
406 137 272 130
