3
5
L1 392 0
U2 163 0
L3 56 0
U4 473 0
L5 432 0
20
336 274
36 274
326 268
102 242
518 43
522 296
483 229
355 254
303 200
559 165
135 243
249 0
220 257
232 315
280 298
351 301
292 340
277 111
381 108
378 170
1 L1
10 L1
144 190 392 0
590 193 392 0
511 341 392 0
364 76 392 0
380 135 392 0
452 215 392 0
565 56 392 0
305 323 392 0
31 175 392 0
26 234 392 0
1 L3
10 L3
512 275 56 0
15 55 56 0
354 261 56 0
328 334 56 0
31 107 56 0
547 243 56 0
341 337 56 0
239 260 56 0
488 226 56 0
71 251 56 0
1 L5
10 L5
15 66 432 0
576 236 432 0
241 77 432 0
157 238 432 0
37 156 432 0
579 194 432 0
463 126 432 0
499 317 432 0
102 125 432 0
480 336 432 0
1 U2
163 0 328 105
10 U2
163 0 37 99
163 0 66 128
163 0 128 341
163 0 433 339
163 0 484 290
163 0 55 233
163 0 574 143
163 0 14 264
163 0 379 202
163 0 355 79
1 U4
473 0 331 311
10 U4
473 0 388 326
473 0 252 218
473 0 192 279
473 0 369 106
473 0 205 226
473 0 231 223
473 0 388 211
473 0 161 328
473 0 144 59
473 0 79 278
8
144 190 314 294
512 275 579 129
15 66 334 176
590 193 143 306
15 55 178 332
576 236 377 317
511 341 466 279
354 261 230 297
