3
4
L1 433 0
U2 474 0
L3 215 0
U4 423 0
20
71 193
176 257
58 242
516 18
543 192
279 278
115 88
576 202
19 6
191 68
70 134
66 291
377 143
270 349
451 16
202 116
207 142
91 84
71 235
217 264
1 L1
22 L1
23 73 433 0
47 289 433 0
526 97 433 0
555 282 433 0
306 238 433 0
179 152 433 0
442 256 433 0
492 195 433 0
199 223 433 0
539 302 433 0
549 183 433 0
368 319 433 0
476 151 433 0
33 266 433 0
567 332 433 0
288 137 433 0
6 170 433 0
393 220 433 0
582 116 433 0
491 264 433 0
56 60 433 0
68 258 433 0
1 L3
22 L3
210 73 215 0
138 254 215 0
217 344 215 0
1 108 215 0
128 57 215 0
547 269 215 0
49 331 215 0
480 204 215 0
55 142 215 0
2 317 215 0
74 196 215 0
70 158 215 0
184 161 215 0
224 294 215 0
188 51 215 0
12 190 215 0
116 190 215 0
190 186 215 0
151 63 215 0
340 230 215 0
7 104 215 0
62 255 215 0
1 U2
474 0 432 145
22 U2
474 0 33 75
474 0 435 190
474 0 178 146
474 0 263 254
474 0 482 73
474 0 117 120
474 0 345 104
474 0 255 337
474 0 433 331
474 0 347 321
474 0 20 73
474 0 206 204
474 0 330 182
474 0 587 150
474 0 577 195
474 0 217 125
474 0 438 161
474 0 432 173
474 0 32 217
474 0 313 297
474 0 9 225
474 0 577 228
1 U4
423 0 427 62
22 U4
423 0 535 88
423 0 193 153
423 0 77 238
423 0 467 75
423 0 88 308
423 0 560 184
423 0 160 56
423 0 336 103
423 0 577 117
423 0 192 319
423 0 39 304
423 0 554 238
423 0 126 330
423 0 5 131
423 0 397 58
423 0 427 57
423 0 54 289
423 0 375 251
423 0 218 239
423 0 129 156
423 0 276 284
423 0 307 65
5
23 73 141 316
210 73 29 300
47 289 158 228
138 254 456 215
526 97 599 180
