3
5
L1 373 0
U2 31 0
L3 196 0
U4 59 0
L5 369 0
20
383 273
414 202
108 201
477 52
51 297
357 42
110 321
107 56
319 298
433 158
507 222
528 203
517 71
296 282
476 129
180 325
169 212
249 216
94 10
267 20
1 L1
14 L1
415 296 373 0
412 70 373 0
383 300 373 0
200 216 373 0
489 256 373 0
50 198 373 0
582 153 373 0
444 174 373 0
543 160 373 0
427 285 373 0
353 147 373 0
53 53 373 0
370 54 373 0
364 266 373 0
1 L3
14 L3
523 230 196 0
218 81 196 0
127 53 196 0
197 58 196 0
101 98 196 0
161 305 196 0
387 331 196 0
76 266 196 0
228 325 196 0
580 169 196 0
476 120 196 0
399 276 196 0
231 264 196 0
362 82 196 0
1 L5
14 L5
106 131 369 0
539 314 369 0
302 311 369 0
463 332 369 0
220 322 369 0
60 93 369 0
262 165 369 0
36 299 369 0
177 316 369 0
309 293 369 0
30 298 369 0
594 283 369 0
272 119 369 0
410 200 369 0
1 U2
31 0 104 80
14 U2
31 0 543 125
31 0 511 235
31 0 27 95
31 0 214 327
31 0 566 273
31 0 566 196
31 0 457 315
31 0 389 282
31 0 164 140
31 0 493 327
31 0 409 323
31 0 330 117
31 0 427 154
31 0 91 92
1 U4
59 0 418 335
14 U4
59 0 501 282
59 0 427 51
59 0 393 151
59 0 425 135
59 0 486 180
59 0 444 190
59 0 481 200
59 0 432 250
59 0 227 219
59 0 50 66
59 0 190 344
59 0 185 321
59 0 479 328
59 0 203 248
11
415 296 267 290
523 230 262 112
106 131 269 231
412 70 271 325
218 81 369 261
539 314 108 134
383 300 250 257
127 53 494 229
302 311 387 181
200 216 415 138
197 58 394 254
