3
5
L1 348 0
U2 69 0
L3 544 0
U4 522 0
L5 584 0
15
11 201
559 102
42 324
254 195
304 205
128 152
252 75
68 40
365 279
298 125
24 76
220 211
349 184
59 293
330 162
1 L1
14 L1
279 117 348 0
384 155 348 0
137 74 348 0
407 182 348 0
517 100 348 0
115 89 348 0
354 336 348 0
157 182 348 0
531 297 348 0
13 334 348 0
417 267 348 0
264 88 348 0
445 121 348 0
95 115 348 0
1 L3
14 L3
345 155 544 0
79 198 544 0
335 286 544 0
538 303 544 0
147 90 544 0
170 281 544 0
145 211 544 0
133 78 544 0
500 204 544 0
215 322 544 0
95 278 544 0
198 242 544 0
299 73 544 0
218 94 544 0
1 L5
14 L5
203 337 584 0
561 107 584 0
116 112 584 0
544 173 584 0
20 161 584 0
440 173 584 0
407 151 584 0
468 307 584 0
352 272 584 0
400 114 584 0
538 66 584 0
168 335 584 0
150 262 584 0
488 192 584 0
1 U2
69 0 489 102
14 U2
69 0 363 325
69 0 544 142
69 0 204 270
69 0 105 299
69 0 27 349
69 0 583 324
69 0 26 104
69 0 272 70
69 0 415 251
69 0 500 196
69 0 41 170
69 0 179 261
69 0 478 284
69 0 182 330
1 U4
522 0 516 196
14 U4
522 0 255 123
522 0 85 284
522 0 337 336
522 0 450 180
522 0 391 144
522 0 498 64
522 0 183 334
522 0 559 164
522 0 444 57
522 0 189 273
522 0 487 239
522 0 148 77
522 0 533 181
522 0 398 173
7
279 117 498 142
345 155 180 82
203 337 470 63
384 155 193 97
79 198 232 342
561 107 284 257
137 74 140 67
