3
4
L1 514 0
U2 459 0
L3 167 0
U4 121 0
16
142 198
554 67
131 170
452 29
190 283
61 93
217 151
565 106
148 322
547 211
107 213
589 37
138 13
512 30
259 192
377 154
1 L1
10 L1
386 170 514 0
200 93 514 0
127 312 514 0
515 349 514 0
368 200 514 0
477 104 514 0
583 232 514 0
296 292 514 0
40 329 514 0
277 258 514 0
1 L3
10 L3
317 173 167 0
7 98 167 0
140 333 167 0
395 171 167 0
74 328 167 0
348 113 167 0
410 337 167 0
106 120 167 0
168 181 167 0
77 319 167 0
1 U2
459 0 366 258
10 U2
459 0 434 75
459 0 119 122
459 0 496 108
459 0 494 94
459 0 271 96
459 0 559 326
459 0 307 305
459 0 404 267
459 0 225 305
459 0 283 299
1 U4
121 0 478 170
10 U4
121 0 538 72
121 0 229 74
121 0 275 98
121 0 259 107
121 0 374 128
121 0 79 286
121 0 443 150
121 0 283 158
121 0 149 314
121 0 43 170
6
386 170 67 331
317 173 325 325
200 93 350 342
7 98 77 78
127 312 149 246
140 333 243 136
