3
6
L1 571 0
U2 595 0
L3 338 0
U4 557 0
L5 129 0
U6 401 0
30
333 184
67 19
318 318
82 101
237 206
199 198
327 286
559 177
552 288
388 104
194 75
340 184
561 31
532 317
503 279
85 289
202 64
409 123
541 333
141 101
42 318
489 73
118 102
82 25
493 303
498 109
413 244
511 264
543 39
198 59
1 L1
14 L1
166 333 571 0
451 71 571 0
509 97 571 0
355 139 571 0
449 55 571 0
438 58 571 0
45 273 571 0
413 202 571 0
537 328 571 0
399 164 571 0
503 55 571 0
31 317 571 0
533 108 571 0
440 168 571 0
1 L3
14 L3
321 305 338 0
598 331 338 0
493 245 338 0
492 269 338 0
563 223 338 0
4 314 338 0
168 250 338 0
283 297 338 0
440 75 338 0
512 178 338 0
220 208 338 0
598 270 338 0
129 293 338 0
8 143 338 0
1 L5
14 L5
577 209 129 0
165 72 129 0
324 194 129 0
320 147 129 0
369 266 129 0
279 94 129 0
257 246 129 0
487 132 129 0
52 143 129 0
152 303 129 0
531 295 129 0
372 189 129 0
141 206 129 0
494 331 129 0
1 U2
595 0 112 154
14 U2
595 0 578 308
595 0 22 198
595 0 247 54
595 0 20 215
595 0 590 122
595 0 436 220
595 0 316 252
595 0 220 139
595 0 492 311
595 0 261 102
595 0 103 348
595 0 380 109
595 0 376 128
595 0 332 114
1 U4
557 0 9 212
14 U4
557 0 538 223
557 0 385 302
557 0 554 304
557 0 245 183
557 0 459 103
557 0 331 219
557 0 317 129
557 0 489 312
557 0 348 194
557 0 573 115
557 0 466 175
557 0 560 266
557 0 470 59
557 0 167 296
1 U6
401 0 19 329
14 U6
401 0 273 122
401 0 272 111
401 0 514 348
401 0 357 233
401 0 9 144
401 0 196 215
401 0 41 59
401 0 167 332
401 0 16 196
401 0 100 74
401 0 586 260
401 0 262 338
401 0 219 256
401 0 494 305
5
166 333 597 315
321 305 406 132
577 209 230 313
451 71 269 239
598 331 407 315
