4
4
L1 406 0
U2 314 0
L3 200 0
U4 162 0
20
385 183
264 211
532 88
177 68
80 158
533 89
240 345
299 35
6 94
81 286
521 317
10 32
294 282
452 295
43 20
467 321
491 276
276 155
406 47
34 159
2 L1
10 L1
228 65 406 0
582 95 406 0
522 189 406 0
130 149 406 0
160 227 406 0
399 193 406 0
116 246 406 0
383 308 406 0
184 192 406 0
491 177 406 0
2 L3
10 L3
293 313 200 0
302 350 200 0
370 182 200 0
241 340 200 0
186 103 200 0
464 261 200 0
108 65 200 0
203 201 200 0
218 121 200 0
245 130 200 0
2 U2
314 0 304 320
314 0 466 109
10 U2
314 0 389 224
314 0 42 181
314 0 579 187
314 0 39 335
314 0 494 101
314 0 156 149
314 0 307 307
314 0 76 214
314 0 334 300
314 0 390 216
2 U4
162 0 536 154
162 0 424 125
10 U4
162 0 159 59
162 0 48 155
162 0 591 344
162 0 362 171
162 0 172 150
162 0 547 79
162 0 136 78
162 0 551 222
162 0 142 235
162 0 338 209
2
228 65 69 53
293 313 99 272
