5
5
L1 93 0
U2 365 0
L3 225 0
U4 427 0
L5 532 0
25
559 35
132 311
27 40
37 275
132 50
101 82
123 24
302 323
0 337
468 13
55 59
14 277
9 234
152 153
410 120
110 89
323 19
28 82
475 309
377 103
310 93
218 238
327 108
466 258
77 228
2 L1
22 L1
81 68 93 0
185 276 93 0
197 146 93 0
194 318 93 0
431 164 93 0
163 235 93 0
273 106 93 0
204 187 93 0
257 98 93 0
502 262 93 0
194 196 93 0
37 343 93 0
377 154 93 0
377 66 93 0
257 226 93 0
356 342 93 0
495 227 93 0
219 267 93 0
390 172 93 0
255 285 93 0
209 255 93 0
20 165 93 0
2 L3
22 L3
393 120 225 0
579 191 225 0
583 200 225 0
266 320 225 0
548 348 225 0
340 188 225 0
368 94 225 0
454 292 225 0
108 288 225 0
491 254 225 0
221 89 225 0
276 63 225 0
12 319 225 0
30 182 225 0
17 297 225 0
505 197 225 0
147 71 225 0
271 230 225 0
35 190 225 0
113 272 225 0
374 306 225 0
525 141 225 0
2 L5
22 L5
315 313 532 0
533 228 532 0
77 222 532 0
281 107 532 0
352 343 532 0
517 50 532 0
229 281 532 0
421 265 532 0
251 258 532 0
329 191 532 0
291 191 532 0
254 156 532 0
482 148 532 0
270 293 532 0
310 343 532 0
456 70 532 0
367 301 532 0
308 159 532 0
89 322 532 0
101 134 532 0
61 249 532 0
209 212 532 0
2 U2
365 0 389 240
365 0 566 123
22 U2
365 0 386 227
365 0 19 289
365 0 592 81
365 0 387 126
365 0 69 258
365 0 55 101
365 0 492 166
365 0 257 285
365 0 298 170
365 0 323 195
365 0 37 51
365 0 267 300
365 0 59 98
365 0 469 116
365 0 191 70
365 0 353 134
365 0 477 217
365 0 175 191
365 0 86 314
365 0 325 63
365 0 196 68
365 0 267 131
2 U4
427 0 138 347
427 0 294 217
22 U4
427 0 171 254
427 0 141 218
427 0 371 52
427 0 148 241
427 0 44 70
427 0 544 53
427 0 89 89
427 0 250 239
427 0 569 78
427 0 298 305
427 0 28 214
427 0 62 74
427 0 317 326
427 0 213 337
427 0 376 124
427 0 541 212
427 0 560 247
427 0 254 237
427 0 30 187
427 0 263 187
427 0 25 180
427 0 424 319
11
81 68 447 106
393 120 203 71
315 313 244 350
185 276 55 315
579 191 408 273
533 228 212 154
197 146 473 283
583 200 522 50
77 222 68 349
194 318 354 331
266 320 336 55
