5
5
L1 58 0
U2 418 0
L3 358 0
U4 306 0
L5 559 0
25
99 75
390 179
557 290
305 340
296 22
559 287
431 228
527 31
487 75
413 123
424 316
293 253
293 334
288 311
134 67
144 97
485 21
545 130
167 52
193 92
138 168
294 243
423 293
377 168
15 152
2 L1
14 L1
173 265 58 0
43 263 58 0
252 68 58 0
287 350 58 0
386 96 58 0
556 310 58 0
13 114 58 0
321 314 58 0
588 164 58 0
276 83 58 0
257 185 58 0
152 339 58 0
174 128 58 0
558 344 58 0
2 L3
14 L3
315 194 358 0
74 199 358 0
154 308 358 0
299 66 358 0
283 207 358 0
283 58 358 0
431 329 358 0
117 123 358 0
6 89 358 0
278 197 358 0
373 68 358 0
205 245 358 0
2 162 358 0
356 63 358 0
2 L5
14 L5
51 268 559 0
242 169 559 0
115 290 559 0
126 226 559 0
329 191 559 0
162 110 559 0
257 302 559 0
445 299 559 0
430 196 559 0
567 71 559 0
186 193 559 0
155 295 559 0
108 51 559 0
536 196 559 0
2 U2
418 0 163 95
418 0 150 125
14 U2
418 0 222 172
418 0 81 75
418 0 495 316
418 0 510 284
418 0 239 92
418 0 373 72
418 0 534 325
418 0 430 188
418 0 285 350
418 0 142 113
418 0 242 163
418 0 552 225
418 0 5 335
418 0 180 306
2 U4
306 0 112 218
306 0 237 266
14 U4
306 0 339 254
306 0 456 258
306 0 547 325
306 0 464 309
306 0 96 271
306 0 446 315
306 0 143 155
306 0 139 105
306 0 300 162
306 0 423 107
306 0 76 55
306 0 570 216
306 0 293 246
306 0 225 214
7
173 265 199 324
315 194 350 217
51 268 358 169
43 263 540 201
74 199 123 64
242 169 282 284
252 68 548 57
