5
4
L1 417 0
U2 316 0
L3 464 0
U4 323 0
20
284 258
336 278
308 292
98 157
167 220
53 235
454 272
575 99
20 213
287 140
164 320
577 95
533 208
582 227
134 1
387 263
157 281
253 140
387 278
190 217
2 L1
18 L1
69 121 417 0
33 267 417 0
71 250 417 0
255 253 417 0
415 321 417 0
266 206 417 0
348 159 417 0
575 190 417 0
88 89 417 0
261 345 417 0
437 115 417 0
327 322 417 0
261 139 417 0
319 175 417 0
566 325 417 0
523 64 417 0
162 161 417 0
95 167 417 0
2 L3
18 L3
238 286 464 0
97 95 464 0
177 231 464 0
148 165 464 0
382 219 464 0
539 204 464 0
483 337 464 0
131 173 464 0
406 221 464 0
268 345 464 0
557 108 464 0
232 204 464 0
321 183 464 0
538 147 464 0
32 125 464 0
301 343 464 0
162 137 464 0
80 343 464 0
2 U2
316 0 461 272
316 0 206 67
18 U2
316 0 105 161
316 0 163 303
316 0 470 156
316 0 238 255
316 0 14 170
316 0 278 95
316 0 45 241
316 0 369 126
316 0 519 180
316 0 360 225
316 0 232 65
316 0 416 82
316 0 390 292
316 0 303 183
316 0 476 229
316 0 421 181
316 0 357 341
316 0 442 197
2 U4
323 0 322 248
323 0 188 190
18 U4
323 0 134 269
323 0 55 235
323 0 58 269
323 0 523 73
323 0 474 146
323 0 243 249
323 0 254 174
323 0 310 348
323 0 119 71
323 0 352 131
323 0 579 144
323 0 111 261
323 0 348 283
323 0 456 294
323 0 273 313
323 0 178 68
323 0 215 113
323 0 220 222
8
69 121 378 89
238 286 235 133
33 267 523 227
97 95 215 162
71 250 506 224
177 231 98 247
255 253 521 170
148 165 330 153
