4
6
L1 108 0
U2 579 0
L3 279 0
U4 184 0
L5 166 0
U6 262 0
24
138 179
405 189
429 296
24 101
92 14
436 200
93 307
234 139
132 219
242 177
345 120
580 143
130 332
192 180
153 280
184 144
594 311
552 94
251 104
311 233
506 30
575 160
232 50
557 51
2 L1
22 L1
269 304 108 0
245 297 108 0
7 207 108 0
247 160 108 0
47 87 108 0
333 69 108 0
277 150 108 0
180 196 108 0
192 61 108 0
273 275 108 0
289 120 108 0
44 270 108 0
465 241 108 0
583 226 108 0
301 67 108 0
393 234 108 0
223 291 108 0
27 286 108 0
182 162 108 0
11 65 108 0
301 307 108 0
239 249 108 0
2 L3
22 L3
394 58 279 0
93 162 279 0
53 322 279 0
508 83 279 0
213 268 279 0
127 61 279 0
451 144 279 0
515 55 279 0
292 206 279 0
591 120 279 0
256 91 279 0
272 115 279 0
95 296 279 0
80 260 279 0
167 258 279 0
142 98 279 0
322 129 279 0
118 220 279 0
477 335 279 0
158 292 279 0
285 113 279 0
92 208 279 0
2 L5
22 L5
443 88 166 0
521 81 166 0
563 256 166 0
118 128 166 0
164 132 166 0
47 253 166 0
446 209 166 0
547 81 166 0
309 112 166 0
225 235 166 0
231 62 166 0
210 178 166 0
361 228 166 0
65 136 166 0
417 328 166 0
301 154 166 0
359 85 166 0
464 229 166 0
215 115 166 0
250 99 166 0
294 61 166 0
182 341 166 0
2 U2
579 0 193 285
579 0 16 88
22 U2
579 0 432 223
579 0 110 162
579 0 353 155
579 0 291 287
579 0 315 256
579 0 15 165
579 0 320 111
579 0 522 300
579 0 36 304
579 0 128 112
579 0 46 79
579 0 394 200
579 0 331 311
579 0 424 129
579 0 378 207
579 0 469 150
579 0 341 331
579 0 595 289
579 0 353 308
579 0 525 335
579 0 255 313
579 0 268 193
2 U4
184 0 531 288
184 0 171 151
22 U4
184 0 198 107
184 0 360 137
184 0 17 138
184 0 314 262
184 0 548 237
184 0 6 68
184 0 538 130
184 0 99 117
184 0 496 292
184 0 439 309
184 0 494 174
184 0 332 235
184 0 266 220
184 0 455 245
184 0 419 111
184 0 598 180
184 0 167 206
184 0 6 91
184 0 373 177
184 0 438 298
184 0 598 87
184 0 67 207
2 U6
262 0 181 343
262 0 245 237
22 U6
262 0 194 248
262 0 106 163
262 0 149 223
262 0 228 66
262 0 152 346
262 0 200 175
262 0 269 160
262 0 300 265
262 0 335 240
262 0 288 247
262 0 565 195
262 0 486 114
262 0 590 193
262 0 432 175
262 0 357 197
262 0 46 86
262 0 452 209
262 0 415 119
262 0 187 113
262 0 179 296
262 0 322 256
262 0 538 262
14
269 304 251 243
394 58 63 92
443 88 342 333
245 297 22 212
93 162 322 200
521 81 554 109
7 207 321 165
53 322 369 289
563 256 518 292
247 160 24 221
508 83 11 280
118 128 173 131
47 87 399 205
213 268 418 234
