4
3
L1 298 0
U2 256 0
L3 8 0
12
585 239
352 190
501 65
418 247
282 213
245 302
347 164
73 188
472 152
285 91
597 269
389 48
2 L1
18 L1
101 103 298 0
94 304 298 0
183 210 298 0
553 298 298 0
258 232 298 0
348 187 298 0
119 347 298 0
71 334 298 0
175 185 298 0
590 230 298 0
189 342 298 0
327 89 298 0
101 260 298 0
312 123 298 0
121 305 298 0
330 299 298 0
228 232 298 0
105 284 298 0
2 L3
18 L3
395 347 8 0
179 80 8 0
217 257 8 0
417 330 8 0
317 318 8 0
233 341 8 0
363 173 8 0
240 82 8 0
357 52 8 0
214 73 8 0
217 265 8 0
434 70 8 0
538 261 8 0
243 157 8 0
124 331 8 0
115 179 8 0
238 71 8 0
509 318 8 0
2 U2
256 0 598 313
256 0 333 130
18 U2
256 0 234 282
256 0 505 122
256 0 103 215
256 0 497 214
256 0 85 203
256 0 109 77
256 0 71 284
256 0 221 96
256 0 112 123
256 0 52 294
256 0 518 110
256 0 176 313
256 0 153 313
256 0 579 134
256 0 95 296
256 0 288 84
256 0 410 112
256 0 193 221
6
101 103 395 318
395 347 103 346
94 304 500 292
179 80 142 341
183 210 95 297
217 257 518 189
