3
6
L1 519 0
U2 53 0
L3 219 0
U4 26 0
L5 161 0
U6 476 0
30
286 145
28 340
509 53
544 160
515 285
280 53
17 69
573 319
159 208
209 271
248 157
469 65
573 250
458 347
79 124
311 272
401 305
414 90
52 161
87 75
196 176
182 213
261 235
278 174
294 141
576 215
461 308
496 290
3 11
593 27
1 L1
14 L1
449 77 519 0
415 160 519 0
563 56 519 0
238 120 519 0
328 74 519 0
458 345 519 0
77 320 519 0
125 248 519 0
292 188 519 0
387 107 519 0
257 73 519 0
51 164 519 0
372 131 519 0
313 240 519 0
1 L3
14 L3
395 121 219 0
326 329 219 0
585 192 219 0
311 108 219 0
114 317 219 0
124 243 219 0
36 342 219 0
559 304 219 0
489 50 219 0
128 83 219 0
377 312 219 0
107 238 219 0
428 137 219 0
581 126 219 0
1 L5
14 L5
263 260 161 0
60 129 161 0
60 173 161 0
188 293 161 0
407 323 161 0
87 251 161 0
62 285 161 0
37 279 161 0
44 91 161 0
248 67 161 0
423 76 161 0
415 146 161 0
74 215 161 0
578 310 161 0
1 U2
53 0 162 59
14 U2
53 0 373 229
53 0 600 234
53 0 512 106
53 0 87 299
53 0 487 285
53 0 379 60
53 0 191 78
53 0 600 102
53 0 413 249
53 0 254 339
53 0 20 134
53 0 71 144
53 0 130 55
53 0 111 193
1 U4
26 0 6 77
14 U4
26 0 491 109
26 0 528 194
26 0 333 215
26 0 490 52
26 0 159 134
26 0 507 150
26 0 238 212
26 0 309 99
26 0 142 193
26 0 562 169
26 0 275 189
26 0 428 238
26 0 140 114
26 0 86 324
1 U6
476 0 525 116
14 U6
476 0 509 315
476 0 136 245
476 0 493 191
476 0 452 232
476 0 271 153
476 0 190 195
476 0 412 203
476 0 591 314
476 0 303 254
476 0 459 321
476 0 85 299
476 0 463 67
476 0 305 99
476 0 568 99
9
449 77 322 272
395 121 66 186
263 260 492 119
415 160 18 178
326 329 565 134
60 129 565 185
563 56 302 226
585 192 56 99
60 173 441 103
