3
6
L1 476 0
U2 294 0
L3 311 0
U4 270 0
L5 466 0
U6 581 0
30
299 60
211 293
0 150
506 153
297 283
192 106
334 265
180 171
572 142
159 319
265 283
266 17
365 18
243 137
461 105
438 0
427 3
256 277
229 122
117 103
560 204
474 235
519 327
583 88
117 144
333 60
230 327
163 123
501 113
115 232
1 L1
18 L1
579 330 476 0
339 333 476 0
168 145 476 0
435 205 476 0
185 129 476 0
484 304 476 0
245 303 476 0
453 334 476 0
381 322 476 0
37 57 476 0
318 172 476 0
38 75 476 0
427 177 476 0
32 178 476 0
73 344 476 0
524 244 476 0
58 284 476 0
515 336 476 0
1 L3
18 L3
169 252 311 0
55 141 311 0
28 201 311 0
557 177 311 0
538 264 311 0
483 85 311 0
257 290 311 0
263 193 311 0
392 64 311 0
514 258 311 0
153 302 311 0
232 217 311 0
123 100 311 0
246 247 311 0
165 63 311 0
146 84 311 0
274 108 311 0
235 113 311 0
1 L5
18 L5
433 193 466 0
308 92 466 0
151 207 466 0
319 193 466 0
453 327 466 0
460 63 466 0
141 318 466 0
359 118 466 0
62 347 466 0
590 286 466 0
210 273 466 0
249 330 466 0
526 291 466 0
186 313 466 0
111 58 466 0
419 215 466 0
183 233 466 0
30 205 466 0
1 U2
294 0 96 201
18 U2
294 0 331 324
294 0 12 174
294 0 339 275
294 0 277 232
294 0 2 100
294 0 551 167
294 0 211 240
294 0 581 285
294 0 264 335
294 0 512 174
294 0 50 151
294 0 176 52
294 0 578 298
294 0 113 73
294 0 30 52
294 0 384 266
294 0 16 184
294 0 282 275
1 U4
270 0 103 273
18 U4
270 0 193 82
270 0 520 299
270 0 58 194
270 0 246 286
270 0 0 321
270 0 317 105
270 0 500 90
270 0 330 344
270 0 181 210
270 0 126 323
270 0 10 136
270 0 76 74
270 0 307 338
270 0 59 60
270 0 340 247
270 0 481 87
270 0 222 50
270 0 306 224
1 U6
581 0 467 132
18 U6
581 0 476 85
581 0 143 259
581 0 215 189
581 0 412 226
581 0 98 70
581 0 449 263
581 0 448 86
581 0 245 135
581 0 107 192
581 0 116 278
581 0 440 254
581 0 84 220
581 0 162 93
581 0 293 326
581 0 546 112
581 0 341 149
581 0 68 135
581 0 252 220
17
579 330 586 209
169 252 247 64
433 193 323 260
339 333 395 276
55 141 453 244
308 92 302 246
168 145 294 72
28 201 551 185
151 207 404 289
435 205 404 300
557 177 474 123
319 193 382 234
185 129 473 143
538 264 108 297
453 327 405 233
484 304 484 241
483 85 134 160
