5
5
L1 391 0
U2 578 0
L3 70 0
U4 133 0
L5 162 0
15
318 282
574 3
262 30
387 340
42 147
407 178
195 76
78 230
241 301
123 341
559 77
185 223
176 41
152 216
495 133
2 L1
14 L1
237 312 391 0
234 208 391 0
565 328 391 0
292 105 391 0
600 258 391 0
183 349 391 0
413 158 391 0
538 341 391 0
17 184 391 0
453 54 391 0
249 53 391 0
509 245 391 0
198 296 391 0
378 320 391 0
2 L3
14 L3
172 110 70 0
477 102 70 0
26 344 70 0
495 292 70 0
138 256 70 0
573 182 70 0
542 250 70 0
202 247 70 0
325 155 70 0
206 75 70 0
281 230 70 0
284 70 70 0
154 156 70 0
14 84 70 0
2 L5
14 L5
329 119 162 0
486 187 162 0
73 313 162 0
245 283 162 0
124 224 162 0
118 68 162 0
56 265 162 0
160 275 162 0
336 180 162 0
569 213 162 0
438 180 162 0
465 60 162 0
188 293 162 0
30 194 162 0
2 U2
578 0 494 258
578 0 208 152
14 U2
578 0 146 185
578 0 558 184
578 0 408 294
578 0 161 124
578 0 427 333
578 0 22 252
578 0 379 116
578 0 81 208
578 0 353 130
578 0 566 184
578 0 141 177
578 0 390 176
578 0 168 158
578 0 235 301
2 U4
133 0 552 191
133 0 59 153
14 U4
133 0 388 144
133 0 547 333
133 0 231 69
133 0 356 150
133 0 60 258
133 0 73 331
133 0 558 239
133 0 554 232
133 0 151 121
133 0 592 208
133 0 294 62
133 0 368 74
133 0 247 237
133 0 328 59
4
237 312 245 269
172 110 288 306
329 119 245 99
234 208 166 258
