4
5
L1 514 0
U2 138 0
L3 84 0
U4 215 0
L5 125 0
20
220 278
247 332
234 163
120 17
330 312
498 315
359 5
573 24
218 41
589 163
1 31
409 204
463 33
349 60
361 40
347 84
331 29
420 164
180 183
253 166
2 L1
22 L1
52 281 514 0
409 320 514 0
483 336 514 0
482 159 514 0
41 318 514 0
509 127 514 0
482 184 514 0
92 263 514 0
447 56 514 0
227 155 514 0
387 300 514 0
513 136 514 0
346 144 514 0
109 310 514 0
253 282 514 0
331 263 514 0
460 310 514 0
427 56 514 0
570 257 514 0
200 233 514 0
465 229 514 0
526 220 514 0
2 L3
22 L3
444 271 84 0
351 100 84 0
413 263 84 0
35 172 84 0
77 186 84 0
190 118 84 0
259 278 84 0
527 225 84 0
326 312 84 0
34 292 84 0
600 337 84 0
62 121 84 0
249 265 84 0
600 316 84 0
165 189 84 0
330 216 84 0
114 258 84 0
292 223 84 0
292 211 84 0
79 150 84 0
514 310 84 0
213 126 84 0
2 L5
22 L5
529 310 125 0
244 260 125 0
28 144 125 0
488 80 125 0
163 179 125 0
204 245 125 0
251 329 125 0
588 272 125 0
352 83 125 0
249 87 125 0
240 168 125 0
295 248 125 0
574 291 125 0
279 97 125 0
187 321 125 0
231 270 125 0
414 238 125 0
424 87 125 0
98 222 125 0
146 297 125 0
238 212 125 0
114 179 125 0
2 U2
138 0 305 200
138 0 64 144
22 U2
138 0 144 301
138 0 527 297
138 0 97 209
138 0 451 75
138 0 301 345
138 0 266 201
138 0 365 150
138 0 337 276
138 0 312 163
138 0 250 215
138 0 545 67
138 0 76 253
138 0 32 304
138 0 597 119
138 0 305 171
138 0 434 64
138 0 29 135
138 0 255 210
138 0 85 132
138 0 148 234
138 0 291 67
138 0 383 253
2 U4
215 0 410 103
215 0 284 218
22 U4
215 0 539 314
215 0 117 84
215 0 538 50
215 0 146 220
215 0 486 276
215 0 591 225
215 0 91 122
215 0 553 158
215 0 466 135
215 0 281 223
215 0 502 206
215 0 326 132
215 0 435 314
215 0 38 108
215 0 583 302
215 0 594 258
215 0 294 280
215 0 15 192
215 0 553 197
215 0 309 164
215 0 569 124
215 0 129 236
11
52 281 175 281
444 271 446 279
529 310 35 87
409 320 14 308
351 100 222 146
244 260 171 64
483 336 346 267
413 263 561 315
28 144 516 308
482 159 473 176
35 172 487 65
