4
6
L1 427 0
U2 22 0
L3 311 0
U4 288 0
L5 45 0
U6 98 0
30
292 184
9 72
365 172
166 220
488 90
340 25
583 177
253 343
64 219
79 161
211 245
234 144
534 179
179 149
472 332
524 249
505 180
306 303
100 329
264 246
189 255
344 237
45 347
421 87
99 133
143 211
50 40
535 263
398 333
544 93
2 L1
18 L1
547 266 427 0
486 53 427 0
29 172 427 0
60 185 427 0
190 319 427 0
241 283 427 0
398 169 427 0
213 189 427 0
222 276 427 0
77 277 427 0
46 258 427 0
29 92 427 0
215 341 427 0
409 251 427 0
447 310 427 0
7 95 427 0
57 226 427 0
102 332 427 0
2 L3
18 L3
444 57 311 0
345 316 311 0
288 90 311 0
396 227 311 0
279 295 311 0
327 236 311 0
322 210 311 0
418 225 311 0
398 347 311 0
417 247 311 0
488 261 311 0
156 72 311 0
395 126 311 0
410 79 311 0
13 159 311 0
187 74 311 0
456 278 311 0
45 350 311 0
2 L5
18 L5
260 100 45 0
597 239 45 0
54 230 45 0
323 87 45 0
303 118 45 0
302 103 45 0
574 62 45 0
235 194 45 0
50 200 45 0
591 260 45 0
427 175 45 0
214 232 45 0
356 124 45 0
86 294 45 0
377 252 45 0
154 76 45 0
15 328 45 0
230 333 45 0
2 U2
22 0 172 72
22 0 239 247
18 U2
22 0 29 250
22 0 109 204
22 0 277 339
22 0 357 220
22 0 294 319
22 0 375 240
22 0 132 286
22 0 156 303
22 0 311 92
22 0 256 75
22 0 498 116
22 0 479 177
22 0 587 263
22 0 566 293
22 0 366 254
22 0 541 284
22 0 172 86
22 0 27 83
2 U4
288 0 91 335
288 0 130 158
18 U4
288 0 146 172
288 0 188 312
288 0 139 58
288 0 271 73
288 0 137 78
288 0 249 105
288 0 61 252
288 0 113 211
288 0 104 207
288 0 559 151
288 0 504 117
288 0 325 307
288 0 177 91
288 0 504 283
288 0 70 323
288 0 72 216
288 0 458 291
288 0 72 300
2 U6
98 0 397 91
98 0 422 304
18 U6
98 0 49 89
98 0 419 67
98 0 87 321
98 0 288 316
98 0 354 193
98 0 273 200
98 0 595 58
98 0 487 323
98 0 115 97
98 0 415 312
98 0 359 220
98 0 65 258
98 0 345 288
98 0 191 115
98 0 83 195
98 0 325 222
98 0 509 291
98 0 206 180
6
547 266 539 209
444 57 207 96
260 100 200 178
486 53 429 220
345 316 329 226
597 239 380 144
