4
4
L1 576 0
U2 352 0
L3 40 0
U4 3 0
12
321 41
197 147
429 244
62 84
503 206
522 314
20 186
168 231
278 347
314 60
560 336
487 275
2 L1
22 L1
7 83 576 0
552 289 576 0
343 290 576 0
5 324 576 0
270 339 576 0
278 107 576 0
243 86 576 0
485 275 576 0
310 98 576 0
324 78 576 0
307 140 576 0
100 53 576 0
534 305 576 0
428 347 576 0
409 99 576 0
128 86 576 0
488 320 576 0
18 326 576 0
336 257 576 0
154 103 576 0
349 338 576 0
567 259 576 0
2 L3
22 L3
265 193 40 0
528 153 40 0
437 326 40 0
147 196 40 0
474 317 40 0
450 220 40 0
487 137 40 0
239 320 40 0
238 179 40 0
197 154 40 0
342 69 40 0
173 300 40 0
280 228 40 0
73 188 40 0
398 234 40 0
294 350 40 0
101 150 40 0
63 329 40 0
33 299 40 0
311 152 40 0
304 334 40 0
251 97 40 0
2 U2
352 0 403 89
352 0 245 239
22 U2
352 0 151 152
352 0 82 292
352 0 98 310
352 0 552 251
352 0 329 344
352 0 284 55
352 0 222 310
352 0 284 133
352 0 551 190
352 0 242 176
352 0 26 222
352 0 283 185
352 0 43 51
352 0 560 350
352 0 410 96
352 0 433 275
352 0 26 86
352 0 110 275
352 0 227 244
352 0 565 224
352 0 95 170
352 0 218 133
2 U4
3 0 229 265
3 0 163 51
22 U4
3 0 471 278
3 0 12 196
3 0 541 198
3 0 50 179
3 0 3 307
3 0 100 266
3 0 556 83
3 0 109 201
3 0 566 177
3 0 129 125
3 0 388 124
3 0 509 333
3 0 103 67
3 0 465 268
3 0 426 74
3 0 257 71
3 0 382 78
3 0 292 154
3 0 500 191
3 0 371 244
3 0 570 163
3 0 322 214
14
7 83 413 94
265 193 158 138
552 289 181 275
528 153 95 97
343 290 32 203
437 326 436 291
5 324 42 107
147 196 99 118
270 339 157 183
474 317 80 178
278 107 375 80
450 220 591 349
243 86 452 328
487 137 176 309
