5
4
L1 97 0
U2 125 0
L3 498 0
U4 376 0
12
379 31
427 308
124 281
274 20
497 40
2 179
40 55
309 201
306 72
191 9
263 325
583 64
2 L1
22 L1
54 234 97 0
551 53 97 0
116 296 97 0
249 164 97 0
156 180 97 0
124 336 97 0
523 115 97 0
594 160 97 0
381 296 97 0
380 213 97 0
416 350 97 0
25 137 97 0
392 222 97 0
510 221 97 0
200 253 97 0
86 204 97 0
38 279 97 0
517 147 97 0
125 264 97 0
395 236 97 0
159 244 97 0
301 76 97 0
2 L3
22 L3
576 215 498 0
496 125 498 0
370 103 498 0
114 56 498 0
357 301 498 0
102 178 498 0
426 241 498 0
388 163 498 0
520 241 498 0
322 284 498 0
167 219 498 0
62 52 498 0
78 260 498 0
62 332 498 0
585 273 498 0
201 321 498 0
248 236 498 0
486 86 498 0
33 52 498 0
419 53 498 0
479 248 498 0
69 240 498 0
2 U2
125 0 401 293
125 0 528 260
22 U2
125 0 447 338
125 0 373 309
125 0 386 326
125 0 111 96
125 0 586 179
125 0 108 317
125 0 310 228
125 0 458 314
125 0 321 326
125 0 332 253
125 0 372 185
125 0 110 129
125 0 190 319
125 0 418 271
125 0 21 237
125 0 552 309
125 0 179 317
125 0 457 324
125 0 150 90
125 0 402 248
125 0 226 64
125 0 20 120
2 U4
376 0 303 197
376 0 515 341
22 U4
376 0 409 83
376 0 270 233
376 0 384 75
376 0 237 267
376 0 207 255
376 0 434 129
376 0 11 335
376 0 510 65
376 0 485 161
376 0 180 130
376 0 143 185
376 0 541 237
376 0 255 269
376 0 163 250
376 0 70 125
376 0 405 95
376 0 272 344
376 0 444 100
376 0 164 238
376 0 314 239
376 0 511 231
376 0 168 269
9
54 234 526 152
576 215 539 104
551 53 281 274
496 125 67 217
116 296 54 71
370 103 524 53
249 164 557 142
114 56 399 282
156 180 218 300
