4
6
L1 243 0
U2 290 0
L3 596 0
U4 385 0
L5 582 0
U6 145 0
18
115 44
73 209
315 221
546 278
177 26
222 111
114 38
117 346
213 300
72 310
314 344
418 135
268 149
389 317
220 288
176 34
75 140
28 17
2 L1
22 L1
503 88 243 0
554 60 243 0
576 325 243 0
566 153 243 0
534 331 243 0
151 186 243 0
534 253 243 0
389 186 243 0
355 338 243 0
375 67 243 0
360 274 243 0
471 289 243 0
368 110 243 0
524 337 243 0
357 322 243 0
362 224 243 0
200 83 243 0
375 261 243 0
573 183 243 0
59 263 243 0
581 287 243 0
86 88 243 0
2 L3
22 L3
564 333 596 0
361 69 596 0
348 288 596 0
490 83 596 0
514 212 596 0
594 77 596 0
384 95 596 0
284 348 596 0
374 135 596 0
384 197 596 0
252 66 596 0
330 222 596 0
199 154 596 0
17 142 596 0
388 271 596 0
12 77 596 0
49 339 596 0
457 173 596 0
209 248 596 0
23 286 596 0
383 87 596 0
327 97 596 0
2 L5
22 L5
349 197 582 0
504 151 582 0
257 155 582 0
600 168 582 0
352 192 582 0
224 325 582 0
135 290 582 0
226 140 582 0
445 85 582 0
542 306 582 0
60 148 582 0
267 92 582 0
132 345 582 0
576 150 582 0
496 193 582 0
579 109 582 0
182 226 582 0
128 241 582 0
128 151 582 0
470 184 582 0
72 81 582 0
0 338 582 0
2 U2
290 0 188 78
290 0 133 164
22 U2
290 0 291 55
290 0 521 132
290 0 562 200
290 0 386 179
290 0 273 333
290 0 243 177
290 0 587 317
290 0 57 221
290 0 329 340
290 0 368 139
290 0 339 118
290 0 364 248
290 0 369 234
290 0 16 329
290 0 512 75
290 0 61 180
290 0 318 239
290 0 395 168
290 0 5 171
290 0 211 223
290 0 414 112
290 0 563 343
2 U4
385 0 454 301
385 0 361 265
22 U4
385 0 559 273
385 0 273 293
385 0 517 210
385 0 82 259
385 0 99 188
385 0 346 289
385 0 287 69
385 0 310 104
385 0 90 314
385 0 218 96
385 0 556 117
385 0 245 162
385 0 505 218
385 0 526 213
385 0 345 89
385 0 599 189
385 0 27 228
385 0 21 199
385 0 478 158
385 0 448 260
385 0 100 250
385 0 434 140
2 U6
145 0 156 231
145 0 249 159
22 U6
145 0 71 282
145 0 332 83
145 0 169 287
145 0 572 315
145 0 42 141
145 0 177 165
145 0 565 186
145 0 197 123
145 0 188 316
145 0 162 271
145 0 93 52
145 0 509 79
145 0 43 158
145 0 39 117
145 0 226 55
145 0 289 167
145 0 524 62
145 0 10 142
145 0 323 344
145 0 212 128
145 0 573 299
145 0 30 261
20
503 88 509 96
564 333 198 93
349 197 29 207
554 60 499 209
361 69 340 242
504 151 411 142
576 325 347 230
348 288 103 155
257 155 476 83
566 153 314 114
490 83 71 178
600 168 310 170
534 331 111 265
514 212 345 289
352 192 89 216
151 186 181 148
594 77 276 85
224 325 543 95
534 253 334 154
384 95 222 222
