5
6
L1 258 0
U2 231 0
L3 8 0
U4 140 0
L5 279 0
U6 267 0
30
12 329
141 194
345 87
52 31
120 64
191 4
454 133
549 178
165 214
95 165
561 171
402 268
166 264
275 104
156 16
231 309
394 246
194 36
435 319
487 232
346 173
154 276
420 62
167 195
94 72
557 92
42 56
59 315
159 18
169 319
2 L1
22 L1
503 193 258 0
190 157 258 0
382 210 258 0
487 279 258 0
554 173 258 0
597 221 258 0
575 348 258 0
120 126 258 0
326 120 258 0
76 158 258 0
483 146 258 0
429 93 258 0
318 334 258 0
30 193 258 0
350 261 258 0
487 163 258 0
65 264 258 0
94 218 258 0
303 125 258 0
475 302 258 0
460 195 258 0
82 285 258 0
2 L3
22 L3
582 152 8 0
19 257 8 0
320 111 8 0
192 122 8 0
106 192 8 0
543 57 8 0
401 76 8 0
432 151 8 0
93 174 8 0
285 171 8 0
1 140 8 0
248 322 8 0
200 281 8 0
191 133 8 0
365 350 8 0
600 116 8 0
580 219 8 0
377 106 8 0
530 180 8 0
35 157 8 0
500 260 8 0
406 323 8 0
2 L5
22 L5
314 124 279 0
437 264 279 0
191 217 279 0
88 285 279 0
194 221 279 0
155 290 279 0
551 197 279 0
398 301 279 0
395 344 279 0
86 182 279 0
466 335 279 0
240 348 279 0
496 329 279 0
575 335 279 0
377 263 279 0
282 130 279 0
153 220 279 0
41 230 279 0
589 145 279 0
15 59 279 0
320 247 279 0
348 202 279 0
2 U2
231 0 258 130
231 0 305 130
22 U2
231 0 487 211
231 0 51 326
231 0 339 301
231 0 266 339
231 0 383 206
231 0 175 143
231 0 161 306
231 0 585 111
231 0 68 232
231 0 502 204
231 0 18 178
231 0 119 61
231 0 165 98
231 0 504 233
231 0 65 78
231 0 14 130
231 0 337 139
231 0 81 155
231 0 161 93
231 0 376 229
231 0 284 292
231 0 442 94
2 U4
140 0 1 203
140 0 1 186
22 U4
140 0 72 217
140 0 316 71
140 0 416 181
140 0 522 137
140 0 41 256
140 0 306 50
140 0 562 87
140 0 247 77
140 0 415 329
140 0 131 336
140 0 468 79
140 0 100 311
140 0 160 85
140 0 54 229
140 0 496 116
140 0 180 77
140 0 292 297
140 0 210 104
140 0 545 163
140 0 89 287
140 0 578 69
140 0 117 208
2 U6
267 0 489 129
267 0 182 187
22 U6
267 0 426 285
267 0 36 134
267 0 450 194
267 0 32 93
267 0 170 218
267 0 61 221
267 0 402 98
267 0 453 66
267 0 324 159
267 0 253 110
267 0 286 316
267 0 363 153
267 0 553 155
267 0 253 250
267 0 261 125
267 0 110 348
267 0 194 152
267 0 163 154
267 0 141 90
267 0 394 264
267 0 173 95
267 0 476 58
14
503 193 219 248
582 152 253 96
314 124 52 310
190 157 125 246
19 257 308 342
437 264 411 305
382 210 575 64
320 111 225 164
191 217 584 224
487 279 504 222
192 122 49 335
88 285 4 203
554 173 497 267
106 192 161 69
