5
6
L1 396 0
U2 552 0
L3 470 0
U4 544 0
L5 190 0
U6 580 0
30
215 193
436 114
132 150
351 146
127 174
579 142
328 254
398 271
542 0
585 44
399 53
358 49
30 282
298 319
400 291
397 87
312 71
305 173
92 99
223 222
565 216
376 38
333 195
396 86
261 319
229 143
462 75
511 262
541 175
195 49
2 L1
22 L1
327 132 396 0
93 224 396 0
269 64 396 0
393 234 396 0
366 155 396 0
501 324 396 0
576 293 396 0
111 222 396 0
448 145 396 0
476 269 396 0
330 305 396 0
309 208 396 0
526 233 396 0
209 193 396 0
313 98 396 0
262 230 396 0
557 223 396 0
538 185 396 0
595 350 396 0
329 186 396 0
573 171 396 0
414 320 396 0
2 L3
22 L3
454 327 470 0
314 310 470 0
244 53 470 0
482 170 470 0
330 289 470 0
20 63 470 0
374 330 470 0
79 54 470 0
152 330 470 0
521 226 470 0
245 167 470 0
469 141 470 0
370 201 470 0
510 319 470 0
286 335 470 0
20 349 470 0
26 112 470 0
53 67 470 0
467 160 470 0
399 88 470 0
486 56 470 0
564 270 470 0
2 L5
22 L5
41 324 190 0
467 51 190 0
192 216 190 0
564 321 190 0
528 84 190 0
0 212 190 0
356 300 190 0
523 293 190 0
303 183 190 0
91 172 190 0
72 266 190 0
218 349 190 0
73 319 190 0
382 97 190 0
80 249 190 0
409 280 190 0
104 80 190 0
220 168 190 0
456 212 190 0
303 65 190 0
250 277 190 0
380 181 190 0
2 U2
552 0 56 91
552 0 374 166
22 U2
552 0 417 325
552 0 281 111
552 0 237 235
552 0 440 295
552 0 323 116
552 0 136 239
552 0 332 107
552 0 417 308
552 0 42 344
552 0 524 89
552 0 246 323
552 0 302 123
552 0 46 112
552 0 223 325
552 0 207 71
552 0 434 191
552 0 487 191
552 0 400 147
552 0 256 307
552 0 49 111
552 0 592 294
552 0 112 289
2 U4
544 0 558 261
544 0 413 94
22 U4
544 0 93 112
544 0 185 236
544 0 49 212
544 0 476 136
544 0 506 347
544 0 363 106
544 0 153 165
544 0 284 225
544 0 283 257
544 0 148 189
544 0 535 78
544 0 197 149
544 0 299 104
544 0 369 105
544 0 509 94
544 0 211 201
544 0 425 159
544 0 539 209
544 0 276 283
544 0 355 254
544 0 422 199
544 0 210 243
2 U6
580 0 96 86
580 0 289 250
22 U6
580 0 522 295
580 0 319 314
580 0 367 297
580 0 457 297
580 0 465 263
580 0 441 76
580 0 0 127
580 0 218 210
580 0 53 109
580 0 152 345
580 0 219 115
580 0 122 112
580 0 1 52
580 0 457 76
580 0 202 279
580 0 513 316
580 0 321 207
580 0 458 82
580 0 331 254
580 0 134 294
580 0 239 72
580 0 347 243
7
327 132 104 193
454 327 40 181
41 324 178 156
93 224 209 185
314 310 445 73
467 51 74 67
269 64 533 284
