4
3
L1 104 0
U2 367 0
L3 281 0
15
267 185
580 277
522 125
581 51
174 250
522 123
257 158
246 95
430 321
369 132
419 294
45 222
158 82
50 345
189 124
2 L1
22 L1
562 53 104 0
65 287 104 0
11 189 104 0
596 82 104 0
38 330 104 0
383 193 104 0
553 280 104 0
125 305 104 0
502 239 104 0
231 168 104 0
430 233 104 0
423 332 104 0
429 151 104 0
439 56 104 0
148 325 104 0
357 53 104 0
375 335 104 0
293 135 104 0
425 311 104 0
508 218 104 0
289 236 104 0
42 296 104 0
2 L3
22 L3
469 95 281 0
461 270 281 0
51 252 281 0
507 302 281 0
458 236 281 0
23 316 281 0
562 64 281 0
485 247 281 0
219 324 281 0
348 287 281 0
225 125 281 0
501 191 281 0
75 315 281 0
211 62 281 0
181 199 281 0
141 51 281 0
26 102 281 0
319 273 281 0
502 272 281 0
452 66 281 0
335 323 281 0
37 116 281 0
2 U2
367 0 514 145
367 0 591 338
22 U2
367 0 512 325
367 0 177 215
367 0 586 267
367 0 228 309
367 0 220 235
367 0 504 294
367 0 313 332
367 0 507 307
367 0 200 143
367 0 360 201
367 0 566 135
367 0 323 170
367 0 376 287
367 0 211 276
367 0 304 101
367 0 39 76
367 0 293 154
367 0 6 63
367 0 126 334
367 0 256 69
367 0 539 218
367 0 229 157
7
562 53 59 107
469 95 413 254
65 287 279 306
461 270 280 80
11 189 421 227
51 252 449 66
596 82 579 326
