3
4
L1 349 0
U2 207 0
L3 508 0
U4 436 0
12
373 93
501 9
596 333
236 63
485 94
290 171
424 29
579 61
35 77
61 67
31 231
520 247
1 L1
14 L1
288 267 349 0
379 50 349 0
105 106 349 0
132 103 349 0
374 246 349 0
79 346 349 0
559 200 349 0
46 233 349 0
518 115 349 0
406 155 349 0
239 148 349 0
32 183 349 0
5 56 349 0
545 157 349 0
1 L3
14 L3
311 170 508 0
339 178 508 0
238 234 508 0
305 179 508 0
67 223 508 0
230 165 508 0
409 313 508 0
438 293 508 0
484 64 508 0
574 265 508 0
194 265 508 0
285 341 508 0
439 67 508 0
320 302 508 0
1 U2
207 0 432 68
14 U2
207 0 391 302
207 0 579 313
207 0 467 255
207 0 439 87
207 0 435 264
207 0 174 347
207 0 134 187
207 0 408 212
207 0 37 102
207 0 300 305
207 0 510 321
207 0 354 72
207 0 116 142
207 0 209 335
1 U4
436 0 393 69
14 U4
436 0 475 186
436 0 337 148
436 0 16 208
436 0 181 346
436 0 217 141
436 0 71 107
436 0 215 81
436 0 39 324
436 0 121 312
436 0 163 285
436 0 170 241
436 0 207 315
436 0 79 190
436 0 373 163
6
288 267 155 54
311 170 380 255
379 50 229 270
339 178 212 204
105 106 92 288
238 234 201 107
