4
4
L1 514 0
U2 30 0
L3 25 0
U4 337 0
16
20 35
589 130
334 77
24 122
146 315
53 93
482 268
168 297
262 25
193 251
96 290
401 349
460 210
92 263
249 29
419 146
2 L1
22 L1
177 83 514 0
236 90 514 0
301 219 514 0
213 74 514 0
126 131 514 0
358 93 514 0
503 191 514 0
39 165 514 0
583 306 514 0
553 233 514 0
378 304 514 0
400 189 514 0
276 141 514 0
589 156 514 0
453 255 514 0
436 151 514 0
236 70 514 0
194 96 514 0
22 137 514 0
290 296 514 0
448 55 514 0
146 318 514 0
2 L3
22 L3
285 227 25 0
510 242 25 0
392 115 25 0
391 135 25 0
365 321 25 0
65 160 25 0
468 59 25 0
176 215 25 0
588 194 25 0
7 327 25 0
52 119 25 0
87 213 25 0
333 58 25 0
47 130 25 0
72 223 25 0
92 260 25 0
265 148 25 0
117 301 25 0
123 237 25 0
181 218 25 0
152 96 25 0
47 248 25 0
2 U2
30 0 518 285
30 0 27 322
22 U2
30 0 460 111
30 0 173 322
30 0 10 178
30 0 134 259
30 0 158 199
30 0 297 170
30 0 239 233
30 0 510 203
30 0 433 336
30 0 177 210
30 0 542 292
30 0 15 74
30 0 126 250
30 0 48 125
30 0 579 335
30 0 562 313
30 0 36 334
30 0 149 121
30 0 430 335
30 0 181 163
30 0 405 275
30 0 388 270
2 U4
337 0 569 126
337 0 73 249
22 U4
337 0 141 338
337 0 482 220
337 0 347 271
337 0 412 322
337 0 11 196
337 0 46 240
337 0 431 76
337 0 136 326
337 0 329 137
337 0 77 322
337 0 89 62
337 0 563 176
337 0 584 170
337 0 323 54
337 0 388 216
337 0 535 104
337 0 289 174
337 0 291 114
337 0 66 119
337 0 305 255
337 0 581 211
337 0 348 59
9
177 83 184 118
285 227 376 231
236 90 519 144
510 242 485 270
301 219 579 283
392 115 254 279
213 74 458 54
391 135 321 157
126 131 297 152
