3
5
L1 156 0
U2 78 0
L3 151 0
U4 42 0
L5 452 0
25
333 210
542 2
355 244
202 136
126 127
200 346
304 162
26 39
361 191
511 38
60 309
362 117
362 249
5 212
93 232
62 196
113 133
74 46
59 188
349 143
64 179
562 237
284 102
211 341
151 195
1 L1
18 L1
99 122 156 0
0 223 156 0
185 262 156 0
124 59 156 0
547 105 156 0
457 169 156 0
323 156 156 0
144 318 156 0
16 306 156 0
47 133 156 0
180 225 156 0
79 287 156 0
193 184 156 0
102 185 156 0
368 252 156 0
231 75 156 0
353 276 156 0
551 88 156 0
1 L3
18 L3
199 147 151 0
357 348 151 0
292 341 151 0
203 296 151 0
164 63 151 0
360 68 151 0
252 208 151 0
452 221 151 0
232 183 151 0
494 215 151 0
234 216 151 0
487 53 151 0
530 223 151 0
556 95 151 0
239 343 151 0
332 52 151 0
441 193 151 0
290 305 151 0
1 L5
18 L5
358 129 452 0
84 163 452 0
107 242 452 0
550 124 452 0
536 119 452 0
554 271 452 0
261 118 452 0
385 273 452 0
382 74 452 0
322 267 452 0
6 330 452 0
467 144 452 0
395 182 452 0
191 289 452 0
319 297 452 0
529 100 452 0
44 285 452 0
443 129 452 0
1 U2
78 0 392 252
18 U2
78 0 457 307
78 0 357 308
78 0 192 231
78 0 522 240
78 0 108 54
78 0 490 123
78 0 163 85
78 0 60 283
78 0 250 219
78 0 401 72
78 0 115 221
78 0 355 203
78 0 1 104
78 0 65 327
78 0 278 272
78 0 426 162
78 0 355 327
78 0 52 194
1 U4
42 0 335 80
18 U4
42 0 521 243
42 0 223 272
42 0 213 156
42 0 206 165
42 0 89 151
42 0 77 194
42 0 410 292
42 0 256 119
42 0 155 137
42 0 83 329
42 0 381 301
42 0 130 242
42 0 255 291
42 0 392 263
42 0 100 177
42 0 423 200
42 0 470 69
42 0 27 240
14
99 122 86 131
199 147 333 337
358 129 416 179
0 223 15 332
357 348 241 271
84 163 120 149
185 262 176 265
292 341 559 333
107 242 535 344
124 59 244 164
203 296 195 191
550 124 331 312
547 105 472 61
164 63 367 196
