3
5
L1 268 0
U2 307 0
L3 132 0
U4 258 0
L5 283 0
20
12 321
585 7
124 327
346 112
286 76
354 157
579 225
574 258
404 101
466 260
376 200
478 187
488 350
412 334
555 111
171 279
173 40
146 69
600 49
538 15
1 L1
22 L1
573 92 268 0
445 316 268 0
531 200 268 0
523 265 268 0
418 248 268 0
8 343 268 0
404 92 268 0
139 53 268 0
544 51 268 0
444 326 268 0
588 123 268 0
307 71 268 0
504 313 268 0
571 125 268 0
215 295 268 0
438 75 268 0
482 86 268 0
549 325 268 0
302 70 268 0
283 155 268 0
590 278 268 0
508 326 268 0
1 L3
22 L3
210 299 132 0
419 199 132 0
200 136 132 0
549 80 132 0
322 97 132 0
165 88 132 0
527 181 132 0
485 289 132 0
353 286 132 0
156 195 132 0
338 309 132 0
395 67 132 0
20 63 132 0
564 256 132 0
93 159 132 0
114 109 132 0
269 293 132 0
562 135 132 0
49 264 132 0
253 115 132 0
211 225 132 0
401 103 132 0
1 L5
22 L5
447 133 283 0
559 168 283 0
521 277 283 0
19 95 283 0
583 93 283 0
74 85 283 0
227 166 283 0
372 240 283 0
202 261 283 0
514 320 283 0
39 211 283 0
154 284 283 0
227 319 283 0
293 91 283 0
61 109 283 0
335 168 283 0
329 153 283 0
458 84 283 0
502 297 283 0
263 116 283 0
116 248 283 0
536 333 283 0
1 U2
307 0 404 109
22 U2
307 0 139 171
307 0 227 55
307 0 378 168
307 0 333 72
307 0 162 281
307 0 39 100
307 0 503 105
307 0 582 214
307 0 215 346
307 0 338 208
307 0 220 341
307 0 78 112
307 0 364 298
307 0 23 294
307 0 374 122
307 0 356 326
307 0 290 138
307 0 458 162
307 0 536 295
307 0 415 318
307 0 475 218
307 0 378 268
1 U4
258 0 430 186
22 U4
258 0 224 350
258 0 354 106
258 0 598 128
258 0 598 146
258 0 288 282
258 0 97 258
258 0 518 103
258 0 447 251
258 0 351 150
258 0 40 135
258 0 549 136
258 0 187 80
258 0 318 347
258 0 30 73
258 0 289 165
258 0 426 130
258 0 141 115
258 0 39 158
258 0 354 346
258 0 521 62
258 0 443 301
258 0 274 113
17
573 92 399 158
210 299 227 167
447 133 477 222
445 316 519 181
419 199 469 191
559 168 299 260
531 200 94 242
200 136 547 182
521 277 541 59
523 265 585 173
549 80 441 167
19 95 210 317
418 248 256 167
322 97 484 284
583 93 597 214
8 343 527 313
165 88 211 125
