5
5
L1 347 0
U2 190 0
L3 521 0
U4 440 0
L5 198 0
20
163 186
391 245
600 168
497 328
53 46
489 22
189 124
488 269
373 205
515 39
386 270
442 240
239 201
483 141
129 262
446 274
454 199
589 105
429 13
369 48
2 L1
18 L1
45 170 347 0
184 106 347 0
138 273 347 0
534 93 347 0
584 148 347 0
595 117 347 0
317 280 347 0
507 152 347 0
260 332 347 0
127 277 347 0
548 125 347 0
175 114 347 0
583 141 347 0
99 221 347 0
357 254 347 0
156 133 347 0
98 303 347 0
224 242 347 0
2 L3
18 L3
46 254 521 0
327 303 521 0
532 65 521 0
440 330 521 0
295 262 521 0
5 171 521 0
448 326 521 0
358 192 521 0
560 216 521 0
585 230 521 0
458 205 521 0
295 264 521 0
213 56 521 0
427 136 521 0
73 115 521 0
490 316 521 0
491 185 521 0
253 265 521 0
2 L5
18 L5
104 222 198 0
457 323 198 0
42 348 198 0
321 279 198 0
546 211 198 0
132 71 198 0
37 219 198 0
224 200 198 0
568 111 198 0
509 229 198 0
573 216 198 0
200 121 198 0
183 184 198 0
36 321 198 0
90 110 198 0
485 163 198 0
307 254 198 0
127 155 198 0
2 U2
190 0 366 337
190 0 572 184
18 U2
190 0 134 220
190 0 166 171
190 0 505 201
190 0 551 242
190 0 405 134
190 0 10 300
190 0 389 280
190 0 142 222
190 0 561 310
190 0 550 135
190 0 216 70
190 0 211 247
190 0 96 102
190 0 337 77
190 0 400 124
190 0 269 223
190 0 263 250
190 0 566 143
2 U4
440 0 363 106
440 0 484 276
18 U4
440 0 373 253
440 0 189 298
440 0 141 348
440 0 486 207
440 0 75 202
440 0 262 158
440 0 246 347
440 0 332 184
440 0 397 148
440 0 265 103
440 0 302 282
440 0 0 92
440 0 471 225
440 0 389 228
440 0 446 299
440 0 141 146
440 0 251 163
440 0 423 335
9
45 170 55 179
46 254 524 132
104 222 517 262
184 106 593 288
327 303 455 105
457 323 358 279
138 273 202 202
532 65 396 82
42 348 126 257
