4
3
L1 125 0
U2 544 0
L3 21 0
15
453 145
232 109
418 174
190 78
205 303
351 280
358 291
358 304
11 255
170 112
193 331
80 225
209 141
568 81
411 37
2 L1
14 L1
167 178 125 0
85 264 125 0
367 213 125 0
126 194 125 0
184 62 125 0
378 240 125 0
239 251 125 0
278 297 125 0
162 192 125 0
584 272 125 0
347 73 125 0
534 96 125 0
141 133 125 0
201 194 125 0
2 L3
14 L3
543 184 21 0
537 197 21 0
207 197 21 0
548 302 21 0
293 302 21 0
255 127 21 0
596 309 21 0
235 331 21 0
130 84 21 0
159 301 21 0
161 336 21 0
142 349 21 0
573 70 21 0
148 261 21 0
2 U2
544 0 141 250
544 0 307 143
14 U2
544 0 505 69
544 0 424 198
544 0 529 251
544 0 566 301
544 0 281 81
544 0 486 232
544 0 394 95
544 0 415 211
544 0 238 343
544 0 61 289
544 0 289 337
544 0 383 138
544 0 584 265
544 0 398 72
5
167 178 103 324
543 184 114 243
85 264 357 143
537 197 116 238
367 213 4 54
