4
3
L1 578 0
U2 473 0
L3 329 0
9
434 105
120 318
500 17
374 16
221 305
340 235
110 67
44 54
446 195
2 L1
14 L1
459 71 578 0
483 91 578 0
140 171 578 0
567 211 578 0
348 104 578 0
131 213 578 0
42 296 578 0
297 103 578 0
581 142 578 0
461 273 578 0
15 205 578 0
137 150 578 0
260 204 578 0
64 107 578 0
2 L3
14 L3
338 181 329 0
262 194 329 0
585 205 329 0
443 144 329 0
202 120 329 0
394 199 329 0
5 284 329 0
386 193 329 0
13 325 329 0
310 321 329 0
564 251 329 0
188 161 329 0
334 294 329 0
596 226 329 0
2 U2
473 0 309 98
473 0 563 142
14 U2
473 0 229 104
473 0 426 94
473 0 357 235
473 0 309 239
473 0 227 204
473 0 317 144
473 0 285 141
473 0 173 108
473 0 577 297
473 0 563 108
473 0 567 70
473 0 303 266
473 0 141 203
473 0 364 180
5
459 71 590 108
338 181 23 242
483 91 533 283
262 194 325 219
140 171 389 222
