4
3
L1 462 0
U2 214 0
L3 255 0
9
331 172
161 196
27 150
195 340
43 212
490 165
31 15
568 145
91 3
2 L1
18 L1
545 78 462 0
50 157 462 0
9 50 462 0
79 192 462 0
189 153 462 0
211 303 462 0
516 150 462 0
323 77 462 0
389 310 462 0
311 194 462 0
548 230 462 0
375 259 462 0
46 119 462 0
369 89 462 0
327 241 462 0
400 258 462 0
168 284 462 0
129 208 462 0
2 L3
18 L3
160 50 255 0
206 93 255 0
327 309 255 0
440 330 255 0
65 187 255 0
432 319 255 0
100 104 255 0
275 234 255 0
45 216 255 0
443 316 255 0
23 102 255 0
426 202 255 0
310 317 255 0
496 276 255 0
329 130 255 0
172 314 255 0
398 142 255 0
368 292 255 0
2 U2
214 0 235 170
214 0 314 232
18 U2
214 0 62 317
214 0 428 112
214 0 313 112
214 0 362 187
214 0 301 270
214 0 467 206
214 0 369 179
214 0 516 214
214 0 419 273
214 0 280 75
214 0 269 328
214 0 41 179
214 0 254 259
214 0 412 105
214 0 529 198
214 0 228 79
214 0 340 147
214 0 381 183
9
545 78 176 280
160 50 553 287
50 157 39 248
206 93 455 251
9 50 146 216
327 309 298 200
79 192 150 239
440 330 66 343
189 153 386 126
