4
5
L1 298 0
U2 574 0
L3 350 0
U4 493 0
L5 278 0
15
551 93
444 100
437 42
98 180
154 85
404 228
567 223
363 201
260 58
10 199
444 131
547 341
139 112
163 284
578 90
2 L1
14 L1
597 144 298 0
194 299 298 0
2 264 298 0
14 65 298 0
137 61 298 0
380 54 298 0
55 142 298 0
414 78 298 0
575 347 298 0
482 326 298 0
39 99 298 0
12 152 298 0
213 337 298 0
299 138 298 0
2 L3
14 L3
334 343 350 0
571 204 350 0
377 249 350 0
411 231 350 0
492 170 350 0
208 163 350 0
469 184 350 0
263 237 350 0
15 204 350 0
391 322 350 0
177 81 350 0
257 262 350 0
350 347 350 0
332 91 350 0
2 L5
14 L5
232 164 278 0
373 332 278 0
4 262 278 0
291 221 278 0
391 115 278 0
471 109 278 0
328 156 278 0
527 303 278 0
562 280 278 0
8 110 278 0
539 340 278 0
102 241 278 0
405 100 278 0
182 306 278 0
2 U2
574 0 588 106
574 0 503 248
14 U2
574 0 300 94
574 0 174 249
574 0 183 237
574 0 439 288
574 0 442 192
574 0 347 129
574 0 279 118
574 0 353 69
574 0 73 277
574 0 216 156
574 0 180 161
574 0 486 237
574 0 332 86
574 0 186 158
2 U4
493 0 560 330
493 0 349 147
14 U4
493 0 525 310
493 0 491 214
493 0 31 91
493 0 245 231
493 0 33 285
493 0 12 236
493 0 498 269
493 0 300 135
493 0 51 96
493 0 141 79
493 0 466 346
493 0 288 221
493 0 407 143
493 0 220 179
11
597 144 356 257
334 343 27 196
232 164 174 186
194 299 275 332
571 204 218 223
373 332 338 278
2 264 170 336
377 249 549 172
4 262 70 196
14 65 595 261
411 231 46 340
