3
6
L1 239 0
U2 363 0
L3 177 0
U4 494 0
L5 469 0
U6 60 0
24
143 107
115 233
411 178
516 191
402 283
23 324
395 1
404 82
19 156
84 233
236 336
383 55
11 327
595 259
264 216
551 30
465 294
82 57
389 283
49 280
192 172
527 111
393 316
236 215
1 L1
14 L1
322 279 239 0
160 221 239 0
21 219 239 0
584 198 239 0
132 122 239 0
576 55 239 0
515 91 239 0
233 111 239 0
529 156 239 0
537 94 239 0
99 100 239 0
47 75 239 0
208 225 239 0
362 179 239 0
1 L3
14 L3
535 101 177 0
453 224 177 0
242 324 177 0
446 96 177 0
234 166 177 0
240 240 177 0
251 223 177 0
102 226 177 0
210 337 177 0
403 294 177 0
98 89 177 0
426 286 177 0
311 52 177 0
350 160 177 0
1 L5
14 L5
1 163 469 0
552 215 469 0
402 283 469 0
48 331 469 0
223 303 469 0
31 311 469 0
571 206 469 0
535 338 469 0
498 350 469 0
200 214 469 0
68 145 469 0
389 195 469 0
304 101 469 0
284 258 469 0
1 U2
363 0 143 264
14 U2
363 0 503 279
363 0 512 202
363 0 256 335
363 0 366 248
363 0 15 255
363 0 426 121
363 0 350 300
363 0 371 166
363 0 14 270
363 0 528 273
363 0 429 287
363 0 162 315
363 0 573 232
363 0 108 326
1 U4
494 0 195 237
14 U4
494 0 389 334
494 0 60 188
494 0 165 313
494 0 1 241
494 0 258 61
494 0 325 154
494 0 171 312
494 0 345 327
494 0 188 310
494 0 15 323
494 0 20 126
494 0 585 306
494 0 242 157
494 0 164 93
1 U6
60 0 439 163
14 U6
60 0 467 330
60 0 281 180
60 0 365 252
60 0 586 134
60 0 136 216
60 0 549 250
60 0 550 98
60 0 325 140
60 0 551 284
60 0 397 322
60 0 432 169
60 0 328 331
60 0 117 70
60 0 483 162
9
322 279 259 93
535 101 165 323
1 163 479 142
160 221 59 223
453 224 274 137
552 215 129 240
21 219 49 110
242 324 277 333
402 283 474 322
