3
4
L1 483 0
U2 543 0
L3 217 0
U4 427 0
20
472 342
586 257
275 319
207 190
330 240
574 335
353 12
227 22
331 67
178 11
219 28
442 261
479 185
415 96
595 340
92 256
397 221
196 183
224 20
63 2
1 L1
22 L1
581 145 483 0
362 169 483 0
529 329 483 0
12 137 483 0
516 306 483 0
340 219 483 0
275 124 483 0
320 273 483 0
387 317 483 0
486 289 483 0
324 261 483 0
267 174 483 0
566 195 483 0
467 89 483 0
44 227 483 0
476 282 483 0
365 262 483 0
524 282 483 0
504 178 483 0
228 270 483 0
531 135 483 0
244 94 483 0
1 L3
22 L3
477 113 217 0
196 277 217 0
46 97 217 0
387 183 217 0
530 238 217 0
528 324 217 0
16 245 217 0
540 284 217 0
169 106 217 0
491 271 217 0
245 119 217 0
444 112 217 0
565 92 217 0
114 81 217 0
149 297 217 0
456 332 217 0
271 280 217 0
218 137 217 0
522 312 217 0
109 100 217 0
347 82 217 0
520 221 217 0
1 U2
543 0 164 58
22 U2
543 0 195 296
543 0 198 70
543 0 469 66
543 0 511 316
543 0 160 260
543 0 469 131
543 0 552 300
543 0 35 349
543 0 408 296
543 0 49 163
543 0 502 62
543 0 399 110
543 0 224 81
543 0 143 113
543 0 19 101
543 0 44 109
543 0 289 215
543 0 542 84
543 0 545 177
543 0 78 96
543 0 254 69
543 0 293 133
1 U4
427 0 43 314
22 U4
427 0 569 251
427 0 418 78
427 0 376 182
427 0 417 226
427 0 81 242
427 0 246 262
427 0 129 252
427 0 120 238
427 0 31 242
427 0 229 110
427 0 19 120
427 0 90 290
427 0 455 225
427 0 323 191
427 0 62 101
427 0 404 316
427 0 385 108
427 0 179 275
427 0 0 123
427 0 298 78
427 0 155 309
427 0 212 175
9
581 145 50 135
477 113 206 338
362 169 373 275
196 277 79 268
529 329 556 171
46 97 307 185
12 137 261 57
387 183 71 349
516 306 484 295
