4
5
L1 470 0
U2 246 0
L3 399 0
U4 259 0
L5 523 0
25
315 233
70 288
536 263
294 64
541 19
51 292
33 79
430 172
336 241
213 48
271 279
138 208
517 34
185 309
254 98
222 10
591 196
81 193
372 74
416 0
343 101
240 173
249 128
144 108
448 144
2 L1
10 L1
49 171 470 0
277 243 470 0
143 93 470 0
529 239 470 0
407 149 470 0
343 88 470 0
433 140 470 0
198 102 470 0
150 81 470 0
501 244 470 0
2 L3
10 L3
363 66 399 0
124 142 399 0
232 276 399 0
57 58 399 0
480 184 399 0
0 230 399 0
238 340 399 0
206 209 399 0
200 171 399 0
448 54 399 0
2 L5
10 L5
269 282 523 0
140 256 523 0
41 320 523 0
261 314 523 0
62 320 523 0
299 333 523 0
505 219 523 0
20 89 523 0
305 279 523 0
460 176 523 0
2 U2
246 0 340 205
246 0 123 335
10 U2
246 0 138 219
246 0 565 135
246 0 284 78
246 0 127 215
246 0 248 69
246 0 171 75
246 0 319 217
246 0 319 243
246 0 94 307
246 0 543 203
2 U4
259 0 260 141
259 0 416 162
10 U4
259 0 129 130
259 0 400 284
259 0 73 104
259 0 216 279
259 0 517 344
259 0 87 111
259 0 105 291
259 0 226 210
259 0 472 272
259 0 483 230
8
49 171 234 166
363 66 212 87
269 282 461 297
277 243 165 311
124 142 190 315
140 256 303 102
143 93 384 221
232 276 483 181
