3
6
L1 201 0
U2 575 0
L3 541 0
U4 368 0
L5 153 0
U6 11 0
30
152 226
36 243
375 277
132 222
441 307
250 138
258 166
479 313
152 343
350 234
439 76
474 331
358 37
425 307
156 219
26 17
63 116
199 229
315 78
502 294
233 183
36 296
161 17
522 324
546 154
122 47
546 309
457 181
190 121
461 69
1 L1
22 L1
294 240 201 0
25 166 201 0
300 275 201 0
558 347 201 0
474 151 201 0
202 287 201 0
171 209 201 0
311 324 201 0
261 217 201 0
381 327 201 0
227 307 201 0
330 143 201 0
552 70 201 0
62 222 201 0
179 289 201 0
522 216 201 0
131 293 201 0
52 217 201 0
133 122 201 0
577 226 201 0
375 79 201 0
172 145 201 0
1 L3
22 L3
168 334 541 0
183 50 541 0
496 246 541 0
242 247 541 0
508 291 541 0
557 77 541 0
345 247 541 0
59 283 541 0
254 154 541 0
439 317 541 0
297 178 541 0
94 121 541 0
560 232 541 0
196 329 541 0
446 296 541 0
500 100 541 0
249 258 541 0
294 63 541 0
487 108 541 0
190 191 541 0
370 132 541 0
80 219 541 0
1 L5
22 L5
458 336 153 0
474 52 153 0
537 66 153 0
248 318 153 0
61 50 153 0
480 68 153 0
405 141 153 0
359 260 153 0
524 337 153 0
159 108 153 0
338 254 153 0
519 219 153 0
566 163 153 0
338 188 153 0
426 157 153 0
250 121 153 0
341 330 153 0
365 239 153 0
283 259 153 0
131 171 153 0
435 74 153 0
260 156 153 0
1 U2
575 0 553 327
22 U2
575 0 498 141
575 0 120 106
575 0 564 63
575 0 228 140
575 0 203 272
575 0 433 298
575 0 400 225
575 0 65 294
575 0 598 106
575 0 51 160
575 0 415 222
575 0 233 131
575 0 345 135
575 0 360 75
575 0 427 116
575 0 504 320
575 0 129 201
575 0 222 207
575 0 52 260
575 0 293 199
575 0 326 264
575 0 374 165
1 U4
368 0 491 317
22 U4
368 0 197 339
368 0 527 109
368 0 293 259
368 0 118 123
368 0 404 278
368 0 594 221
368 0 90 166
368 0 30 187
368 0 170 231
368 0 586 319
368 0 186 302
368 0 140 160
368 0 53 63
368 0 587 274
368 0 316 56
368 0 519 147
368 0 449 172
368 0 108 148
368 0 400 225
368 0 320 87
368 0 178 172
368 0 600 281
1 U6
11 0 441 82
22 U6
11 0 10 348
11 0 536 92
11 0 224 230
11 0 381 154
11 0 232 104
11 0 227 273
11 0 577 104
11 0 573 261
11 0 524 253
11 0 302 248
11 0 313 86
11 0 245 229
11 0 82 290
11 0 14 100
11 0 330 245
11 0 557 142
11 0 562 240
11 0 402 290
11 0 142 120
11 0 200 199
11 0 423 270
11 0 504 127
7
294 240 315 138
168 334 487 346
458 336 276 346
25 166 395 91
183 50 538 225
474 52 508 320
300 275 170 191
