5
5
L1 366 0
U2 262 0
L3 269 0
U4 327 0
L5 125 0
15
37 335
377 309
460 316
252 228
347 107
566 168
284 305
566 243
123 3
495 84
58 111
44 172
45 336
67 313
223 100
2 L1
10 L1
340 306 366 0
64 197 366 0
198 203 366 0
413 322 366 0
434 342 366 0
372 322 366 0
262 140 366 0
523 127 366 0
66 266 366 0
460 93 366 0
2 L3
10 L3
239 317 269 0
582 318 269 0
458 95 269 0
356 269 269 0
551 144 269 0
203 218 269 0
68 236 269 0
347 293 269 0
365 148 269 0
530 52 269 0
2 L5
10 L5
86 297 125 0
390 99 125 0
98 297 125 0
265 194 125 0
206 269 125 0
388 164 125 0
172 178 125 0
40 70 125 0
239 158 125 0
302 280 125 0
2 U2
262 0 255 59
262 0 465 214
10 U2
262 0 300 213
262 0 90 148
262 0 374 193
262 0 540 136
262 0 480 68
262 0 500 182
262 0 418 115
262 0 372 161
262 0 328 225
262 0 225 211
2 U4
327 0 532 276
327 0 217 140
10 U4
327 0 182 242
327 0 16 203
327 0 416 90
327 0 350 190
327 0 533 301
327 0 415 302
327 0 82 194
327 0 274 175
327 0 190 69
327 0 0 226
5
340 306 54 259
239 317 228 148
86 297 476 138
64 197 152 240
582 318 530 62
