5
3
L1 234 0
U2 279 0
L3 518 0
12
454 195
77 118
294 197
241 299
231 284
549 328
418 207
342 31
587 122
52 42
137 262
568 99
2 L1
22 L1
200 103 234 0
149 285 234 0
526 118 234 0
340 215 234 0
104 180 234 0
65 55 234 0
74 224 234 0
370 274 234 0
481 284 234 0
374 207 234 0
296 262 234 0
242 215 234 0
598 113 234 0
0 194 234 0
97 240 234 0
405 217 234 0
426 271 234 0
265 91 234 0
361 54 234 0
337 107 234 0
597 269 234 0
166 342 234 0
2 L3
22 L3
561 147 518 0
221 60 518 0
394 290 518 0
523 159 518 0
94 310 518 0
375 70 518 0
427 278 518 0
112 329 518 0
495 158 518 0
243 126 518 0
63 72 518 0
548 120 518 0
267 236 518 0
17 215 518 0
521 195 518 0
52 282 518 0
579 289 518 0
383 125 518 0
385 241 518 0
152 249 518 0
396 227 518 0
146 227 518 0
2 U2
279 0 366 98
279 0 142 98
22 U2
279 0 552 192
279 0 551 183
279 0 467 300
279 0 219 275
279 0 13 266
279 0 96 149
279 0 375 295
279 0 324 165
279 0 183 253
279 0 159 63
279 0 491 235
279 0 76 345
279 0 178 170
279 0 59 187
279 0 105 125
279 0 115 272
279 0 523 174
279 0 401 295
279 0 308 248
279 0 227 330
279 0 194 218
279 0 39 172
7
200 103 26 243
561 147 377 209
149 285 572 170
221 60 473 71
526 118 106 80
394 290 551 88
340 215 594 80
