5
5
L1 337 0
U2 357 0
L3 371 0
U4 280 0
L5 17 0
20
541 35
567 258
130 106
387 29
267 304
585 65
372 249
39 187
523 196
559 49
550 39
473 242
385 264
570 173
52 200
44 101
70 340
490 169
527 258
41 327
2 L1
18 L1
405 249 337 0
304 176 337 0
96 218 337 0
367 106 337 0
252 229 337 0
381 107 337 0
201 148 337 0
259 339 337 0
289 251 337 0
374 239 337 0
325 223 337 0
118 182 337 0
257 167 337 0
335 350 337 0
372 57 337 0
287 261 337 0
465 106 337 0
321 349 337 0
2 L3
18 L3
90 262 371 0
124 162 371 0
137 111 371 0
6 234 371 0
439 257 371 0
483 67 371 0
15 292 371 0
56 118 371 0
393 323 371 0
544 321 371 0
312 240 371 0
520 225 371 0
410 172 371 0
553 342 371 0
20 126 371 0
392 188 371 0
598 192 371 0
222 155 371 0
2 L5
18 L5
139 157 17 0
168 262 17 0
309 105 17 0
319 214 17 0
148 321 17 0
583 310 17 0
35 58 17 0
75 224 17 0
140 257 17 0
466 157 17 0
439 285 17 0
209 168 17 0
579 59 17 0
565 274 17 0
83 78 17 0
288 176 17 0
284 224 17 0
58 168 17 0
2 U2
357 0 322 66
357 0 27 141
18 U2
357 0 514 209
357 0 151 132
357 0 305 312
357 0 364 193
357 0 210 118
357 0 548 125
357 0 24 216
357 0 490 170
357 0 539 304
357 0 47 342
357 0 298 51
357 0 411 252
357 0 442 81
357 0 88 215
357 0 374 114
357 0 391 232
357 0 518 329
357 0 421 328
2 U4
280 0 459 109
280 0 479 219
18 U4
280 0 98 333
280 0 598 95
280 0 385 76
280 0 153 110
280 0 403 320
280 0 597 65
280 0 541 212
280 0 490 130
280 0 565 137
280 0 111 135
280 0 96 104
280 0 61 263
280 0 592 348
280 0 161 209
280 0 178 280
280 0 81 215
280 0 500 147
280 0 499 257
5
405 249 123 203
90 262 383 332
139 157 453 321
304 176 369 158
124 162 404 333
