5
5
L1 359 0
U2 476 0
L3 532 0
U4 49 0
L5 432 0
15
518 123
97 36
192 51
305 161
202 310
281 10
414 255
570 168
548 54
550 177
471 231
80 328
510 314
18 321
399 336
2 L1
18 L1
591 270 359 0
212 137 359 0
31 250 359 0
60 187 359 0
246 133 359 0
164 170 359 0
154 326 359 0
7 270 359 0
262 111 359 0
219 89 359 0
406 206 359 0
479 135 359 0
502 172 359 0
345 171 359 0
564 126 359 0
374 54 359 0
38 69 359 0
380 119 359 0
2 L3
18 L3
568 94 532 0
232 139 532 0
37 135 532 0
267 224 532 0
444 293 532 0
239 331 532 0
173 210 532 0
591 61 532 0
591 200 532 0
536 326 532 0
108 121 532 0
458 151 532 0
466 330 532 0
100 343 532 0
15 281 532 0
153 264 532 0
41 343 532 0
244 138 532 0
2 L5
18 L5
56 230 432 0
559 258 432 0
276 279 432 0
343 319 432 0
294 187 432 0
257 131 432 0
597 100 432 0
424 300 432 0
112 142 432 0
111 64 432 0
49 144 432 0
571 111 432 0
303 83 432 0
388 155 432 0
337 87 432 0
425 157 432 0
510 185 432 0
0 191 432 0
2 U2
476 0 394 163
476 0 46 84
18 U2
476 0 103 288
476 0 458 253
476 0 593 166
476 0 397 181
476 0 83 189
476 0 287 339
476 0 22 245
476 0 485 210
476 0 371 140
476 0 374 297
476 0 59 172
476 0 427 183
476 0 558 297
476 0 431 296
476 0 59 321
476 0 496 98
476 0 148 110
476 0 495 276
2 U4
49 0 30 130
49 0 34 338
18 U4
49 0 328 166
49 0 25 172
49 0 579 169
49 0 283 291
49 0 1 160
49 0 341 146
49 0 490 241
49 0 503 181
49 0 550 310
49 0 204 317
49 0 104 251
49 0 371 84
49 0 220 263
49 0 144 112
49 0 480 170
49 0 578 62
49 0 207 144
49 0 491 272
5
591 270 178 344
568 94 51 298
56 230 130 271
212 137 63 318
232 139 355 210
