4
6
L1 235 0
U2 528 0
L3 600 0
U4 269 0
L5 27 0
U6 457 0
18
453 207
533 10
480 319
262 223
102 294
187 140
215 191
422 129
465 16
201 16
278 56
453 93
398 43
98 198
227 150
253 179
54 285
449 50
2 L1
10 L1
53 137 235 0
473 179 235 0
72 241 235 0
543 78 235 0
324 126 235 0
592 265 235 0
377 270 235 0
597 285 235 0
80 341 235 0
457 118 235 0
2 L3
10 L3
195 180 600 0
355 196 600 0
306 289 600 0
271 342 600 0
222 109 600 0
39 74 600 0
317 172 600 0
95 217 600 0
247 293 600 0
460 204 600 0
2 L5
10 L5
412 59 27 0
343 222 27 0
178 244 27 0
356 91 27 0
201 245 27 0
580 156 27 0
215 161 27 0
3 316 27 0
547 111 27 0
597 232 27 0
2 U2
528 0 117 319
528 0 296 150
10 U2
528 0 340 287
528 0 473 319
528 0 385 97
528 0 247 128
528 0 496 117
528 0 577 205
528 0 551 303
528 0 144 122
528 0 213 266
528 0 182 342
2 U4
269 0 179 236
269 0 143 170
10 U4
269 0 225 148
269 0 34 233
269 0 124 70
269 0 103 180
269 0 156 310
269 0 33 84
269 0 473 345
269 0 378 227
269 0 221 169
269 0 459 118
2 U6
457 0 108 214
457 0 78 85
10 U6
457 0 398 338
457 0 434 168
457 0 261 196
457 0 365 132
457 0 134 315
457 0 284 245
457 0 396 300
457 0 159 290
457 0 593 191
457 0 423 334
9
53 137 435 208
195 180 321 286
412 59 450 156
473 179 78 100
355 196 454 249
343 222 228 211
72 241 545 220
306 289 404 51
178 244 29 162
