4
5
L1 499 0
U2 97 0
L3 52 0
U4 327 0
L5 510 0
20
426 195
487 207
533 44
55 82
317 306
248 15
439 344
435 341
317 330
67 220
420 140
138 134
6 276
84 36
425 290
103 204
439 334
124 95
585 29
303 303
2 L1
10 L1
480 138 499 0
433 82 499 0
185 325 499 0
519 162 499 0
26 232 499 0
158 217 499 0
407 53 499 0
124 262 499 0
20 215 499 0
23 269 499 0
2 L3
10 L3
443 104 52 0
337 253 52 0
117 197 52 0
32 260 52 0
399 123 52 0
391 96 52 0
455 230 52 0
317 128 52 0
491 273 52 0
67 219 52 0
2 L5
10 L5
0 181 510 0
548 217 510 0
117 206 510 0
193 145 510 0
451 298 510 0
114 294 510 0
504 285 510 0
338 309 510 0
554 104 510 0
517 272 510 0
2 U2
97 0 226 169
97 0 28 253
10 U2
97 0 226 172
97 0 369 274
97 0 81 94
97 0 315 288
97 0 524 131
97 0 273 131
97 0 84 206
97 0 451 179
97 0 91 339
97 0 43 131
2 U4
327 0 400 328
327 0 134 164
10 U4
327 0 329 329
327 0 327 296
327 0 348 86
327 0 569 130
327 0 581 163
327 0 570 101
327 0 241 200
327 0 6 95
327 0 39 118
327 0 48 210
5
480 138 112 99
443 104 17 58
0 181 12 155
433 82 336 244
337 253 3 250
