4
4
L1 81 0
U2 205 0
L3 517 0
U4 332 0
20
487 234
364 295
250 61
116 3
20 319
68 326
433 52
464 141
448 266
142 208
31 201
512 191
431 152
548 79
395 264
91 129
278 116
173 245
36 76
105 148
2 L1
18 L1
44 321 81 0
341 347 81 0
537 333 81 0
473 236 81 0
283 74 81 0
525 201 81 0
564 217 81 0
494 263 81 0
322 261 81 0
374 130 81 0
100 198 81 0
577 306 81 0
545 100 81 0
307 275 81 0
422 275 81 0
395 96 81 0
550 52 81 0
457 327 81 0
2 L3
18 L3
553 294 517 0
224 222 517 0
27 101 517 0
407 281 517 0
302 319 517 0
205 229 517 0
291 269 517 0
525 141 517 0
76 250 517 0
378 275 517 0
116 134 517 0
312 255 517 0
78 253 517 0
472 125 517 0
528 285 517 0
135 200 517 0
447 135 517 0
230 265 517 0
2 U2
205 0 587 51
205 0 454 276
18 U2
205 0 342 231
205 0 191 290
205 0 190 323
205 0 452 259
205 0 565 273
205 0 64 98
205 0 440 231
205 0 250 117
205 0 343 299
205 0 290 324
205 0 30 255
205 0 554 311
205 0 207 112
205 0 188 204
205 0 516 253
205 0 555 175
205 0 464 200
205 0 21 61
2 U4
332 0 37 187
332 0 144 53
18 U4
332 0 395 218
332 0 337 287
332 0 66 251
332 0 460 194
332 0 378 163
332 0 341 346
332 0 546 50
332 0 147 257
332 0 500 313
332 0 353 83
332 0 534 200
332 0 549 298
332 0 229 302
332 0 113 276
332 0 285 322
332 0 273 229
332 0 367 154
332 0 38 273
11
44 321 58 146
553 294 284 61
341 347 561 225
224 222 519 203
537 333 177 319
27 101 445 205
473 236 222 328
407 281 143 212
283 74 426 92
302 319 510 90
525 201 292 76
