3
6
L1 426 0
U2 461 0
L3 398 0
U4 184 0
L5 383 0
U6 149 0
18
18 129
319 345
337 21
576 108
503 69
352 167
87 166
87 15
46 90
31 122
295 180
147 255
128 1
364 46
445 289
354 249
448 30
365 228
1 L1
14 L1
168 260 426 0
497 277 426 0
245 184 426 0
153 220 426 0
480 151 426 0
23 90 426 0
334 333 426 0
427 54 426 0
172 174 426 0
372 66 426 0
342 345 426 0
334 156 426 0
151 51 426 0
210 335 426 0
1 L3
14 L3
114 158 398 0
361 333 398 0
365 241 398 0
475 189 398 0
289 165 398 0
5 334 398 0
291 90 398 0
475 72 398 0
518 112 398 0
491 344 398 0
431 281 398 0
249 179 398 0
318 167 398 0
280 232 398 0
1 L5
14 L5
406 142 383 0
529 151 383 0
201 53 383 0
125 342 383 0
587 260 383 0
25 156 383 0
210 162 383 0
129 331 383 0
156 314 383 0
299 217 383 0
583 256 383 0
88 52 383 0
355 99 383 0
213 64 383 0
1 U2
461 0 588 314
14 U2
461 0 152 141
461 0 168 83
461 0 560 226
461 0 460 337
461 0 180 294
461 0 362 236
461 0 436 144
461 0 584 326
461 0 111 350
461 0 600 174
461 0 486 202
461 0 447 252
461 0 269 198
461 0 19 331
1 U4
184 0 432 301
14 U4
184 0 553 153
184 0 594 99
184 0 301 299
184 0 243 89
184 0 263 336
184 0 479 121
184 0 142 170
184 0 549 325
184 0 253 77
184 0 240 247
184 0 437 144
184 0 491 245
184 0 214 194
184 0 324 224
1 U6
149 0 377 90
14 U6
149 0 175 201
149 0 39 286
149 0 352 276
149 0 434 325
149 0 157 240
149 0 525 55
149 0 232 291
149 0 506 242
149 0 116 108
149 0 558 308
149 0 435 260
149 0 537 346
149 0 91 273
149 0 0 300
13
168 260 494 160
114 158 288 261
406 142 409 88
497 277 574 56
361 333 174 221
529 151 62 121
245 184 385 259
365 241 579 139
201 53 511 230
153 220 269 154
475 189 567 115
125 342 241 170
480 151 355 85
