4
3
L1 235 0
U2 213 0
L3 167 0
9
335 168
167 231
540 324
496 304
526 167
391 139
548 81
157 299
178 250
2 L1
22 L1
276 72 235 0
360 283 235 0
326 130 235 0
71 304 235 0
410 104 235 0
395 246 235 0
457 250 235 0
130 105 235 0
5 90 235 0
191 123 235 0
371 112 235 0
478 297 235 0
360 105 235 0
470 226 235 0
441 287 235 0
425 71 235 0
280 332 235 0
303 134 235 0
3 350 235 0
231 238 235 0
340 228 235 0
57 233 235 0
2 L3
22 L3
126 209 167 0
204 83 167 0
380 315 167 0
442 190 167 0
330 62 167 0
577 292 167 0
359 230 167 0
139 100 167 0
290 174 167 0
107 268 167 0
178 223 167 0
280 232 167 0
10 151 167 0
131 68 167 0
223 109 167 0
128 303 167 0
506 134 167 0
443 337 167 0
522 194 167 0
487 167 167 0
55 175 167 0
10 87 167 0
2 U2
213 0 292 307
213 0 576 208
22 U2
213 0 148 201
213 0 588 201
213 0 268 305
213 0 393 165
213 0 173 157
213 0 125 156
213 0 436 317
213 0 474 177
213 0 271 324
213 0 261 248
213 0 29 257
213 0 396 260
213 0 389 185
213 0 7 207
213 0 198 86
213 0 14 304
213 0 222 187
213 0 74 208
213 0 485 117
213 0 219 285
213 0 546 237
213 0 588 327
4
276 72 333 125
126 209 80 286
360 283 335 77
204 83 475 164
