5
3
L1 411 0
U2 91 0
L3 587 0
15
426 127
152 40
49 187
136 171
43 26
323 27
294 69
168 122
232 306
470 199
575 244
386 88
411 122
239 162
211 83
2 L1
10 L1
371 107 411 0
532 294 411 0
461 98 411 0
467 215 411 0
39 297 411 0
398 255 411 0
10 82 411 0
310 77 411 0
25 240 411 0
207 204 411 0
2 L3
10 L3
105 285 587 0
412 256 587 0
150 117 587 0
296 227 587 0
175 134 587 0
430 182 587 0
252 305 587 0
166 316 587 0
592 323 587 0
47 312 587 0
2 U2
91 0 5 194
91 0 424 213
10 U2
91 0 187 218
91 0 567 145
91 0 310 316
91 0 590 313
91 0 68 344
91 0 13 115
91 0 229 70
91 0 280 74
91 0 192 65
91 0 8 60
2
371 107 449 51
105 285 337 167
