4
3
L1 82 0
U2 115 0
L3 267 0
12
570 224
295 218
304 259
87 299
403 264
418 195
566 186
351 211
418 343
61 301
87 253
188 110
2 L1
22 L1
75 128 82 0
40 197 82 0
139 183 82 0
361 60 82 0
504 230 82 0
148 68 82 0
80 115 82 0
294 188 82 0
39 119 82 0
385 326 82 0
562 50 82 0
580 116 82 0
273 112 82 0
292 247 82 0
158 255 82 0
335 60 82 0
54 318 82 0
323 263 82 0
189 200 82 0
306 92 82 0
76 114 82 0
234 336 82 0
2 L3
22 L3
391 291 267 0
170 330 267 0
583 344 267 0
371 224 267 0
97 81 267 0
251 295 267 0
425 202 267 0
36 210 267 0
550 340 267 0
3 249 267 0
543 255 267 0
230 280 267 0
22 313 267 0
7 74 267 0
356 168 267 0
287 338 267 0
481 143 267 0
516 313 267 0
533 50 267 0
28 289 267 0
433 276 267 0
517 64 267 0
2 U2
115 0 552 141
115 0 309 156
22 U2
115 0 40 175
115 0 461 330
115 0 511 301
115 0 144 130
115 0 319 55
115 0 358 204
115 0 388 98
115 0 199 222
115 0 27 117
115 0 505 311
115 0 255 176
115 0 321 280
115 0 489 212
115 0 202 108
115 0 438 57
115 0 445 292
115 0 227 73
115 0 425 59
115 0 322 303
115 0 250 142
115 0 588 79
115 0 223 126
10
75 128 200 230
391 291 589 344
40 197 108 112
170 330 425 336
139 183 260 170
583 344 158 224
361 60 156 131
371 224 211 333
504 230 237 248
97 81 87 188
