4
4
L1 86 0
U2 553 0
L3 244 0
U4 269 0
16
483 48
280 136
239 104
435 32
553 317
343 49
308 134
598 198
67 101
259 3
459 307
56 87
125 148
105 21
499 257
323 172
2 L1
18 L1
257 344 86 0
296 120 86 0
494 91 86 0
539 90 86 0
79 281 86 0
526 279 86 0
96 343 86 0
176 148 86 0
218 270 86 0
122 227 86 0
121 106 86 0
540 220 86 0
320 207 86 0
178 149 86 0
77 76 86 0
120 279 86 0
582 261 86 0
297 272 86 0
2 L3
18 L3
271 263 244 0
486 156 244 0
247 243 244 0
554 76 244 0
477 229 244 0
113 136 244 0
17 260 244 0
189 213 244 0
180 65 244 0
479 251 244 0
546 227 244 0
244 242 244 0
142 226 244 0
130 142 244 0
506 325 244 0
63 110 244 0
247 139 244 0
592 277 244 0
2 U2
553 0 40 66
553 0 117 121
18 U2
553 0 458 248
553 0 347 92
553 0 364 125
553 0 79 86
553 0 458 212
553 0 16 192
553 0 218 113
553 0 253 180
553 0 225 193
553 0 333 58
553 0 372 96
553 0 148 261
553 0 411 167
553 0 429 151
553 0 496 229
553 0 16 71
553 0 267 241
553 0 581 99
2 U4
269 0 187 64
269 0 231 335
18 U4
269 0 66 220
269 0 562 63
269 0 467 299
269 0 136 149
269 0 95 270
269 0 225 227
269 0 110 55
269 0 577 111
269 0 353 153
269 0 303 289
269 0 588 347
269 0 579 199
269 0 346 197
269 0 526 274
269 0 522 266
269 0 210 117
269 0 391 144
269 0 172 336
4
257 344 535 187
271 263 50 350
296 120 166 242
486 156 502 346
