3
3
L1 582 0
U2 377 0
L3 250 0
9
197 259
252 32
249 231
434 154
591 17
47 193
501 149
331 253
554 231
1 L1
22 L1
526 73 582 0
185 277 582 0
395 152 582 0
400 75 582 0
105 227 582 0
554 196 582 0
340 131 582 0
569 201 582 0
595 58 582 0
423 125 582 0
338 333 582 0
37 105 582 0
529 150 582 0
350 98 582 0
187 328 582 0
108 289 582 0
170 108 582 0
562 84 582 0
130 342 582 0
370 235 582 0
538 155 582 0
536 276 582 0
1 L3
22 L3
50 129 250 0
572 172 250 0
379 133 250 0
95 309 250 0
485 256 250 0
90 279 250 0
180 310 250 0
566 292 250 0
584 240 250 0
165 237 250 0
504 293 250 0
88 168 250 0
370 101 250 0
126 337 250 0
20 80 250 0
1 188 250 0
237 169 250 0
193 330 250 0
99 124 250 0
32 102 250 0
153 142 250 0
562 115 250 0
1 U2
377 0 421 74
22 U2
377 0 6 282
377 0 467 190
377 0 388 204
377 0 282 153
377 0 246 199
377 0 348 339
377 0 274 254
377 0 442 156
377 0 15 213
377 0 496 66
377 0 577 205
377 0 510 237
377 0 488 269
377 0 56 269
377 0 172 337
377 0 424 64
377 0 405 232
377 0 231 195
377 0 538 330
377 0 64 131
377 0 103 330
377 0 126 97
4
526 73 558 197
50 129 274 148
185 277 547 326
572 172 147 325
