3
4
L1 188 0
U2 283 0
L3 323 0
U4 86 0
12
109 86
116 304
451 118
263 178
134 191
434 245
342 210
275 212
444 7
35 285
64 207
205 133
1 L1
10 L1
189 93 188 0
542 202 188 0
344 242 188 0
467 111 188 0
172 273 188 0
501 285 188 0
311 177 188 0
428 296 188 0
308 242 188 0
84 81 188 0
1 L3
10 L3
426 103 323 0
93 153 323 0
421 91 323 0
214 52 323 0
107 175 323 0
54 151 323 0
519 243 323 0
264 110 323 0
381 323 323 0
269 188 323 0
1 U2
283 0 138 153
10 U2
283 0 360 294
283 0 361 244
283 0 377 99
283 0 438 100
283 0 134 269
283 0 20 297
283 0 303 105
283 0 124 229
283 0 292 284
283 0 541 252
1 U4
86 0 248 83
10 U4
86 0 255 102
86 0 387 106
86 0 148 206
86 0 327 108
86 0 510 291
86 0 125 332
86 0 271 114
86 0 180 150
86 0 208 250
86 0 77 222
2
189 93 193 53
426 103 589 332
