3
4
L1 134 0
U2 567 0
L3 346 0
U4 195 0
12
338 169
445 150
165 107
264 235
589 21
576 6
228 90
367 50
264 196
41 232
72 327
10 336
1 L1
22 L1
186 130 134 0
499 67 134 0
164 121 134 0
576 239 134 0
84 260 134 0
274 234 134 0
597 193 134 0
493 140 134 0
436 199 134 0
455 110 134 0
262 263 134 0
525 264 134 0
196 144 134 0
310 55 134 0
162 174 134 0
206 342 134 0
191 350 134 0
63 220 134 0
273 188 134 0
586 201 134 0
256 269 134 0
415 340 134 0
1 L3
22 L3
180 313 346 0
283 246 346 0
334 263 346 0
87 52 346 0
163 207 346 0
184 175 346 0
144 304 346 0
350 58 346 0
280 94 346 0
516 127 346 0
476 257 346 0
523 146 346 0
419 168 346 0
162 104 346 0
251 278 346 0
145 288 346 0
463 201 346 0
524 57 346 0
153 293 346 0
299 92 346 0
442 125 346 0
276 200 346 0
1 U2
567 0 203 102
22 U2
567 0 364 330
567 0 591 205
567 0 489 263
567 0 530 79
567 0 312 231
567 0 55 62
567 0 437 334
567 0 487 228
567 0 167 99
567 0 440 221
567 0 274 187
567 0 191 280
567 0 262 161
567 0 365 102
567 0 301 179
567 0 519 239
567 0 215 99
567 0 134 341
567 0 534 304
567 0 370 182
567 0 106 338
567 0 564 335
1 U4
195 0 53 92
22 U4
195 0 71 140
195 0 427 345
195 0 481 216
195 0 256 67
195 0 396 279
195 0 131 122
195 0 167 143
195 0 157 344
195 0 78 143
195 0 582 143
195 0 165 334
195 0 17 167
195 0 513 138
195 0 437 196
195 0 300 254
195 0 495 281
195 0 242 54
195 0 412 74
195 0 594 176
195 0 287 98
195 0 102 102
195 0 431 200
5
186 130 430 122
180 313 31 96
499 67 313 218
283 246 429 301
164 121 437 112
