3
6
L1 552 0
U2 504 0
L3 485 0
U4 324 0
L5 306 0
U6 395 0
24
568 52
175 225
558 195
41 232
526 26
321 348
387 64
147 188
580 56
251 350
276 239
514 81
445 13
277 66
112 11
68 55
70 92
269 101
108 173
322 70
265 246
422 41
368 125
438 194
1 L1
18 L1
250 125 552 0
309 85 552 0
91 304 552 0
273 80 552 0
332 221 552 0
561 123 552 0
293 215 552 0
377 198 552 0
464 146 552 0
501 280 552 0
432 286 552 0
165 335 552 0
512 340 552 0
308 76 552 0
518 130 552 0
385 329 552 0
541 145 552 0
226 145 552 0
1 L3
18 L3
382 73 485 0
530 134 485 0
557 202 485 0
109 247 485 0
66 273 485 0
283 318 485 0
183 192 485 0
447 322 485 0
371 148 485 0
332 215 485 0
265 142 485 0
418 87 485 0
440 316 485 0
330 106 485 0
345 227 485 0
189 158 485 0
408 171 485 0
0 338 485 0
1 L5
18 L5
119 131 306 0
257 265 306 0
263 225 306 0
76 245 306 0
219 119 306 0
77 224 306 0
205 317 306 0
397 279 306 0
141 237 306 0
66 296 306 0
566 136 306 0
44 147 306 0
525 310 306 0
298 247 306 0
359 87 306 0
296 269 306 0
35 206 306 0
180 82 306 0
1 U2
504 0 460 336
18 U2
504 0 549 221
504 0 568 304
504 0 559 316
504 0 48 208
504 0 566 99
504 0 144 331
504 0 525 311
504 0 308 263
504 0 39 321
504 0 240 222
504 0 55 200
504 0 253 136
504 0 145 346
504 0 321 306
504 0 83 114
504 0 209 252
504 0 228 159
504 0 228 339
1 U4
324 0 219 111
18 U4
324 0 34 296
324 0 507 283
324 0 335 338
324 0 527 83
324 0 382 234
324 0 574 327
324 0 276 53
324 0 10 347
324 0 197 149
324 0 459 56
324 0 515 262
324 0 163 266
324 0 114 65
324 0 153 161
324 0 445 337
324 0 508 188
324 0 292 330
324 0 9 314
1 U6
395 0 391 320
18 U6
395 0 217 331
395 0 322 225
395 0 252 230
395 0 271 147
395 0 326 60
395 0 179 98
395 0 182 123
395 0 96 172
395 0 59 152
395 0 514 193
395 0 495 79
395 0 506 201
395 0 308 193
395 0 316 280
395 0 140 281
395 0 122 294
395 0 146 316
395 0 199 62
6
250 125 408 336
382 73 569 157
119 131 282 300
309 85 223 64
530 134 574 304
257 265 168 61
