5
4
L1 502 0
U2 100 0
L3 304 0
U4 51 0
20
108 122
445 98
485 92
64 300
296 308
484 274
444 139
465 329
446 291
168 218
587 119
121 38
80 111
425 253
45 96
121 278
469 73
583 160
120 194
230 87
2 L1
14 L1
48 75 502 0
349 124 502 0
176 127 502 0
168 221 502 0
240 305 502 0
146 85 502 0
472 120 502 0
63 182 502 0
18 68 502 0
226 144 502 0
53 168 502 0
173 267 502 0
470 174 502 0
326 169 502 0
2 L3
14 L3
326 169 304 0
301 223 304 0
189 204 304 0
154 62 304 0
76 336 304 0
42 217 304 0
497 271 304 0
69 312 304 0
311 109 304 0
351 310 304 0
317 87 304 0
415 206 304 0
596 101 304 0
523 290 304 0
2 U2
100 0 295 122
100 0 593 117
14 U2
100 0 512 305
100 0 161 284
100 0 385 333
100 0 87 344
100 0 223 234
100 0 84 280
100 0 383 272
100 0 471 288
100 0 430 122
100 0 91 273
100 0 191 319
100 0 46 116
100 0 358 349
100 0 238 95
2 U4
51 0 594 227
51 0 111 305
14 U4
51 0 409 338
51 0 187 176
51 0 199 315
51 0 549 245
51 0 274 115
51 0 311 57
51 0 464 147
51 0 116 300
51 0 508 106
51 0 4 205
51 0 308 174
51 0 178 204
51 0 488 198
51 0 334 336
3
48 75 376 334
326 169 544 284
349 124 579 75
