4
4
L1 102 0
U2 199 0
L3 154 0
U4 591 0
16
169 14
222 110
422 182
113 94
514 215
284 152
391 307
450 303
186 207
556 208
575 60
0 128
147 46
428 168
542 254
583 340
2 L1
10 L1
32 144 102 0
588 241 102 0
257 141 102 0
318 144 102 0
106 55 102 0
257 308 102 0
314 50 102 0
547 265 102 0
504 145 102 0
486 270 102 0
2 L3
10 L3
232 91 154 0
42 233 154 0
561 118 154 0
313 254 154 0
512 115 154 0
461 331 154 0
340 306 154 0
373 87 154 0
173 120 154 0
124 108 154 0
2 U2
199 0 415 181
199 0 495 129
10 U2
199 0 98 269
199 0 335 349
199 0 168 177
199 0 6 53
199 0 233 178
199 0 513 174
199 0 526 331
199 0 556 67
199 0 183 54
199 0 174 100
2 U4
591 0 472 252
591 0 137 313
10 U4
591 0 439 178
591 0 69 57
591 0 186 63
591 0 31 268
591 0 600 273
591 0 505 270
591 0 392 76
591 0 451 259
591 0 396 310
591 0 19 339
4
32 144 411 269
232 91 92 139
588 241 443 90
42 233 548 240
