5
3
L1 15 0
U2 378 0
L3 497 0
9
589 133
248 104
125 293
358 285
354 164
475 80
355 159
234 228
476 243
2 L1
10 L1
341 335 15 0
11 161 15 0
100 113 15 0
174 219 15 0
466 185 15 0
258 320 15 0
192 344 15 0
171 271 15 0
495 73 15 0
66 321 15 0
2 L3
10 L3
83 290 497 0
371 165 497 0
405 170 497 0
183 278 497 0
110 208 497 0
282 93 497 0
258 312 497 0
594 194 497 0
210 78 497 0
263 290 497 0
2 U2
378 0 593 262
378 0 50 331
10 U2
378 0 76 299
378 0 518 244
378 0 281 187
378 0 418 140
378 0 272 299
378 0 472 189
378 0 147 81
378 0 15 67
378 0 429 105
378 0 534 68
5
341 335 475 339
83 290 572 302
11 161 204 275
371 165 493 184
100 113 583 247
