3
5
L1 428 0
U2 132 0
L3 381 0
U4 556 0
L5 264 0
25
213 74
325 57
145 317
489 298
81 299
0 322
244 291
66 120
505 62
564 105
244 204
51 118
412 302
198 88
452 239
207 302
365 310
265 200
16 322
542 187
150 252
4 189
221 202
365 132
142 64
1 L1
22 L1
61 261 428 0
1 316 428 0
585 334 428 0
389 196 428 0
492 80 428 0
199 97 428 0
43 325 428 0
498 307 428 0
128 64 428 0
194 279 428 0
389 259 428 0
265 289 428 0
32 331 428 0
62 160 428 0
5 207 428 0
185 72 428 0
207 210 428 0
462 122 428 0
574 192 428 0
392 173 428 0
231 113 428 0
122 277 428 0
1 L3
22 L3
268 289 381 0
409 146 381 0
572 333 381 0
436 307 381 0
221 321 381 0
496 214 381 0
497 188 381 0
175 52 381 0
318 235 381 0
322 328 381 0
592 264 381 0
85 253 381 0
221 255 381 0
594 61 381 0
244 330 381 0
66 93 381 0
351 88 381 0
106 63 381 0
400 296 381 0
531 337 381 0
548 250 381 0
324 295 381 0
1 L5
22 L5
158 232 264 0
291 192 264 0
375 128 264 0
554 232 264 0
83 213 264 0
358 261 264 0
214 276 264 0
200 123 264 0
201 105 264 0
376 212 264 0
99 342 264 0
347 150 264 0
323 177 264 0
25 115 264 0
502 199 264 0
330 231 264 0
80 228 264 0
472 105 264 0
56 53 264 0
264 92 264 0
143 55 264 0
199 261 264 0
1 U2
132 0 254 328
22 U2
132 0 523 115
132 0 315 295
132 0 265 264
132 0 26 218
132 0 64 312
132 0 355 88
132 0 241 71
132 0 576 233
132 0 112 207
132 0 384 192
132 0 586 75
132 0 500 84
132 0 141 212
132 0 327 203
132 0 7 250
132 0 527 337
132 0 82 286
132 0 78 237
132 0 287 79
132 0 110 73
132 0 246 130
132 0 198 154
1 U4
556 0 267 80
22 U4
556 0 88 195
556 0 338 347
556 0 389 318
556 0 102 161
556 0 194 210
556 0 252 165
556 0 472 151
556 0 476 342
556 0 504 162
556 0 452 292
556 0 136 248
556 0 127 243
556 0 453 270
556 0 597 68
556 0 22 270
556 0 375 236
556 0 123 223
556 0 128 83
556 0 153 273
556 0 443 107
556 0 589 138
556 0 503 183
11
61 261 450 178
268 289 254 69
158 232 59 324
1 316 392 200
409 146 548 343
291 192 165 176
585 334 344 332
572 333 247 63
375 128 50 121
389 196 428 114
436 307 487 225
