3
5
L1 434 0
U2 84 0
L3 197 0
U4 470 0
L5 304 0
25
379 305
540 246
466 18
308 144
308 93
462 95
497 300
310 68
23 142
285 156
513 295
215 220
363 150
376 157
428 158
419 213
204 243
472 342
141 116
134 138
229 94
201 249
588 9
543 77
596 319
1 L1
14 L1
136 152 434 0
598 133 434 0
50 247 434 0
193 340 434 0
547 124 434 0
535 116 434 0
160 330 434 0
302 86 434 0
453 60 434 0
344 281 434 0
222 279 434 0
480 131 434 0
529 72 434 0
547 283 434 0
1 L3
14 L3
360 51 197 0
175 289 197 0
152 62 197 0
548 230 197 0
26 151 197 0
15 252 197 0
213 332 197 0
69 86 197 0
423 271 197 0
88 155 197 0
237 98 197 0
432 219 197 0
220 321 197 0
85 240 197 0
1 L5
14 L5
50 179 304 0
165 329 304 0
92 54 304 0
133 316 304 0
594 84 304 0
571 183 304 0
186 295 304 0
350 139 304 0
322 183 304 0
158 299 304 0
571 254 304 0
335 60 304 0
73 151 304 0
265 221 304 0
1 U2
84 0 308 238
14 U2
84 0 31 182
84 0 462 261
84 0 118 133
84 0 517 244
84 0 102 320
84 0 534 50
84 0 26 303
84 0 164 350
84 0 267 317
84 0 8 50
84 0 451 64
84 0 540 233
84 0 527 234
84 0 49 312
1 U4
470 0 16 123
14 U4
470 0 112 251
470 0 373 325
470 0 360 264
470 0 415 325
470 0 246 324
470 0 516 166
470 0 99 186
470 0 331 78
470 0 56 311
470 0 543 232
470 0 504 90
470 0 223 233
470 0 545 317
470 0 563 320
7
136 152 40 207
360 51 377 165
50 179 177 73
598 133 168 348
175 289 555 154
165 329 315 194
50 247 37 264
