5
5
L1 571 0
U2 250 0
L3 580 0
U4 196 0
L5 544 0
25
429 13
399 14
254 223
522 115
451 101
201 118
189 44
568 123
46 94
497 290
85 275
132 46
117 331
114 182
87 136
216 330
471 233
459 8
267 257
9 301
565 120
55 256
289 323
575 115
95 111
2 L1
10 L1
539 227 571 0
448 197 571 0
273 340 571 0
37 205 571 0
276 303 571 0
474 288 571 0
402 262 571 0
157 310 571 0
533 266 571 0
452 83 571 0
2 L3
10 L3
143 148 580 0
96 220 580 0
6 103 580 0
83 72 580 0
188 315 580 0
388 102 580 0
334 311 580 0
288 249 580 0
399 176 580 0
349 222 580 0
2 L5
10 L5
167 56 544 0
384 293 544 0
527 275 544 0
556 145 544 0
357 58 544 0
533 292 544 0
583 159 544 0
232 113 544 0
37 334 544 0
289 175 544 0
2 U2
250 0 454 278
250 0 427 239
10 U2
250 0 478 133
250 0 445 326
250 0 69 332
250 0 273 197
250 0 251 282
250 0 458 234
250 0 317 119
250 0 37 85
250 0 140 334
250 0 347 124
2 U4
196 0 204 327
196 0 77 297
10 U4
196 0 96 229
196 0 226 268
196 0 16 187
196 0 293 186
196 0 51 95
196 0 306 281
196 0 552 71
196 0 43 264
196 0 267 274
196 0 407 266
5
539 227 457 125
143 148 13 129
167 56 524 307
448 197 108 69
96 220 244 319
