4
3
L1 12 0
U2 395 0
L3 324 0
15
532 77
34 275
286 235
261 199
595 216
383 162
111 64
121 326
186 343
188 262
302 299
19 339
319 116
279 41
387 255
2 L1
14 L1
508 93 12 0
551 217 12 0
259 314 12 0
115 175 12 0
499 268 12 0
69 119 12 0
214 266 12 0
544 287 12 0
208 288 12 0
71 212 12 0
279 181 12 0
496 302 12 0
446 205 12 0
391 275 12 0
2 L3
14 L3
591 68 324 0
97 314 324 0
368 350 324 0
418 221 324 0
535 72 324 0
427 337 324 0
222 334 324 0
0 74 324 0
338 149 324 0
401 261 324 0
397 217 324 0
373 168 324 0
88 253 324 0
82 116 324 0
2 U2
395 0 191 67
395 0 403 192
14 U2
395 0 3 318
395 0 584 73
395 0 80 78
395 0 543 112
395 0 196 90
395 0 260 313
395 0 548 346
395 0 401 110
395 0 234 105
395 0 466 324
395 0 402 333
395 0 271 252
395 0 275 124
395 0 401 229
3
508 93 314 289
591 68 149 218
551 217 409 177
