5
5
L1 176 0
U2 30 0
L3 59 0
U4 514 0
L5 254 0
15
414 165
207 278
585 210
298 164
556 1
113 225
234 189
127 246
580 282
444 342
171 10
470 21
372 250
16 66
462 209
2 L1
14 L1
335 256 176 0
284 62 176 0
598 113 176 0
153 59 176 0
399 169 176 0
152 169 176 0
175 280 176 0
289 144 176 0
588 158 176 0
408 344 176 0
456 240 176 0
434 56 176 0
115 175 176 0
50 262 176 0
2 L3
14 L3
185 336 59 0
523 239 59 0
497 151 59 0
210 97 59 0
140 273 59 0
498 326 59 0
404 138 59 0
364 238 59 0
444 148 59 0
400 150 59 0
459 78 59 0
510 339 59 0
510 250 59 0
456 188 59 0
2 L5
14 L5
481 294 254 0
120 66 254 0
533 250 254 0
579 144 254 0
152 305 254 0
416 191 254 0
498 163 254 0
308 328 254 0
405 151 254 0
435 221 254 0
186 255 254 0
562 134 254 0
129 266 254 0
597 180 254 0
2 U2
30 0 144 326
30 0 294 85
14 U2
30 0 525 137
30 0 168 207
30 0 540 208
30 0 357 77
30 0 435 195
30 0 496 109
30 0 91 223
30 0 404 127
30 0 102 57
30 0 212 326
30 0 297 83
30 0 478 339
30 0 540 61
30 0 59 95
2 U4
514 0 518 69
514 0 482 240
14 U4
514 0 503 319
514 0 410 135
514 0 11 268
514 0 550 197
514 0 457 349
514 0 414 109
514 0 483 124
514 0 552 148
514 0 430 139
514 0 562 206
514 0 35 276
514 0 221 151
514 0 105 225
514 0 502 220
11
335 256 131 71
185 336 452 68
481 294 64 147
284 62 91 81
523 239 450 110
120 66 213 110
598 113 169 201
497 151 75 73
533 250 327 286
153 59 75 286
210 97 223 197
