3
4
L1 411 0
U2 111 0
L3 374 0
U4 101 0
16
3 90
5 130
41 91
421 151
116 62
96 145
342 186
218 82
539 340
36 224
139 242
585 305
72 238
282 205
173 22
549 318
1 L1
22 L1
353 166 411 0
194 163 411 0
352 67 411 0
464 222 411 0
361 291 411 0
271 319 411 0
505 233 411 0
23 57 411 0
449 57 411 0
395 305 411 0
264 326 411 0
171 189 411 0
274 345 411 0
502 282 411 0
392 235 411 0
15 342 411 0
132 310 411 0
505 103 411 0
545 173 411 0
13 153 411 0
231 157 411 0
427 97 411 0
1 L3
22 L3
245 67 374 0
99 181 374 0
248 51 374 0
61 61 374 0
571 76 374 0
26 316 374 0
108 76 374 0
132 118 374 0
27 238 374 0
85 305 374 0
447 336 374 0
418 167 374 0
188 180 374 0
353 278 374 0
220 322 374 0
518 111 374 0
407 292 374 0
419 68 374 0
282 103 374 0
341 267 374 0
27 122 374 0
562 171 374 0
1 U2
111 0 474 118
22 U2
111 0 236 195
111 0 245 313
111 0 370 233
111 0 16 274
111 0 396 178
111 0 239 273
111 0 579 270
111 0 45 278
111 0 452 185
111 0 319 195
111 0 518 105
111 0 435 237
111 0 397 159
111 0 26 332
111 0 443 190
111 0 358 95
111 0 579 246
111 0 177 116
111 0 84 279
111 0 41 105
111 0 472 307
111 0 201 78
1 U4
101 0 492 180
22 U4
101 0 571 278
101 0 280 216
101 0 359 336
101 0 330 111
101 0 171 113
101 0 427 239
101 0 595 201
101 0 160 213
101 0 467 72
101 0 291 250
101 0 26 262
101 0 168 63
101 0 158 146
101 0 57 136
101 0 520 93
101 0 324 189
101 0 101 251
101 0 121 174
101 0 294 337
101 0 504 86
101 0 462 77
101 0 403 332
9
353 166 60 241
245 67 143 63
194 163 7 95
99 181 530 88
352 67 289 169
248 51 14 67
464 222 79 105
61 61 78 168
361 291 287 252
