5
4
L1 322 0
U2 353 0
L3 430 0
U4 287 0
20
451 307
287 77
395 228
513 186
331 75
483 21
130 87
458 107
215 236
315 205
127 188
501 204
40 94
458 192
491 311
194 59
501 62
291 259
181 268
54 10
2 L1
22 L1
75 247 322 0
284 142 322 0
294 278 322 0
152 73 322 0
74 193 322 0
369 148 322 0
56 135 322 0
321 323 322 0
91 60 322 0
365 197 322 0
268 66 322 0
14 335 322 0
365 180 322 0
207 231 322 0
190 298 322 0
468 241 322 0
343 165 322 0
452 272 322 0
78 343 322 0
46 318 322 0
205 92 322 0
493 186 322 0
2 L3
22 L3
11 79 430 0
545 87 430 0
182 211 430 0
404 81 430 0
211 126 430 0
298 320 430 0
527 281 430 0
45 77 430 0
285 217 430 0
69 97 430 0
290 267 430 0
156 291 430 0
420 184 430 0
454 164 430 0
181 218 430 0
54 84 430 0
551 294 430 0
20 166 430 0
437 172 430 0
110 109 430 0
259 63 430 0
176 61 430 0
2 U2
353 0 377 183
353 0 518 214
22 U2
353 0 495 146
353 0 3 96
353 0 109 147
353 0 6 89
353 0 493 250
353 0 280 265
353 0 219 234
353 0 242 314
353 0 157 339
353 0 300 149
353 0 359 200
353 0 25 326
353 0 391 106
353 0 35 156
353 0 464 201
353 0 545 67
353 0 410 258
353 0 33 64
353 0 350 187
353 0 428 269
353 0 451 102
353 0 204 244
2 U4
287 0 477 219
287 0 564 62
22 U4
287 0 449 132
287 0 525 224
287 0 304 196
287 0 397 208
287 0 358 157
287 0 217 338
287 0 313 319
287 0 430 112
287 0 348 314
287 0 281 204
287 0 167 172
287 0 128 121
287 0 195 248
287 0 206 93
287 0 201 231
287 0 476 225
287 0 428 69
287 0 345 142
287 0 129 60
287 0 564 313
287 0 381 325
287 0 231 97
5
75 247 98 153
11 79 67 202
284 142 54 252
545 87 138 336
294 278 458 212
