5
4
L1 37 0
U2 537 0
L3 359 0
U4 465 0
20
436 188
498 57
404 183
268 232
540 250
393 49
90 320
493 10
229 228
140 24
178 273
392 0
132 178
58 143
3 57
527 156
107 281
351 80
141 91
248 289
2 L1
22 L1
3 294 37 0
116 56 37 0
446 318 37 0
425 193 37 0
153 315 37 0
216 190 37 0
430 134 37 0
551 118 37 0
486 294 37 0
317 290 37 0
305 328 37 0
328 108 37 0
320 132 37 0
508 200 37 0
240 208 37 0
509 337 37 0
152 299 37 0
208 125 37 0
577 105 37 0
410 94 37 0
300 86 37 0
381 304 37 0
2 L3
22 L3
266 236 359 0
227 129 359 0
302 246 359 0
554 196 359 0
476 72 359 0
144 236 359 0
184 280 359 0
71 115 359 0
230 101 359 0
493 146 359 0
552 328 359 0
128 56 359 0
582 146 359 0
137 207 359 0
584 255 359 0
79 311 359 0
289 186 359 0
437 226 359 0
523 90 359 0
325 141 359 0
491 198 359 0
141 187 359 0
2 U2
537 0 175 286
537 0 346 186
22 U2
537 0 301 74
537 0 141 184
537 0 141 257
537 0 501 296
537 0 511 297
537 0 248 50
537 0 44 149
537 0 73 343
537 0 280 173
537 0 184 339
537 0 381 112
537 0 446 221
537 0 54 79
537 0 547 190
537 0 402 288
537 0 226 271
537 0 254 130
537 0 478 308
537 0 303 71
537 0 311 299
537 0 421 295
537 0 206 76
2 U4
465 0 18 172
465 0 286 282
22 U4
465 0 68 75
465 0 353 168
465 0 416 163
465 0 583 261
465 0 149 262
465 0 311 200
465 0 86 187
465 0 326 340
465 0 52 335
465 0 597 98
465 0 306 63
465 0 191 337
465 0 376 280
465 0 485 275
465 0 75 151
465 0 154 139
465 0 25 75
465 0 486 327
465 0 23 193
465 0 347 158
465 0 186 304
465 0 587 293
9
3 294 108 108
266 236 134 140
116 56 211 207
227 129 84 305
446 318 541 217
302 246 424 211
425 193 236 311
554 196 50 236
153 315 127 111
