4
5
L1 594 0
U2 600 0
L3 547 0
U4 529 0
L5 364 0
20
512 157
184 56
530 273
230 67
583 240
113 51
122 281
88 136
594 246
126 103
176 317
4 208
176 275
162 174
273 213
254 331
67 26
275 90
276 116
69 349
2 L1
18 L1
251 243 594 0
251 96 594 0
390 185 594 0
349 344 594 0
495 331 594 0
129 181 594 0
76 249 594 0
237 63 594 0
120 94 594 0
168 269 594 0
325 217 594 0
20 343 594 0
232 137 594 0
303 297 594 0
297 60 594 0
43 122 594 0
82 206 594 0
434 297 594 0
2 L3
18 L3
520 86 547 0
420 237 547 0
97 330 547 0
493 309 547 0
201 226 547 0
56 108 547 0
430 142 547 0
373 348 547 0
556 311 547 0
290 231 547 0
432 222 547 0
176 89 547 0
423 87 547 0
461 265 547 0
526 153 547 0
98 346 547 0
224 262 547 0
354 329 547 0
2 L5
18 L5
393 159 364 0
302 141 364 0
436 146 364 0
411 191 364 0
138 149 364 0
24 158 364 0
222 96 364 0
463 177 364 0
416 262 364 0
240 338 364 0
18 215 364 0
430 252 364 0
211 65 364 0
536 51 364 0
599 326 364 0
597 345 364 0
92 219 364 0
422 100 364 0
2 U2
600 0 211 287
600 0 390 308
18 U2
600 0 546 348
600 0 516 212
600 0 341 59
600 0 44 345
600 0 216 285
600 0 121 328
600 0 372 104
600 0 496 233
600 0 504 216
600 0 156 172
600 0 199 65
600 0 223 91
600 0 333 126
600 0 295 55
600 0 309 164
600 0 571 97
600 0 93 241
600 0 58 91
2 U4
529 0 303 339
529 0 204 116
18 U4
529 0 411 166
529 0 475 313
529 0 503 131
529 0 230 68
529 0 235 314
529 0 242 178
529 0 547 168
529 0 557 110
529 0 471 111
529 0 50 123
529 0 347 267
529 0 569 330
529 0 238 231
529 0 70 82
529 0 335 327
529 0 289 227
529 0 29 69
529 0 406 50
9
251 243 267 279
520 86 81 187
393 159 321 62
251 96 408 228
420 237 387 127
302 141 340 328
390 185 50 238
97 330 93 120
436 146 274 140
