3
3
L1 182 0
U2 215 0
L3 66 0
9
313 273
371 295
231 147
308 303
358 135
329 143
238 235
72 200
278 212
1 L1
10 L1
12 250 182 0
193 64 182 0
588 192 182 0
97 272 182 0
567 132 182 0
329 234 182 0
292 195 182 0
181 305 182 0
539 253 182 0
21 309 182 0
1 L3
10 L3
350 82 66 0
375 299 66 0
185 228 66 0
332 296 66 0
126 224 66 0
440 142 66 0
370 300 66 0
124 223 66 0
140 292 66 0
541 122 66 0
1 U2
215 0 440 201
10 U2
215 0 109 86
215 0 222 292
215 0 570 251
215 0 431 247
215 0 253 168
215 0 181 169
215 0 556 192
215 0 510 151
215 0 326 206
215 0 384 267
5
12 250 63 151
350 82 453 283
193 64 283 287
375 299 167 342
588 192 5 179
