5
4
L1 464 0
U2 236 0
L3 331 0
U4 594 0
16
172 182
152 35
33 339
516 192
570 326
57 229
377 304
22 232
321 220
246 327
347 288
13 179
365 158
272 119
260 122
296 121
2 L1
22 L1
511 143 464 0
129 104 464 0
383 59 464 0
582 315 464 0
57 229 464 0
549 315 464 0
103 182 464 0
562 96 464 0
463 296 464 0
178 223 464 0
59 105 464 0
502 100 464 0
494 256 464 0
510 254 464 0
290 270 464 0
190 141 464 0
317 247 464 0
235 183 464 0
325 337 464 0
450 144 464 0
243 71 464 0
216 326 464 0
2 L3
22 L3
384 53 331 0
241 256 331 0
61 311 331 0
352 178 331 0
31 293 331 0
578 345 331 0
188 128 331 0
47 146 331 0
175 191 331 0
14 74 331 0
241 299 331 0
130 215 331 0
83 108 331 0
104 278 331 0
554 85 331 0
75 227 331 0
384 222 331 0
225 218 331 0
454 74 331 0
340 232 331 0
133 274 331 0
226 311 331 0
2 U2
236 0 346 243
236 0 600 273
22 U2
236 0 408 181
236 0 148 56
236 0 9 298
236 0 431 230
236 0 289 325
236 0 67 325
236 0 282 309
236 0 455 99
236 0 438 168
236 0 450 314
236 0 262 315
236 0 577 158
236 0 42 310
236 0 346 142
236 0 395 87
236 0 293 334
236 0 416 334
236 0 117 310
236 0 74 147
236 0 496 72
236 0 569 132
236 0 197 308
2 U4
594 0 217 59
594 0 567 303
22 U4
594 0 106 343
594 0 233 112
594 0 395 211
594 0 317 173
594 0 433 127
594 0 282 335
594 0 309 173
594 0 556 60
594 0 99 119
594 0 210 298
594 0 161 151
594 0 117 246
594 0 252 314
594 0 543 112
594 0 362 347
594 0 367 233
594 0 56 158
594 0 27 136
594 0 182 258
594 0 407 69
594 0 217 118
594 0 212 170
14
511 143 51 167
384 53 335 314
129 104 384 191
241 256 471 249
383 59 111 321
61 311 276 187
582 315 582 199
352 178 109 96
57 229 74 281
31 293 581 210
549 315 518 190
578 345 194 257
103 182 272 226
188 128 28 152
