4
3
L1 159 0
U2 118 0
L3 141 0
9
167 13
24 49
120 293
101 332
429 16
128 74
431 181
248 107
515 273
2 L1
10 L1
23 81 159 0
367 187 159 0
154 266 159 0
516 205 159 0
208 192 159 0
564 72 159 0
48 266 159 0
151 186 159 0
381 279 159 0
74 210 159 0
2 L3
10 L3
376 141 141 0
600 219 141 0
437 211 141 0
172 120 141 0
335 343 141 0
375 106 141 0
517 164 141 0
580 307 141 0
247 231 141 0
165 199 141 0
2 U2
118 0 30 291
118 0 360 184
10 U2
118 0 271 85
118 0 57 134
118 0 48 91
118 0 273 79
118 0 501 178
118 0 536 249
118 0 521 347
118 0 383 191
118 0 560 60
118 0 350 228
3
23 81 548 215
376 141 347 338
367 187 135 318
