3
3
L1 277 0
U2 29 0
L3 545 0
15
494 45
533 22
502 252
14 274
512 61
64 337
22 64
477 344
577 19
31 313
182 15
403 151
60 27
389 4
141 30
1 L1
18 L1
258 90 277 0
156 111 277 0
453 326 277 0
434 292 277 0
304 249 277 0
195 293 277 0
281 187 277 0
45 56 277 0
184 307 277 0
558 313 277 0
210 199 277 0
438 125 277 0
574 139 277 0
218 113 277 0
366 236 277 0
14 111 277 0
123 84 277 0
109 190 277 0
1 L3
18 L3
379 167 545 0
600 70 545 0
578 67 545 0
326 184 545 0
204 152 545 0
225 144 545 0
345 116 545 0
259 120 545 0
292 235 545 0
45 68 545 0
174 274 545 0
151 305 545 0
170 226 545 0
264 208 545 0
188 100 545 0
240 106 545 0
586 226 545 0
150 69 545 0
1 U2
29 0 47 293
18 U2
29 0 87 273
29 0 97 132
29 0 452 60
29 0 220 123
29 0 536 120
29 0 46 255
29 0 264 242
29 0 392 141
29 0 307 328
29 0 558 195
29 0 348 209
29 0 223 337
29 0 379 214
29 0 524 89
29 0 465 80
29 0 362 59
29 0 310 116
29 0 296 137
6
258 90 509 295
379 167 538 67
156 111 318 60
600 70 504 92
453 326 101 107
578 67 294 99
