3
4
L1 496 0
U2 131 0
L3 374 0
U4 413 0
12
460 299
156 308
393 287
327 142
284 343
465 48
96 273
236 185
430 41
548 256
543 100
562 308
1 L1
18 L1
298 282 496 0
551 316 496 0
5 311 496 0
563 217 496 0
107 114 496 0
147 186 496 0
264 219 496 0
487 84 496 0
18 298 496 0
56 349 496 0
194 327 496 0
173 138 496 0
251 99 496 0
262 87 496 0
548 50 496 0
432 345 496 0
404 210 496 0
569 125 496 0
1 L3
18 L3
184 96 374 0
451 52 374 0
535 134 374 0
212 299 374 0
254 345 374 0
254 195 374 0
549 97 374 0
313 282 374 0
171 331 374 0
216 231 374 0
403 250 374 0
275 189 374 0
173 50 374 0
106 337 374 0
87 246 374 0
451 197 374 0
175 81 374 0
146 157 374 0
1 U2
131 0 94 326
18 U2
131 0 172 183
131 0 588 262
131 0 486 319
131 0 464 333
131 0 309 226
131 0 585 267
131 0 106 245
131 0 562 341
131 0 87 80
131 0 379 280
131 0 44 164
131 0 521 167
131 0 420 245
131 0 99 132
131 0 377 288
131 0 516 167
131 0 572 159
131 0 582 280
1 U4
413 0 479 193
18 U4
413 0 387 71
413 0 494 169
413 0 382 313
413 0 532 306
413 0 20 57
413 0 555 166
413 0 189 122
413 0 535 215
413 0 146 329
413 0 157 191
413 0 355 126
413 0 286 133
413 0 54 238
413 0 440 168
413 0 140 124
413 0 336 108
413 0 206 225
413 0 80 107
4
298 282 149 68
184 96 239 148
551 316 369 346
451 52 458 197
