3
5
L1 72 0
U2 450 0
L3 277 0
U4 191 0
L5 316 0
25
522 145
472 107
412 35
534 14
218 149
77 3
140 196
104 344
234 297
394 64
37 288
364 251
395 21
193 115
349 255
599 288
505 120
344 37
350 109
524 192
240 77
235 135
125 31
553 326
480 294
1 L1
10 L1
229 311 72 0
286 233 72 0
597 185 72 0
539 104 72 0
522 343 72 0
377 308 72 0
555 344 72 0
511 272 72 0
232 241 72 0
231 83 72 0
1 L3
10 L3
278 53 277 0
188 51 277 0
415 80 277 0
212 54 277 0
190 344 277 0
217 125 277 0
307 350 277 0
406 143 277 0
83 141 277 0
269 170 277 0
1 L5
10 L5
177 317 316 0
595 332 316 0
128 162 316 0
433 338 316 0
317 90 316 0
366 75 316 0
509 220 316 0
104 94 316 0
297 205 316 0
528 138 316 0
1 U2
450 0 579 298
10 U2
450 0 285 247
450 0 521 327
450 0 497 183
450 0 17 221
450 0 155 232
450 0 473 300
450 0 179 269
450 0 337 296
450 0 389 280
450 0 363 252
1 U4
191 0 211 134
10 U4
191 0 344 291
191 0 507 205
191 0 172 286
191 0 137 162
191 0 580 158
191 0 27 280
191 0 207 132
191 0 491 285
191 0 5 123
191 0 13 333
8
229 311 316 334
278 53 308 66
177 317 598 88
286 233 323 85
188 51 146 303
595 332 375 127
597 185 473 75
415 80 358 112
