3
3
L1 548 0
U2 499 0
L3 356 0
12
564 90
566 311
302 270
476 25
120 61
263 338
209 336
518 216
310 283
268 200
334 0
474 10
1 L1
10 L1
309 184 548 0
511 252 548 0
173 246 548 0
191 50 548 0
391 222 548 0
342 90 548 0
429 94 548 0
184 206 548 0
269 264 548 0
185 320 548 0
1 L3
10 L3
406 249 356 0
45 296 356 0
315 233 356 0
314 184 356 0
38 132 356 0
345 242 356 0
426 94 356 0
528 141 356 0
263 342 356 0
216 309 356 0
1 U2
499 0 234 258
10 U2
499 0 341 329
499 0 462 260
499 0 405 83
499 0 165 348
499 0 313 152
499 0 446 279
499 0 257 202
499 0 371 247
499 0 226 236
499 0 2 141
3
309 184 201 246
406 249 581 192
511 252 431 185
