4
6
L1 341 0
U2 531 0
L3 146 0
U4 359 0
L5 491 0
U6 151 0
18
458 173
135 29
475 313
61 301
185 346
410 169
145 65
171 301
439 273
579 310
453 81
100 13
411 315
567 180
580 254
208 38
557 18
502 217
2 L1
18 L1
373 321 341 0
192 252 341 0
544 288 341 0
557 343 341 0
561 218 341 0
544 80 341 0
275 115 341 0
15 87 341 0
26 137 341 0
174 160 341 0
318 167 341 0
304 127 341 0
497 219 341 0
142 196 341 0
598 344 341 0
334 61 341 0
98 194 341 0
600 259 341 0
2 L3
18 L3
120 217 146 0
301 265 146 0
341 197 146 0
166 121 146 0
301 69 146 0
498 221 146 0
459 255 146 0
367 63 146 0
461 323 146 0
542 163 146 0
521 138 146 0
445 89 146 0
386 271 146 0
331 123 146 0
564 69 146 0
375 118 146 0
551 186 146 0
568 194 146 0
2 L5
18 L5
418 291 491 0
383 96 491 0
169 126 491 0
547 169 491 0
454 191 491 0
509 191 491 0
516 177 491 0
542 100 491 0
566 280 491 0
280 102 491 0
388 88 491 0
405 206 491 0
230 279 491 0
202 252 491 0
198 262 491 0
457 84 491 0
485 216 491 0
354 121 491 0
2 U2
531 0 298 283
531 0 310 326
18 U2
531 0 353 206
531 0 425 120
531 0 15 194
531 0 473 322
531 0 440 183
531 0 477 252
531 0 82 301
531 0 131 76
531 0 32 189
531 0 324 291
531 0 358 270
531 0 368 130
531 0 99 223
531 0 293 318
531 0 94 73
531 0 429 217
531 0 22 146
531 0 327 274
2 U4
359 0 520 241
359 0 571 338
18 U4
359 0 42 232
359 0 373 89
359 0 527 157
359 0 399 292
359 0 487 282
359 0 301 252
359 0 71 300
359 0 470 269
359 0 336 111
359 0 455 197
359 0 305 179
359 0 407 78
359 0 224 138
359 0 14 107
359 0 90 287
359 0 203 61
359 0 60 260
359 0 236 265
2 U6
151 0 546 155
151 0 442 347
18 U6
151 0 323 189
151 0 207 186
151 0 515 55
151 0 202 61
151 0 44 202
151 0 226 88
151 0 509 307
151 0 239 76
151 0 576 181
151 0 57 245
151 0 214 137
151 0 324 332
151 0 596 114
151 0 420 278
151 0 284 238
151 0 102 58
151 0 442 201
151 0 85 198
17
373 321 414 101
120 217 481 110
418 291 195 206
192 252 280 244
301 265 550 257
383 96 222 109
544 288 410 59
341 197 595 230
169 126 216 211
557 343 39 82
166 121 133 294
547 169 333 297
561 218 215 197
301 69 18 134
454 191 290 82
544 80 128 311
498 221 66 293
