5
4
L1 263 0
U2 205 0
L3 102 0
U4 209 0
16
284 213
451 79
108 167
421 283
399 203
545 216
522 314
218 152
255 8
374 16
34 260
575 283
568 43
352 101
529 103
1 187
2 L1
14 L1
542 297 263 0
35 317 263 0
44 314 263 0
373 156 263 0
124 175 263 0
429 325 263 0
493 251 263 0
527 167 263 0
442 133 263 0
574 286 263 0
161 128 263 0
203 256 263 0
408 297 263 0
572 194 263 0
2 L3
14 L3
545 218 102 0
229 118 102 0
255 114 102 0
458 50 102 0
23 168 102 0
228 264 102 0
589 118 102 0
495 51 102 0
200 197 102 0
590 154 102 0
444 335 102 0
231 108 102 0
170 168 102 0
99 348 102 0
2 U2
205 0 361 210
205 0 78 246
14 U2
205 0 102 280
205 0 420 236
205 0 310 59
205 0 561 317
205 0 59 225
205 0 359 268
205 0 564 67
205 0 109 276
205 0 304 349
205 0 481 114
205 0 219 205
205 0 480 299
205 0 320 53
205 0 461 258
2 U4
209 0 191 83
209 0 443 193
14 U4
209 0 301 217
209 0 23 300
209 0 304 81
209 0 23 84
209 0 449 211
209 0 190 220
209 0 470 107
209 0 396 313
209 0 485 80
209 0 326 248
209 0 240 306
209 0 470 97
209 0 222 251
209 0 406 59
6
542 297 5 115
545 218 319 151
35 317 256 313
229 118 496 115
44 314 487 57
255 114 196 160
