4
4
L1 505 0
U2 597 0
L3 217 0
U4 539 0
20
447 332
563 53
80 186
468 13
572 194
31 174
380 52
434 322
377 156
303 177
104 88
143 77
462 322
132 258
434 216
383 237
416 142
150 140
449 262
478 239
2 L1
14 L1
98 166 505 0
123 242 505 0
517 169 505 0
88 67 505 0
577 153 505 0
528 292 505 0
261 153 505 0
393 119 505 0
506 267 505 0
399 247 505 0
233 334 505 0
419 254 505 0
19 74 505 0
347 330 505 0
2 L3
14 L3
543 314 217 0
375 235 217 0
66 343 217 0
27 153 217 0
198 276 217 0
391 269 217 0
349 236 217 0
37 124 217 0
222 292 217 0
196 267 217 0
187 88 217 0
408 150 217 0
395 231 217 0
430 316 217 0
2 U2
597 0 339 250
597 0 5 254
14 U2
597 0 404 186
597 0 62 110
597 0 418 167
597 0 205 88
597 0 378 85
597 0 578 300
597 0 539 343
597 0 349 214
597 0 420 311
597 0 536 175
597 0 189 285
597 0 516 90
597 0 243 293
597 0 267 85
2 U4
539 0 234 222
539 0 229 136
14 U4
539 0 426 108
539 0 6 267
539 0 567 110
539 0 168 59
539 0 409 145
539 0 337 285
539 0 20 97
539 0 64 133
539 0 162 90
539 0 52 150
539 0 451 274
539 0 380 302
539 0 444 226
539 0 479 167
6
98 166 221 132
543 314 508 270
123 242 314 224
375 235 22 86
517 169 217 50
66 343 349 204
