4
6
L1 183 0
U2 381 0
L3 259 0
U4 408 0
L5 193 0
U6 519 0
30
6 214
511 165
155 339
38 220
380 229
127 77
434 349
246 325
135 5
507 154
123 348
299 307
98 58
392 200
385 305
168 14
352 34
103 22
543 239
423 337
420 314
269 60
283 5
581 158
306 332
478 30
136 259
416 49
452 189
507 31
2 L1
18 L1
6 196 183 0
217 74 183 0
115 261 183 0
465 336 183 0
272 342 183 0
336 124 183 0
3 118 183 0
202 78 183 0
488 92 183 0
281 286 183 0
577 350 183 0
199 200 183 0
136 309 183 0
516 320 183 0
164 166 183 0
417 314 183 0
129 53 183 0
23 307 183 0
2 L3
18 L3
261 349 259 0
236 64 259 0
156 263 259 0
8 246 259 0
357 200 259 0
44 346 259 0
388 138 259 0
531 268 259 0
168 245 259 0
161 344 259 0
209 185 259 0
393 166 259 0
120 132 259 0
484 331 259 0
148 90 259 0
488 200 259 0
267 185 259 0
476 340 259 0
2 L5
18 L5
574 52 193 0
284 126 193 0
4 56 193 0
513 207 193 0
328 113 193 0
294 55 193 0
122 104 193 0
229 243 193 0
463 162 193 0
238 317 193 0
237 56 193 0
294 238 193 0
237 73 193 0
197 121 193 0
303 328 193 0
92 302 193 0
333 328 193 0
143 294 193 0
2 U2
381 0 303 62
381 0 480 307
18 U2
381 0 85 54
381 0 291 111
381 0 430 74
381 0 24 280
381 0 284 62
381 0 567 304
381 0 10 71
381 0 32 157
381 0 54 124
381 0 417 120
381 0 83 277
381 0 572 77
381 0 490 146
381 0 415 153
381 0 223 161
381 0 82 90
381 0 564 238
381 0 554 210
2 U4
408 0 584 160
408 0 331 135
18 U4
408 0 419 294
408 0 399 50
408 0 466 84
408 0 500 350
408 0 240 60
408 0 404 263
408 0 207 303
408 0 470 327
408 0 514 316
408 0 451 275
408 0 410 109
408 0 385 238
408 0 227 144
408 0 502 69
408 0 460 142
408 0 25 255
408 0 3 66
408 0 149 203
2 U6
519 0 381 97
519 0 422 51
18 U6
519 0 479 59
519 0 106 104
519 0 245 161
519 0 444 248
519 0 145 298
519 0 412 146
519 0 389 222
519 0 79 240
519 0 113 245
519 0 110 293
519 0 190 261
519 0 500 271
519 0 441 299
519 0 227 61
519 0 449 209
519 0 410 250
519 0 130 233
519 0 336 148
11
6 196 212 337
261 349 269 314
574 52 319 315
217 74 20 347
236 64 162 345
284 126 243 298
115 261 159 56
156 263 108 125
4 56 154 328
465 336 185 138
8 246 377 206
