3
5
L1 262 0
U2 408 0
L3 502 0
U4 471 0
L5 289 0
25
357 156
196 63
102 294
6 204
519 79
560 28
434 64
441 61
241 160
408 190
94 305
388 95
179 245
240 251
586 115
256 143
38 265
310 36
48 309
375 277
596 98
141 191
208 342
327 102
515 169
1 L1
14 L1
472 188 262 0
273 79 262 0
509 93 262 0
146 207 262 0
265 237 262 0
18 290 262 0
500 130 262 0
135 121 262 0
256 223 262 0
490 247 262 0
109 245 262 0
106 215 262 0
126 340 262 0
3 76 262 0
1 L3
14 L3
45 268 502 0
435 244 502 0
23 161 502 0
558 300 502 0
430 122 502 0
315 263 502 0
328 294 502 0
390 90 502 0
289 152 502 0
420 329 502 0
557 224 502 0
424 218 502 0
252 350 502 0
52 72 502 0
1 L5
14 L5
312 161 289 0
377 142 289 0
168 101 289 0
192 76 289 0
291 170 289 0
338 268 289 0
98 129 289 0
593 263 289 0
473 164 289 0
384 104 289 0
274 116 289 0
172 332 289 0
410 234 289 0
119 252 289 0
1 U2
408 0 514 56
14 U2
408 0 72 215
408 0 225 265
408 0 428 127
408 0 561 335
408 0 11 204
408 0 303 284
408 0 344 191
408 0 114 62
408 0 281 319
408 0 567 232
408 0 176 231
408 0 574 316
408 0 438 255
408 0 355 331
1 U4
471 0 458 281
14 U4
471 0 293 321
471 0 585 71
471 0 232 234
471 0 350 50
471 0 102 238
471 0 254 275
471 0 529 70
471 0 93 83
471 0 457 209
471 0 316 144
471 0 380 325
471 0 509 101
471 0 192 324
471 0 375 229
4
472 188 255 178
45 268 564 326
312 161 144 148
273 79 441 279
