5
3
L1 245 0
U2 300 0
L3 397 0
15
189 247
35 341
323 316
598 17
167 98
4 74
116 336
423 48
207 59
485 313
210 107
123 223
498 286
126 254
78 24
2 L1
18 L1
317 82 245 0
485 66 245 0
39 187 245 0
103 290 245 0
182 334 245 0
513 98 245 0
441 280 245 0
50 312 245 0
93 229 245 0
465 253 245 0
371 234 245 0
212 137 245 0
571 190 245 0
172 248 245 0
174 256 245 0
365 191 245 0
493 93 245 0
447 315 245 0
2 L3
18 L3
206 159 397 0
337 135 397 0
523 115 397 0
581 221 397 0
379 60 397 0
96 259 397 0
449 337 397 0
75 253 397 0
264 311 397 0
511 137 397 0
152 319 397 0
251 195 397 0
8 254 397 0
60 85 397 0
304 230 397 0
75 73 397 0
514 116 397 0
596 93 397 0
2 U2
300 0 481 167
300 0 274 291
18 U2
300 0 160 135
300 0 281 185
300 0 219 51
300 0 404 193
300 0 527 112
300 0 59 119
300 0 567 297
300 0 182 298
300 0 533 281
300 0 51 212
300 0 531 255
300 0 78 72
300 0 538 101
300 0 186 220
300 0 592 65
300 0 546 340
300 0 22 170
300 0 576 158
3
317 82 440 348
206 159 209 265
485 66 235 136
