5
5
L1 190 0
U2 583 0
L3 356 0
U4 270 0
L5 141 0
20
0 77
340 142
189 282
178 210
93 9
135 336
381 234
142 203
126 219
394 303
204 55
30 318
130 318
493 93
541 51
352 333
534 69
51 201
231 70
487 337
2 L1
22 L1
340 62 190 0
374 285 190 0
564 109 190 0
66 233 190 0
456 288 190 0
443 280 190 0
496 274 190 0
573 61 190 0
464 123 190 0
73 131 190 0
192 231 190 0
425 209 190 0
488 303 190 0
156 228 190 0
361 98 190 0
363 318 190 0
413 161 190 0
524 308 190 0
545 221 190 0
580 135 190 0
9 159 190 0
520 152 190 0
2 L3
22 L3
85 209 356 0
56 188 356 0
594 81 356 0
405 246 356 0
36 350 356 0
85 156 356 0
511 200 356 0
373 329 356 0
62 185 356 0
164 192 356 0
506 154 356 0
5 328 356 0
282 177 356 0
389 114 356 0
543 132 356 0
149 197 356 0
431 305 356 0
315 116 356 0
329 149 356 0
16 157 356 0
186 133 356 0
575 299 356 0
2 L5
22 L5
301 326 141 0
373 194 141 0
254 332 141 0
493 238 141 0
220 245 141 0
430 290 141 0
2 138 141 0
128 103 141 0
509 133 141 0
379 223 141 0
205 118 141 0
200 331 141 0
277 334 141 0
316 102 141 0
315 99 141 0
160 227 141 0
394 207 141 0
22 205 141 0
233 86 141 0
8 114 141 0
244 327 141 0
165 187 141 0
2 U2
583 0 486 215
583 0 504 211
22 U2
583 0 202 203
583 0 3 171
583 0 203 111
583 0 386 265
583 0 24 171
583 0 396 87
583 0 438 220
583 0 486 236
583 0 369 295
583 0 447 308
583 0 33 274
583 0 219 260
583 0 391 165
583 0 271 184
583 0 541 230
583 0 331 99
583 0 120 311
583 0 187 244
583 0 596 208
583 0 509 169
583 0 402 87
583 0 399 174
2 U4
270 0 398 307
270 0 58 110
22 U4
270 0 486 113
270 0 370 262
270 0 505 205
270 0 430 276
270 0 66 67
270 0 154 157
270 0 63 267
270 0 175 277
270 0 538 135
270 0 548 98
270 0 501 198
270 0 117 117
270 0 467 138
270 0 360 343
270 0 379 335
270 0 213 297
270 0 399 123
270 0 0 77
270 0 502 250
270 0 51 279
270 0 386 66
270 0 522 289
6
340 62 191 308
85 209 375 319
301 326 219 104
374 285 342 161
56 188 198 203
373 194 253 214
