3
6
L1 568 0
U2 161 0
L3 268 0
U4 585 0
L5 80 0
U6 562 0
24
363 195
563 313
540 330
195 167
363 246
471 317
380 148
377 84
485 120
168 165
431 242
86 86
452 180
560 144
317 256
247 95
429 167
598 347
265 2
549 306
378 171
490 332
15 191
533 246
1 L1
18 L1
270 324 568 0
206 119 568 0
502 121 568 0
130 276 568 0
232 259 568 0
40 332 568 0
82 227 568 0
304 173 568 0
178 74 568 0
191 293 568 0
501 306 568 0
309 179 568 0
573 159 568 0
435 70 568 0
256 296 568 0
370 108 568 0
195 272 568 0
352 331 568 0
1 L3
18 L3
327 91 268 0
262 89 268 0
383 279 268 0
429 178 268 0
289 234 268 0
438 226 268 0
110 328 268 0
410 295 268 0
568 119 268 0
411 316 268 0
354 278 268 0
35 234 268 0
373 339 268 0
75 273 268 0
61 316 268 0
256 225 268 0
235 326 268 0
465 159 268 0
1 L5
18 L5
75 152 80 0
46 223 80 0
490 131 80 0
189 216 80 0
353 274 80 0
266 52 80 0
75 100 80 0
48 345 80 0
76 176 80 0
577 153 80 0
406 338 80 0
476 292 80 0
497 194 80 0
431 157 80 0
423 277 80 0
316 73 80 0
271 263 80 0
80 304 80 0
1 U2
161 0 285 316
18 U2
161 0 488 347
161 0 345 93
161 0 348 82
161 0 415 153
161 0 206 346
161 0 504 313
161 0 250 110
161 0 141 198
161 0 465 258
161 0 503 90
161 0 160 256
161 0 243 299
161 0 329 225
161 0 414 160
161 0 330 109
161 0 496 189
161 0 558 277
161 0 349 253
1 U4
585 0 151 286
18 U4
585 0 136 53
585 0 572 130
585 0 93 50
585 0 49 116
585 0 58 157
585 0 438 168
585 0 112 62
585 0 277 305
585 0 214 232
585 0 394 324
585 0 220 126
585 0 168 333
585 0 43 279
585 0 294 300
585 0 103 323
585 0 571 297
585 0 36 192
585 0 175 127
1 U6
562 0 341 82
18 U6
562 0 556 281
562 0 325 119
562 0 236 143
562 0 29 324
562 0 0 198
562 0 372 201
562 0 105 323
562 0 14 170
562 0 122 249
562 0 494 74
562 0 229 338
562 0 122 281
562 0 488 79
562 0 367 275
562 0 545 256
562 0 234 292
562 0 282 115
562 0 113 203
11
270 324 84 235
327 91 49 186
75 152 121 119
206 119 516 149
262 89 483 92
46 223 518 195
502 121 434 118
383 279 558 252
490 131 416 52
130 276 302 282
429 178 165 264
