3
6
L1 217 0
U2 344 0
L3 412 0
U4 243 0
L5 55 0
U6 357 0
24
426 87
544 88
502 288
229 168
347 334
173 248
537 341
215 300
527 116
502 6
546 0
500 189
264 213
571 5
474 44
247 86
545 327
372 145
342 297
568 243
405 13
288 318
457 246
321 325
1 L1
14 L1
515 86 217 0
511 168 217 0
207 275 217 0
413 293 217 0
572 73 217 0
260 264 217 0
56 107 217 0
113 72 217 0
363 333 217 0
411 272 217 0
313 204 217 0
549 343 217 0
262 255 217 0
448 98 217 0
1 L3
14 L3
160 337 412 0
279 290 412 0
440 345 412 0
548 158 412 0
480 93 412 0
68 185 412 0
248 308 412 0
318 143 412 0
436 249 412 0
4 207 412 0
215 108 412 0
120 61 412 0
443 143 412 0
421 312 412 0
1 L5
14 L5
300 138 55 0
377 308 55 0
545 66 55 0
221 255 55 0
33 268 55 0
254 205 55 0
579 156 55 0
290 194 55 0
438 81 55 0
598 205 55 0
241 205 55 0
317 302 55 0
203 208 55 0
146 222 55 0
1 U2
344 0 416 295
14 U2
344 0 137 203
344 0 350 259
344 0 461 315
344 0 283 328
344 0 222 95
344 0 528 97
344 0 397 349
344 0 83 147
344 0 54 344
344 0 144 324
344 0 580 277
344 0 456 140
344 0 35 176
344 0 36 297
1 U4
243 0 290 305
14 U4
243 0 413 164
243 0 324 183
243 0 588 310
243 0 564 292
243 0 188 299
243 0 196 87
243 0 343 154
243 0 54 300
243 0 82 152
243 0 141 324
243 0 527 115
243 0 175 223
243 0 495 238
243 0 201 294
1 U6
357 0 165 141
14 U6
357 0 119 99
357 0 241 92
357 0 493 238
357 0 161 204
357 0 74 173
357 0 555 204
357 0 578 267
357 0 220 110
357 0 256 217
357 0 202 262
357 0 506 225
357 0 180 252
357 0 348 114
357 0 450 256
9
515 86 133 220
160 337 588 182
300 138 537 316
511 168 131 75
279 290 237 255
377 308 526 261
207 275 25 149
440 345 124 331
545 66 369 115
