4
5
L1 68 0
U2 393 0
L3 340 0
U4 318 0
L5 590 0
15
52 328
459 297
556 147
135 154
360 58
379 156
90 304
131 224
70 17
158 67
287 241
293 60
427 224
57 71
130 165
2 L1
14 L1
361 273 68 0
545 200 68 0
58 326 68 0
347 202 68 0
125 151 68 0
568 152 68 0
422 179 68 0
314 210 68 0
562 178 68 0
251 65 68 0
315 124 68 0
184 222 68 0
549 207 68 0
184 327 68 0
2 L3
14 L3
10 202 340 0
559 147 340 0
552 132 340 0
373 82 340 0
171 132 340 0
259 65 340 0
48 79 340 0
539 196 340 0
461 285 340 0
337 262 340 0
17 209 340 0
245 76 340 0
302 65 340 0
88 104 340 0
2 L5
14 L5
577 307 590 0
144 124 590 0
360 253 590 0
322 227 590 0
230 261 590 0
423 310 590 0
395 94 590 0
466 199 590 0
188 209 590 0
150 246 590 0
143 303 590 0
157 141 590 0
107 123 590 0
152 259 590 0
2 U2
393 0 241 234
393 0 150 276
14 U2
393 0 269 259
393 0 515 344
393 0 305 111
393 0 42 342
393 0 2 191
393 0 538 334
393 0 153 140
393 0 10 241
393 0 391 57
393 0 369 270
393 0 171 255
393 0 551 256
393 0 514 175
393 0 160 347
2 U4
318 0 343 93
318 0 40 319
14 U4
318 0 284 200
318 0 41 266
318 0 143 222
318 0 563 350
318 0 589 73
318 0 169 56
318 0 502 160
318 0 563 315
318 0 202 52
318 0 102 211
318 0 491 85
318 0 546 190
318 0 530 196
318 0 123 263
4
361 273 400 310
10 202 328 335
577 307 469 142
545 200 246 237
