5
6
L1 22 0
U2 448 0
L3 547 0
U4 269 0
L5 78 0
U6 245 0
30
543 197
502 208
28 52
411 1
264 116
1 200
367 0
101 206
465 217
6 167
101 174
471 7
434 212
38 251
56 44
431 242
252 270
83 200
400 316
398 29
469 114
144 289
100 278
306 305
331 47
496 162
564 350
594 195
442 179
141 89
2 L1
14 L1
562 129 22 0
412 80 22 0
518 166 22 0
336 208 22 0
266 232 22 0
286 327 22 0
7 138 22 0
365 263 22 0
11 143 22 0
550 242 22 0
174 170 22 0
56 165 22 0
159 248 22 0
549 164 22 0
2 L3
14 L3
424 291 547 0
268 151 547 0
171 186 547 0
526 162 547 0
593 270 547 0
572 172 547 0
104 126 547 0
291 142 547 0
279 98 547 0
383 275 547 0
244 68 547 0
118 158 547 0
264 90 547 0
499 61 547 0
2 L5
14 L5
320 62 78 0
35 167 78 0
20 282 78 0
461 288 78 0
26 281 78 0
24 213 78 0
233 178 78 0
68 124 78 0
81 280 78 0
317 200 78 0
318 112 78 0
50 282 78 0
513 250 78 0
439 190 78 0
2 U2
448 0 143 55
448 0 309 345
14 U2
448 0 103 150
448 0 528 193
448 0 345 129
448 0 417 264
448 0 215 190
448 0 63 77
448 0 150 75
448 0 153 139
448 0 283 91
448 0 55 124
448 0 17 91
448 0 585 312
448 0 248 221
448 0 439 318
2 U4
269 0 587 307
269 0 385 61
14 U4
269 0 33 177
269 0 132 101
269 0 91 216
269 0 306 254
269 0 503 224
269 0 149 70
269 0 522 230
269 0 317 195
269 0 85 93
269 0 223 315
269 0 547 79
269 0 127 106
269 0 74 197
269 0 130 100
2 U6
245 0 269 82
245 0 549 137
14 U6
245 0 514 138
245 0 419 301
245 0 441 285
245 0 105 318
245 0 164 82
245 0 13 239
245 0 349 280
245 0 379 195
245 0 382 150
245 0 570 288
245 0 547 73
245 0 59 145
245 0 335 283
245 0 425 104
5
562 129 182 256
424 291 196 340
320 62 13 161
412 80 1 325
268 151 56 93
