3
3
L1 81 0
U2 186 0
L3 275 0
15
407 196
445 4
512 268
43 258
325 102
275 176
132 316
267 79
218 181
342 5
296 131
447 39
56 184
469 216
116 305
1 L1
18 L1
383 94 81 0
213 149 81 0
526 330 81 0
303 217 81 0
127 77 81 0
181 324 81 0
473 109 81 0
525 235 81 0
197 340 81 0
529 235 81 0
404 90 81 0
151 305 81 0
279 257 81 0
470 104 81 0
327 59 81 0
175 128 81 0
76 183 81 0
36 143 81 0
1 L3
18 L3
146 58 275 0
388 248 275 0
176 131 275 0
470 197 275 0
170 139 275 0
133 267 275 0
48 286 275 0
116 54 275 0
229 134 275 0
375 114 275 0
67 298 275 0
506 214 275 0
229 234 275 0
531 208 275 0
412 79 275 0
446 273 275 0
195 186 275 0
585 106 275 0
1 U2
186 0 462 64
18 U2
186 0 66 122
186 0 347 56
186 0 388 291
186 0 331 251
186 0 485 72
186 0 279 209
186 0 87 299
186 0 372 263
186 0 420 113
186 0 362 74
186 0 341 337
186 0 224 281
186 0 76 282
186 0 120 258
186 0 267 151
186 0 353 208
186 0 523 147
186 0 447 332
3
383 94 163 328
146 58 335 68
213 149 141 245
