3
5
L1 3 0
U2 7 0
L3 160 0
U4 582 0
L5 273 0
20
475 206
218 49
334 265
515 329
313 246
175 328
516 17
578 32
57 32
257 268
579 325
513 47
111 129
108 139
53 236
155 56
329 342
261 128
195 293
261 231
1 L1
10 L1
332 116 3 0
82 190 3 0
213 307 3 0
393 212 3 0
518 177 3 0
139 270 3 0
455 274 3 0
534 240 3 0
488 283 3 0
251 98 3 0
1 L3
10 L3
8 65 160 0
506 179 160 0
518 83 160 0
295 237 160 0
323 228 160 0
8 79 160 0
120 217 160 0
7 61 160 0
510 121 160 0
184 139 160 0
1 L5
10 L5
426 217 273 0
380 213 273 0
100 85 273 0
281 245 273 0
111 241 273 0
344 58 273 0
387 218 273 0
591 90 273 0
229 313 273 0
328 137 273 0
1 U2
7 0 87 248
10 U2
7 0 8 340
7 0 340 50
7 0 81 313
7 0 134 221
7 0 129 162
7 0 410 128
7 0 108 69
7 0 442 298
7 0 471 88
7 0 202 126
1 U4
582 0 402 146
10 U4
582 0 469 241
582 0 186 233
582 0 546 98
582 0 549 199
582 0 388 309
582 0 136 125
582 0 563 145
582 0 17 68
582 0 361 144
582 0 90 147
8
332 116 165 306
8 65 177 90
426 217 498 250
82 190 369 273
506 179 153 336
380 213 104 175
213 307 146 229
518 83 315 322
