4
5
L1 383 0
U2 35 0
L3 313 0
U4 314 0
L5 552 0
20
33 255
174 257
541 315
323 98
286 319
126 297
49 138
2 177
27 314
307 320
514 59
526 142
41 124
542 178
572 92
416 296
242 298
509 335
438 299
483 234
2 L1
14 L1
545 343 383 0
185 327 383 0
328 170 383 0
251 276 383 0
83 185 383 0
323 301 383 0
437 99 383 0
50 129 383 0
575 62 383 0
41 61 383 0
428 348 383 0
517 225 383 0
68 341 383 0
126 135 383 0
2 L3
14 L3
408 316 313 0
585 257 313 0
158 228 313 0
66 56 313 0
161 281 313 0
347 156 313 0
428 79 313 0
253 310 313 0
18 300 313 0
170 174 313 0
599 167 313 0
168 110 313 0
403 260 313 0
219 344 313 0
2 L5
14 L5
236 101 552 0
433 337 552 0
524 312 552 0
532 260 552 0
297 111 552 0
361 299 552 0
314 208 552 0
152 126 552 0
107 283 552 0
504 187 552 0
282 100 552 0
377 227 552 0
449 68 552 0
382 175 552 0
2 U2
35 0 575 314
35 0 424 50
14 U2
35 0 533 257
35 0 546 157
35 0 555 226
35 0 540 151
35 0 325 302
35 0 577 200
35 0 82 350
35 0 389 171
35 0 5 235
35 0 485 250
35 0 569 169
35 0 453 267
35 0 574 293
35 0 136 110
2 U4
314 0 448 188
314 0 93 62
14 U4
314 0 439 192
314 0 539 209
314 0 326 166
314 0 258 154
314 0 58 240
314 0 97 325
314 0 397 219
314 0 254 118
314 0 379 319
314 0 430 144
314 0 178 153
314 0 452 286
314 0 222 73
314 0 537 332
7
545 343 285 344
408 316 422 327
236 101 178 261
185 327 357 147
585 257 197 108
433 337 347 198
328 170 202 327
