3
3
L1 416 0
U2 419 0
L3 239 0
9
250 307
353 40
585 264
349 343
563 269
91 151
419 1
400 325
497 297
1 L1
14 L1
43 332 416 0
217 218 416 0
135 302 416 0
105 186 416 0
442 157 416 0
517 51 416 0
208 73 416 0
324 286 416 0
593 333 416 0
209 169 416 0
334 163 416 0
416 202 416 0
233 134 416 0
529 281 416 0
1 L3
14 L3
535 234 239 0
374 199 239 0
11 241 239 0
235 91 239 0
438 130 239 0
403 287 239 0
551 200 239 0
74 75 239 0
146 347 239 0
356 269 239 0
309 257 239 0
7 299 239 0
84 87 239 0
82 334 239 0
1 U2
419 0 554 177
14 U2
419 0 212 293
419 0 119 154
419 0 533 132
419 0 367 332
419 0 522 173
419 0 340 274
419 0 474 115
419 0 586 202
419 0 561 287
419 0 66 291
419 0 482 61
419 0 599 349
419 0 580 267
419 0 340 259
7
43 332 322 273
535 234 501 65
217 218 167 199
374 199 397 131
135 302 264 205
11 241 211 348
105 186 267 274
