5
4
L1 276 0
U2 452 0
L3 241 0
U4 46 0
16
1 155
456 27
465 178
452 310
335 210
366 224
92 144
586 52
46 240
467 215
59 124
489 36
101 342
184 181
233 344
449 316
2 L1
14 L1
280 157 276 0
41 111 276 0
216 69 276 0
293 97 276 0
274 194 276 0
177 286 276 0
418 245 276 0
163 81 276 0
11 79 276 0
555 120 276 0
450 264 276 0
272 220 276 0
434 105 276 0
335 64 276 0
2 L3
14 L3
525 317 241 0
437 339 241 0
395 317 241 0
301 190 241 0
482 218 241 0
144 146 241 0
318 126 241 0
293 278 241 0
416 96 241 0
233 224 241 0
367 311 241 0
102 233 241 0
432 245 241 0
379 349 241 0
2 U2
452 0 504 157
452 0 4 52
14 U2
452 0 173 146
452 0 144 246
452 0 213 320
452 0 462 170
452 0 63 95
452 0 279 143
452 0 539 118
452 0 35 263
452 0 448 137
452 0 330 321
452 0 551 146
452 0 175 202
452 0 114 293
452 0 83 136
2 U4
46 0 294 290
46 0 422 95
14 U4
46 0 483 326
46 0 594 345
46 0 471 164
46 0 319 326
46 0 400 104
46 0 411 202
46 0 474 207
46 0 146 136
46 0 142 120
46 0 164 350
46 0 145 204
46 0 30 73
46 0 294 162
46 0 533 103
6
280 157 461 130
525 317 577 237
41 111 6 332
437 339 118 156
216 69 0 262
395 317 222 218
