4
3
L1 588 0
U2 369 0
L3 260 0
15
420 220
517 184
291 32
375 271
121 95
328 178
198 261
206 227
401 329
274 9
114 165
454 207
232 190
480 7
366 8
2 L1
18 L1
264 110 588 0
319 268 588 0
346 311 588 0
115 89 588 0
564 216 588 0
137 197 588 0
371 220 588 0
124 111 588 0
257 223 588 0
519 333 588 0
275 212 588 0
502 123 588 0
587 79 588 0
106 271 588 0
398 209 588 0
328 270 588 0
118 255 588 0
369 196 588 0
2 L3
18 L3
558 54 260 0
302 129 260 0
305 93 260 0
141 271 260 0
363 124 260 0
476 175 260 0
67 330 260 0
395 88 260 0
418 165 260 0
462 108 260 0
381 327 260 0
478 56 260 0
114 323 260 0
4 291 260 0
323 348 260 0
432 76 260 0
453 324 260 0
23 350 260 0
2 U2
369 0 518 125
369 0 93 337
18 U2
369 0 560 152
369 0 387 235
369 0 587 266
369 0 487 321
369 0 532 155
369 0 148 151
369 0 525 237
369 0 87 269
369 0 574 222
369 0 546 75
369 0 63 269
369 0 455 225
369 0 486 189
369 0 26 178
369 0 82 114
369 0 471 196
369 0 400 95
369 0 559 303
6
264 110 307 245
558 54 486 195
319 268 558 60
302 129 359 325
346 311 517 311
305 93 571 342
