5
5
L1 334 0
U2 229 0
L3 527 0
U4 361 0
L5 101 0
25
167 99
213 323
533 43
56 337
81 304
328 240
247 167
16 44
580 128
248 17
391 11
287 182
477 155
87 233
183 44
521 166
185 182
270 333
364 275
128 82
498 302
244 101
199 315
567 289
566 157
2 L1
18 L1
480 112 334 0
195 300 334 0
463 303 334 0
91 195 334 0
525 169 334 0
283 342 334 0
52 244 334 0
131 72 334 0
26 178 334 0
265 190 334 0
473 305 334 0
46 338 334 0
481 206 334 0
123 343 334 0
84 84 334 0
148 187 334 0
127 271 334 0
546 238 334 0
2 L3
18 L3
583 176 527 0
124 176 527 0
555 256 527 0
12 201 527 0
380 170 527 0
51 213 527 0
420 205 527 0
95 172 527 0
428 329 527 0
410 338 527 0
207 50 527 0
61 213 527 0
184 66 527 0
420 75 527 0
416 233 527 0
25 255 527 0
428 65 527 0
86 219 527 0
2 L5
18 L5
348 299 101 0
181 192 101 0
331 293 101 0
565 296 101 0
245 262 101 0
431 124 101 0
254 295 101 0
195 112 101 0
46 312 101 0
518 331 101 0
108 325 101 0
336 115 101 0
160 213 101 0
548 158 101 0
473 299 101 0
21 81 101 0
461 87 101 0
341 105 101 0
2 U2
229 0 535 203
229 0 199 330
18 U2
229 0 182 215
229 0 473 81
229 0 575 222
229 0 164 166
229 0 436 85
229 0 87 294
229 0 578 248
229 0 524 251
229 0 259 121
229 0 353 253
229 0 527 161
229 0 62 73
229 0 227 170
229 0 408 215
229 0 375 165
229 0 466 117
229 0 550 68
229 0 558 177
2 U4
361 0 390 51
361 0 3 63
18 U4
361 0 131 187
361 0 80 305
361 0 185 59
361 0 370 198
361 0 342 218
361 0 19 198
361 0 31 275
361 0 63 221
361 0 590 193
361 0 478 271
361 0 6 207
361 0 427 349
361 0 270 123
361 0 425 54
361 0 15 344
361 0 282 268
361 0 497 193
361 0 358 291
14
480 112 563 305
583 176 102 175
348 299 100 161
195 300 473 193
124 176 154 189
181 192 541 215
463 303 238 226
555 256 500 207
331 293 474 82
91 195 569 259
12 201 329 145
565 296 90 155
525 169 382 302
380 170 451 168
