3
6
L1 48 0
U2 392 0
L3 492 0
U4 12 0
L5 500 0
U6 430 0
30
68 329
386 326
103 305
77 279
308 288
370 8
458 328
93 347
6 88
393 169
369 55
191 253
579 107
8 8
224 262
580 270
222 76
94 255
283 293
132 34
574 114
506 36
20 195
283 321
531 119
261 140
253 279
507 10
485 286
516 8
1 L1
10 L1
205 306 48 0
83 195 48 0
425 98 48 0
84 287 48 0
144 271 48 0
70 166 48 0
491 206 48 0
474 88 48 0
452 181 48 0
389 350 48 0
1 L3
10 L3
558 343 492 0
123 319 492 0
582 214 492 0
536 93 492 0
20 103 492 0
404 295 492 0
325 56 492 0
582 201 492 0
357 161 492 0
188 230 492 0
1 L5
10 L5
589 175 500 0
233 130 500 0
10 177 500 0
65 271 500 0
445 107 500 0
216 344 500 0
145 82 500 0
396 306 500 0
40 179 500 0
159 63 500 0
1 U2
392 0 243 292
10 U2
392 0 183 273
392 0 156 252
392 0 413 72
392 0 103 202
392 0 34 107
392 0 593 305
392 0 151 292
392 0 104 278
392 0 543 307
392 0 550 137
1 U4
12 0 21 220
10 U4
12 0 564 67
12 0 59 192
12 0 313 265
12 0 596 129
12 0 70 179
12 0 226 149
12 0 307 131
12 0 531 171
12 0 412 328
12 0 565 151
1 U6
430 0 204 237
10 U6
430 0 102 109
430 0 370 104
430 0 175 54
430 0 558 80
430 0 28 141
430 0 104 293
430 0 563 75
430 0 56 223
430 0 63 175
430 0 162 331
3
205 306 22 91
558 343 341 121
589 175 145 262
