4
4
L1 313 0
U2 577 0
L3 463 0
U4 238 0
12
488 141
593 184
275 281
157 209
165 336
263 138
311 331
347 162
310 46
215 293
485 149
396 81
2 L1
22 L1
450 257 313 0
484 349 313 0
185 149 313 0
216 207 313 0
561 253 313 0
237 328 313 0
338 306 313 0
238 89 313 0
150 172 313 0
88 234 313 0
474 272 313 0
194 262 313 0
235 180 313 0
335 192 313 0
207 224 313 0
596 210 313 0
306 187 313 0
230 181 313 0
7 241 313 0
598 105 313 0
311 88 313 0
447 125 313 0
2 L3
22 L3
446 209 463 0
192 328 463 0
116 108 463 0
100 285 463 0
555 134 463 0
90 290 463 0
256 189 463 0
57 79 463 0
294 216 463 0
412 52 463 0
146 99 463 0
261 305 463 0
115 202 463 0
344 180 463 0
78 129 463 0
67 336 463 0
122 206 463 0
415 246 463 0
139 140 463 0
27 64 463 0
533 194 463 0
598 277 463 0
2 U2
577 0 318 230
577 0 240 274
22 U2
577 0 209 65
577 0 23 320
577 0 137 125
577 0 468 146
577 0 518 227
577 0 476 78
577 0 525 181
577 0 487 131
577 0 197 207
577 0 165 324
577 0 377 326
577 0 429 86
577 0 583 251
577 0 64 153
577 0 11 260
577 0 390 236
577 0 372 101
577 0 232 66
577 0 437 83
577 0 470 141
577 0 174 221
577 0 382 263
2 U4
238 0 62 257
238 0 515 107
22 U4
238 0 380 332
238 0 183 62
238 0 581 198
238 0 449 140
238 0 534 75
238 0 498 261
238 0 423 255
238 0 380 236
238 0 300 195
238 0 16 287
238 0 454 72
238 0 370 284
238 0 475 104
238 0 139 174
238 0 110 284
238 0 391 207
238 0 501 309
238 0 421 142
238 0 344 141
238 0 248 174
238 0 173 231
238 0 555 340
9
450 257 345 86
446 209 566 218
484 349 153 95
192 328 490 114
185 149 528 132
116 108 574 317
216 207 467 155
100 285 417 164
561 253 232 207
