4
3
L1 118 0
U2 162 0
L3 438 0
15
528 28
192 184
272 162
250 36
172 321
153 282
461 312
592 136
476 143
257 175
36 140
573 302
570 15
169 19
420 80
2 L1
10 L1
6 126 118 0
586 300 118 0
148 202 118 0
349 213 118 0
580 61 118 0
445 300 118 0
160 339 118 0
134 95 118 0
573 123 118 0
486 206 118 0
2 L3
10 L3
53 149 438 0
292 270 438 0
248 74 438 0
18 300 438 0
85 242 438 0
150 330 438 0
380 343 438 0
331 280 438 0
212 153 438 0
592 162 438 0
2 U2
162 0 36 222
162 0 23 80
10 U2
162 0 405 179
162 0 326 169
162 0 550 279
162 0 515 71
162 0 259 230
162 0 441 254
162 0 254 303
162 0 12 296
162 0 491 254
162 0 451 193
2
6 126 540 196
53 149 510 295
