3
5
L1 489 0
U2 265 0
L3 25 0
U4 311 0
L5 587 0
25
231 72
155 335
334 326
94 333
418 270
285 180
23 130
582 208
404 133
560 136
246 111
579 318
123 175
443 285
392 23
44 185
149 301
18 53
522 68
146 347
441 180
263 234
93 215
188 286
426 264
1 L1
14 L1
560 108 489 0
399 177 489 0
302 138 489 0
341 261 489 0
148 71 489 0
147 156 489 0
265 195 489 0
530 195 489 0
173 199 489 0
301 162 489 0
274 237 489 0
522 346 489 0
450 324 489 0
61 74 489 0
1 L3
14 L3
249 215 25 0
334 90 25 0
329 114 25 0
262 235 25 0
503 142 25 0
450 319 25 0
265 248 25 0
17 138 25 0
371 154 25 0
465 104 25 0
224 324 25 0
297 236 25 0
114 244 25 0
437 144 25 0
1 L5
14 L5
185 174 587 0
460 317 587 0
576 108 587 0
542 95 587 0
567 297 587 0
508 273 587 0
69 285 587 0
266 95 587 0
52 112 587 0
270 228 587 0
388 275 587 0
7 249 587 0
500 52 587 0
309 163 587 0
1 U2
265 0 589 337
14 U2
265 0 233 338
265 0 283 232
265 0 553 328
265 0 299 59
265 0 140 279
265 0 356 233
265 0 32 251
265 0 555 311
265 0 48 275
265 0 424 350
265 0 24 291
265 0 338 303
265 0 88 143
265 0 462 341
1 U4
311 0 160 238
14 U4
311 0 152 156
311 0 170 335
311 0 312 65
311 0 506 172
311 0 105 300
311 0 416 185
311 0 161 161
311 0 36 198
311 0 261 103
311 0 333 157
311 0 515 252
311 0 151 254
311 0 116 74
311 0 559 239
11
560 108 497 265
249 215 576 206
185 174 96 88
399 177 11 268
334 90 197 259
460 317 385 224
302 138 473 170
329 114 139 279
576 108 391 87
341 261 555 52
262 235 262 109
