5
5
L1 388 0
U2 575 0
L3 539 0
U4 59 0
L5 16 0
15
413 9
393 287
444 162
369 185
370 330
454 237
446 86
539 18
7 330
187 317
260 317
81 232
295 302
133 134
48 198
2 L1
22 L1
478 104 388 0
43 202 388 0
15 258 388 0
225 234 388 0
80 136 388 0
350 265 388 0
334 78 388 0
165 202 388 0
5 191 388 0
205 218 388 0
504 329 388 0
496 243 388 0
24 177 388 0
186 299 388 0
527 73 388 0
421 330 388 0
183 113 388 0
553 165 388 0
480 114 388 0
427 211 388 0
483 171 388 0
7 149 388 0
2 L3
22 L3
538 146 539 0
200 300 539 0
591 265 539 0
332 240 539 0
469 276 539 0
244 185 539 0
398 312 539 0
589 144 539 0
226 214 539 0
600 347 539 0
187 203 539 0
75 97 539 0
386 212 539 0
592 303 539 0
43 223 539 0
109 248 539 0
117 320 539 0
153 285 539 0
477 112 539 0
458 153 539 0
518 264 539 0
18 211 539 0
2 L5
22 L5
293 323 16 0
536 249 16 0
267 88 16 0
444 262 16 0
43 164 16 0
175 178 16 0
356 241 16 0
251 326 16 0
146 93 16 0
543 82 16 0
477 178 16 0
559 93 16 0
489 243 16 0
73 79 16 0
370 212 16 0
198 325 16 0
598 237 16 0
497 164 16 0
168 263 16 0
98 272 16 0
50 85 16 0
325 184 16 0
2 U2
575 0 119 162
575 0 258 300
22 U2
575 0 520 187
575 0 254 58
575 0 108 169
575 0 368 348
575 0 443 325
575 0 307 254
575 0 599 280
575 0 179 234
575 0 145 84
575 0 474 198
575 0 410 290
575 0 30 291
575 0 178 186
575 0 367 216
575 0 230 106
575 0 326 63
575 0 61 138
575 0 310 139
575 0 24 147
575 0 195 274
575 0 389 192
575 0 133 188
2 U4
59 0 104 348
59 0 293 241
22 U4
59 0 328 180
59 0 260 64
59 0 585 326
59 0 331 261
59 0 160 187
59 0 109 183
59 0 441 299
59 0 257 297
59 0 264 186
59 0 254 163
59 0 71 307
59 0 223 209
59 0 103 142
59 0 384 250
59 0 527 336
59 0 351 241
59 0 39 135
59 0 529 294
59 0 514 322
59 0 318 250
59 0 40 141
59 0 547 238
6
478 104 470 57
538 146 314 210
293 323 490 219
43 202 463 256
200 300 101 284
536 249 557 315
