4
3
L1 513 0
U2 37 0
L3 315 0
12
126 50
176 247
523 186
37 36
459 314
120 268
64 282
551 329
297 314
561 8
476 149
196 157
2 L1
18 L1
333 123 513 0
149 312 513 0
434 53 513 0
264 140 513 0
332 309 513 0
409 118 513 0
390 336 513 0
330 102 513 0
253 301 513 0
344 317 513 0
221 254 513 0
110 201 513 0
135 213 513 0
116 113 513 0
245 135 513 0
33 276 513 0
501 99 513 0
503 317 513 0
2 L3
18 L3
404 256 315 0
175 111 315 0
19 94 315 0
67 166 315 0
224 124 315 0
388 54 315 0
250 258 315 0
2 328 315 0
479 156 315 0
515 139 315 0
246 218 315 0
25 65 315 0
24 104 315 0
524 122 315 0
66 306 315 0
276 188 315 0
286 113 315 0
84 62 315 0
2 U2
37 0 527 216
37 0 85 307
18 U2
37 0 491 137
37 0 551 318
37 0 592 53
37 0 7 140
37 0 352 308
37 0 191 238
37 0 551 188
37 0 426 312
37 0 418 281
37 0 512 52
37 0 133 224
37 0 409 225
37 0 369 337
37 0 597 215
37 0 321 110
37 0 281 160
37 0 539 209
37 0 496 62
6
333 123 246 128
404 256 320 300
149 312 389 269
175 111 170 292
434 53 316 326
19 94 265 55
