3
6
L1 592 0
U2 143 0
L3 73 0
U4 523 0
L5 217 0
U6 492 0
18
452 191
6 211
595 126
214 169
431 330
364 37
162 111
69 102
461 106
22 105
339 179
317 137
273 39
467 101
121 3
382 155
469 298
597 177
1 L1
14 L1
545 313 592 0
66 164 592 0
246 240 592 0
598 267 592 0
405 345 592 0
96 348 592 0
407 314 592 0
296 92 592 0
538 124 592 0
456 338 592 0
300 76 592 0
417 129 592 0
315 162 592 0
464 108 592 0
1 L3
14 L3
595 293 73 0
32 73 73 0
365 297 73 0
458 317 73 0
388 265 73 0
396 291 73 0
317 302 73 0
410 284 73 0
588 290 73 0
430 229 73 0
385 272 73 0
538 201 73 0
240 65 73 0
257 272 73 0
1 L5
14 L5
431 291 217 0
401 120 217 0
246 195 217 0
18 107 217 0
274 98 217 0
121 90 217 0
64 200 217 0
417 102 217 0
396 329 217 0
559 218 217 0
253 258 217 0
184 131 217 0
334 233 217 0
305 321 217 0
1 U2
143 0 236 120
14 U2
143 0 132 102
143 0 308 155
143 0 247 348
143 0 79 274
143 0 381 147
143 0 320 170
143 0 83 324
143 0 487 73
143 0 533 293
143 0 585 107
143 0 377 211
143 0 552 349
143 0 513 253
143 0 582 315
1 U4
523 0 362 263
14 U4
523 0 421 341
523 0 543 211
523 0 508 97
523 0 408 306
523 0 413 173
523 0 539 234
523 0 149 68
523 0 469 213
523 0 385 180
523 0 38 160
523 0 204 280
523 0 203 217
523 0 104 192
523 0 473 246
1 U6
492 0 471 95
14 U6
492 0 388 130
492 0 519 87
492 0 68 87
492 0 6 93
492 0 18 74
492 0 502 307
492 0 300 175
492 0 194 77
492 0 539 202
492 0 111 341
492 0 46 240
492 0 131 119
492 0 381 208
492 0 343 346
13
545 313 503 312
595 293 594 223
431 291 425 107
66 164 142 193
32 73 101 269
401 120 122 190
246 240 128 138
365 297 572 142
246 195 108 319
598 267 573 298
458 317 239 275
18 107 112 235
405 345 390 128
