5
6
L1 263 0
U2 61 0
L3 548 0
U4 189 0
L5 525 0
U6 387 0
18
389 315
334 31
450 101
345 281
103 272
207 7
292 276
317 91
38 14
494 100
64 162
184 135
339 14
260 218
537 229
504 53
343 349
381 77
2 L1
10 L1
417 85 263 0
501 205 263 0
223 254 263 0
60 222 263 0
451 338 263 0
236 227 263 0
574 329 263 0
23 104 263 0
136 99 263 0
72 193 263 0
2 L3
10 L3
405 305 548 0
585 158 548 0
14 297 548 0
509 238 548 0
449 87 548 0
211 252 548 0
271 325 548 0
65 90 548 0
52 53 548 0
590 53 548 0
2 L5
10 L5
29 330 525 0
126 295 525 0
314 261 525 0
293 334 525 0
247 71 525 0
465 56 525 0
557 142 525 0
584 224 525 0
299 125 525 0
263 183 525 0
2 U2
61 0 228 345
61 0 209 332
10 U2
61 0 185 184
61 0 330 346
61 0 42 202
61 0 459 299
61 0 584 248
61 0 520 266
61 0 195 326
61 0 171 110
61 0 243 309
61 0 84 344
2 U4
189 0 209 281
189 0 374 225
10 U4
189 0 529 321
189 0 468 269
189 0 496 337
189 0 239 224
189 0 306 185
189 0 412 57
189 0 272 225
189 0 390 282
189 0 323 84
189 0 475 193
2 U6
387 0 364 77
387 0 320 165
10 U6
387 0 542 132
387 0 53 238
387 0 22 194
387 0 138 330
387 0 63 279
387 0 251 318
387 0 409 345
387 0 471 263
387 0 245 155
387 0 61 56
9
417 85 59 184
405 305 389 82
29 330 581 210
501 205 305 214
585 158 557 238
126 295 261 299
223 254 342 116
14 297 196 91
314 261 394 193
