4
4
L1 324 0
U2 525 0
L3 18 0
U4 276 0
20
204 275
432 130
430 350
438 289
365 30
72 332
25 285
519 100
352 166
179 21
66 243
55 279
543 60
522 314
600 83
448 326
254 201
319 269
106 286
18 114
2 L1
10 L1
470 83 324 0
30 288 324 0
343 259 324 0
256 279 324 0
136 143 324 0
326 212 324 0
208 263 324 0
235 225 324 0
418 203 324 0
393 309 324 0
2 L3
10 L3
209 153 18 0
206 297 18 0
286 94 18 0
128 270 18 0
536 72 18 0
1 154 18 0
331 162 18 0
130 347 18 0
261 249 18 0
530 327 18 0
2 U2
525 0 6 262
525 0 3 201
10 U2
525 0 328 290
525 0 329 277
525 0 23 57
525 0 136 125
525 0 501 208
525 0 63 161
525 0 309 290
525 0 513 122
525 0 214 163
525 0 513 148
2 U4
276 0 315 161
276 0 582 216
10 U4
276 0 38 169
276 0 306 334
276 0 572 156
276 0 111 88
276 0 571 95
276 0 351 171
276 0 400 319
276 0 458 161
276 0 306 260
276 0 536 69
2
470 83 191 240
209 153 170 94
