4
5
L1 558 0
U2 233 0
L3 433 0
U4 130 0
L5 539 0
25
34 168
380 263
290 85
93 194
336 47
6 95
124 38
477 208
422 13
144 138
91 271
24 267
76 247
191 125
231 307
56 263
477 209
197 57
445 335
275 119
441 129
159 93
288 6
160 211
93 223
2 L1
18 L1
146 120 558 0
256 321 558 0
305 53 558 0
133 163 558 0
214 230 558 0
536 100 558 0
125 272 558 0
416 117 558 0
349 146 558 0
560 78 558 0
130 195 558 0
273 276 558 0
296 102 558 0
465 111 558 0
399 275 558 0
599 127 558 0
376 254 558 0
305 123 558 0
2 L3
18 L3
44 315 433 0
417 348 433 0
333 266 433 0
434 256 433 0
482 285 433 0
2 304 433 0
224 98 433 0
234 274 433 0
333 260 433 0
226 234 433 0
313 127 433 0
405 128 433 0
217 111 433 0
437 232 433 0
582 191 433 0
257 144 433 0
86 188 433 0
533 161 433 0
2 L5
18 L5
395 213 539 0
94 173 539 0
149 154 539 0
344 175 539 0
382 310 539 0
104 175 539 0
79 275 539 0
495 275 539 0
69 301 539 0
239 216 539 0
48 325 539 0
301 237 539 0
59 190 539 0
430 268 539 0
355 123 539 0
484 56 539 0
378 115 539 0
236 96 539 0
2 U2
233 0 385 260
233 0 432 167
18 U2
233 0 132 186
233 0 441 213
233 0 468 141
233 0 90 100
233 0 396 129
233 0 218 99
233 0 506 165
233 0 317 172
233 0 532 288
233 0 8 346
233 0 316 344
233 0 163 232
233 0 46 282
233 0 139 336
233 0 339 225
233 0 454 138
233 0 368 230
233 0 410 333
2 U4
130 0 129 123
130 0 177 276
18 U4
130 0 387 280
130 0 436 149
130 0 68 226
130 0 530 61
130 0 539 113
130 0 47 66
130 0 515 257
130 0 249 340
130 0 6 119
130 0 452 113
130 0 104 251
130 0 263 153
130 0 317 77
130 0 551 61
130 0 271 162
130 0 285 302
130 0 373 203
130 0 522 165
14
146 120 0 99
44 315 183 215
395 213 429 202
256 321 464 344
417 348 529 56
94 173 70 116
305 53 432 279
333 266 129 350
149 154 411 301
133 163 134 264
434 256 546 64
344 175 444 195
214 230 492 302
482 285 449 272
