3
6
L1 396 0
U2 510 0
L3 567 0
U4 70 0
L5 593 0
U6 302 0
30
25 242
251 4
139 176
280 246
119 120
376 318
411 183
111 74
11 62
446 234
472 234
109 136
591 30
440 286
72 34
214 168
568 312
197 37
31 7
36 50
482 228
377 60
423 21
484 234
424 313
320 171
244 98
535 307
324 293
167 345
1 L1
22 L1
305 229 396 0
165 184 396 0
80 288 396 0
100 168 396 0
97 176 396 0
444 136 396 0
35 330 396 0
478 211 396 0
148 104 396 0
146 285 396 0
305 275 396 0
234 111 396 0
418 219 396 0
510 232 396 0
49 177 396 0
145 153 396 0
379 240 396 0
152 107 396 0
399 262 396 0
421 248 396 0
450 336 396 0
365 227 396 0
1 L3
22 L3
337 114 567 0
484 193 567 0
340 282 567 0
139 202 567 0
567 289 567 0
561 254 567 0
346 182 567 0
167 342 567 0
498 330 567 0
442 69 567 0
538 190 567 0
26 82 567 0
125 276 567 0
317 232 567 0
67 104 567 0
326 260 567 0
439 153 567 0
113 222 567 0
394 260 567 0
24 212 567 0
367 272 567 0
209 87 567 0
1 L5
22 L5
9 75 593 0
273 86 593 0
332 211 593 0
369 135 593 0
303 220 593 0
274 168 593 0
365 323 593 0
82 236 593 0
206 347 593 0
539 328 593 0
502 68 593 0
44 163 593 0
334 349 593 0
405 82 593 0
295 158 593 0
584 337 593 0
472 303 593 0
221 236 593 0
519 338 593 0
287 284 593 0
372 65 593 0
583 167 593 0
1 U2
510 0 329 301
22 U2
510 0 517 323
510 0 73 115
510 0 86 132
510 0 244 247
510 0 546 51
510 0 348 130
510 0 307 262
510 0 378 74
510 0 301 173
510 0 341 135
510 0 103 247
510 0 305 205
510 0 253 160
510 0 447 184
510 0 429 203
510 0 495 191
510 0 27 262
510 0 13 296
510 0 373 68
510 0 344 148
510 0 90 69
510 0 599 241
1 U4
70 0 553 309
22 U4
70 0 0 179
70 0 64 56
70 0 87 179
70 0 39 147
70 0 506 307
70 0 574 205
70 0 179 63
70 0 312 161
70 0 364 130
70 0 54 309
70 0 312 334
70 0 115 251
70 0 8 92
70 0 247 185
70 0 584 350
70 0 159 229
70 0 121 190
70 0 508 91
70 0 347 289
70 0 338 275
70 0 1 208
70 0 460 288
1 U6
302 0 83 262
22 U6
302 0 572 231
302 0 85 122
302 0 539 113
302 0 60 205
302 0 123 160
302 0 203 257
302 0 47 132
302 0 332 59
302 0 239 340
302 0 242 113
302 0 278 286
302 0 357 295
302 0 2 100
302 0 390 156
302 0 367 285
302 0 457 142
302 0 126 197
302 0 317 229
302 0 362 143
302 0 48 254
302 0 44 79
302 0 41 132
20
305 229 401 184
337 114 576 218
9 75 546 105
165 184 429 195
484 193 576 246
273 86 185 321
80 288 543 110
340 282 300 158
332 211 106 271
100 168 128 165
139 202 424 76
369 135 177 275
97 176 427 61
567 289 122 162
303 220 350 328
444 136 397 141
561 254 119 333
274 168 290 152
35 330 271 109
346 182 468 250
