5
6
L1 207 0
U2 575 0
L3 112 0
U4 547 0
L5 393 0
U6 373 0
18
511 286
59 151
459 216
506 88
411 179
468 267
42 187
121 288
8 93
226 327
391 37
100 83
567 125
462 293
42 215
278 103
76 193
255 153
2 L1
22 L1
31 279 207 0
444 71 207 0
121 55 207 0
142 347 207 0
220 274 207 0
300 275 207 0
156 92 207 0
74 204 207 0
430 259 207 0
358 169 207 0
326 231 207 0
194 71 207 0
53 65 207 0
78 87 207 0
568 312 207 0
243 290 207 0
579 224 207 0
493 316 207 0
258 206 207 0
548 108 207 0
160 52 207 0
468 111 207 0
2 L3
22 L3
540 93 112 0
128 190 112 0
253 243 112 0
28 134 112 0
4 146 112 0
59 144 112 0
265 337 112 0
355 99 112 0
316 316 112 0
9 84 112 0
230 197 112 0
183 108 112 0
331 141 112 0
177 103 112 0
21 127 112 0
209 123 112 0
91 54 112 0
234 288 112 0
553 291 112 0
539 323 112 0
513 51 112 0
314 213 112 0
2 L5
22 L5
117 222 393 0
105 230 393 0
153 101 393 0
1 325 393 0
498 96 393 0
391 111 393 0
101 167 393 0
437 270 393 0
429 332 393 0
400 80 393 0
394 125 393 0
294 83 393 0
473 61 393 0
392 226 393 0
116 264 393 0
495 239 393 0
489 320 393 0
144 209 393 0
473 79 393 0
488 284 393 0
436 289 393 0
443 292 393 0
2 U2
575 0 169 159
575 0 518 57
22 U2
575 0 335 346
575 0 34 69
575 0 584 123
575 0 30 339
575 0 279 86
575 0 108 128
575 0 373 319
575 0 328 319
575 0 143 160
575 0 419 333
575 0 450 288
575 0 321 157
575 0 95 303
575 0 338 259
575 0 563 103
575 0 496 342
575 0 597 139
575 0 119 107
575 0 394 206
575 0 307 190
575 0 175 350
575 0 510 345
2 U4
547 0 150 258
547 0 599 136
22 U4
547 0 162 195
547 0 488 174
547 0 464 102
547 0 406 291
547 0 147 200
547 0 22 213
547 0 360 300
547 0 290 203
547 0 8 138
547 0 61 111
547 0 256 193
547 0 391 147
547 0 332 329
547 0 33 298
547 0 428 205
547 0 490 101
547 0 185 248
547 0 316 80
547 0 471 334
547 0 449 144
547 0 488 202
547 0 295 193
2 U6
373 0 221 69
373 0 479 157
22 U6
373 0 29 130
373 0 547 268
373 0 426 237
373 0 94 273
373 0 417 85
373 0 326 91
373 0 167 212
373 0 255 347
373 0 126 288
373 0 121 160
373 0 484 108
373 0 142 257
373 0 479 183
373 0 83 202
373 0 245 85
373 0 216 317
373 0 1 117
373 0 579 207
373 0 42 224
373 0 145 135
373 0 48 325
373 0 566 262
14
31 279 82 266
540 93 223 213
117 222 433 304
444 71 494 270
128 190 81 283
105 230 31 313
121 55 581 202
253 243 440 67
153 101 569 125
142 347 499 114
28 134 80 348
1 325 450 126
220 274 190 273
4 146 235 115
