5
3
L1 79 0
U2 156 0
L3 418 0
12
373 234
369 282
141 83
448 212
90 276
555 119
212 285
570 127
576 85
20 92
549 289
170 0
2 L1
14 L1
15 280 79 0
178 71 79 0
209 187 79 0
158 53 79 0
338 344 79 0
76 208 79 0
554 300 79 0
409 182 79 0
280 118 79 0
450 171 79 0
497 205 79 0
169 316 79 0
543 53 79 0
316 201 79 0
2 L3
14 L3
127 287 418 0
137 175 418 0
503 342 418 0
33 201 418 0
328 258 418 0
203 180 418 0
474 181 418 0
73 197 418 0
119 319 418 0
123 299 418 0
509 219 418 0
263 66 418 0
136 275 418 0
537 287 418 0
2 U2
156 0 240 187
156 0 578 251
14 U2
156 0 107 223
156 0 386 316
156 0 486 131
156 0 88 251
156 0 544 282
156 0 340 253
156 0 404 201
156 0 152 99
156 0 343 279
156 0 549 114
156 0 173 106
156 0 80 137
156 0 315 228
156 0 482 344
5
15 280 154 244
127 287 326 314
178 71 323 308
137 175 477 228
209 187 118 257
