5
3
L1 67 0
U2 142 0
L3 218 0
15
212 182
555 317
294 121
121 148
349 102
3 295
379 338
350 77
451 110
228 255
186 28
169 348
325 65
92 155
493 224
2 L1
18 L1
65 243 67 0
572 202 67 0
340 236 67 0
186 268 67 0
551 291 67 0
67 153 67 0
220 191 67 0
132 132 67 0
344 208 67 0
475 237 67 0
508 243 67 0
99 104 67 0
154 67 67 0
227 72 67 0
519 128 67 0
104 74 67 0
503 117 67 0
556 62 67 0
2 L3
18 L3
169 105 218 0
504 240 218 0
439 282 218 0
279 122 218 0
133 196 218 0
418 318 218 0
128 261 218 0
348 317 218 0
536 138 218 0
37 142 218 0
143 172 218 0
97 223 218 0
330 134 218 0
449 77 218 0
535 250 218 0
491 293 218 0
510 148 218 0
72 253 218 0
2 U2
142 0 384 285
142 0 521 327
18 U2
142 0 378 165
142 0 0 330
142 0 51 181
142 0 409 332
142 0 205 237
142 0 531 282
142 0 290 335
142 0 31 109
142 0 97 69
142 0 342 287
142 0 488 292
142 0 307 300
142 0 265 288
142 0 87 174
142 0 38 134
142 0 61 282
142 0 588 342
142 0 96 106
6
65 243 182 302
169 105 35 335
572 202 27 109
504 240 13 276
340 236 88 287
439 282 469 342
