5
4
L1 186 0
U2 69 0
L3 174 0
U4 146 0
12
152 333
53 274
169 48
207 133
250 157
128 172
168 62
512 143
165 59
420 147
484 33
289 293
2 L1
10 L1
476 148 186 0
157 190 186 0
489 181 186 0
35 125 186 0
7 125 186 0
188 139 186 0
410 305 186 0
529 350 186 0
519 255 186 0
369 203 186 0
2 L3
10 L3
297 256 174 0
538 202 174 0
77 294 174 0
49 259 174 0
389 95 174 0
548 136 174 0
178 310 174 0
443 247 174 0
140 327 174 0
578 160 174 0
2 U2
69 0 410 262
69 0 205 223
10 U2
69 0 101 91
69 0 356 108
69 0 514 179
69 0 509 90
69 0 546 300
69 0 314 244
69 0 91 243
69 0 21 72
69 0 312 69
69 0 1 167
2 U4
146 0 315 196
146 0 475 256
10 U4
146 0 497 288
146 0 309 228
146 0 545 76
146 0 16 159
146 0 3 237
146 0 383 95
146 0 157 346
146 0 137 241
146 0 442 145
146 0 429 107
4
476 148 304 299
297 256 133 341
157 190 266 309
538 202 438 233
