5
6
L1 465 0
U2 119 0
L3 21 0
U4 77 0
L5 226 0
U6 421 0
30
109 78
260 61
442 57
28 153
534 138
557 3
153 211
488 32
298 217
236 310
522 182
442 156
125 260
432 246
67 50
243 38
285 190
287 126
578 2
521 255
243 6
222 37
318 258
252 76
320 247
598 318
241 133
189 66
144 255
563 316
2 L1
14 L1
208 241 465 0
109 127 465 0
460 191 465 0
239 144 465 0
360 278 465 0
188 279 465 0
69 96 465 0
308 282 465 0
153 191 465 0
555 317 465 0
123 234 465 0
364 87 465 0
57 256 465 0
38 338 465 0
2 L3
14 L3
57 241 21 0
522 99 21 0
15 275 21 0
441 171 21 0
326 238 21 0
469 328 21 0
274 305 21 0
203 213 21 0
283 329 21 0
269 102 21 0
586 139 21 0
59 119 21 0
168 132 21 0
333 329 21 0
2 L5
14 L5
435 137 226 0
167 187 226 0
20 285 226 0
397 87 226 0
77 230 226 0
119 232 226 0
298 221 226 0
257 331 226 0
305 209 226 0
433 288 226 0
510 258 226 0
569 236 226 0
464 101 226 0
573 306 226 0
2 U2
119 0 531 90
119 0 485 332
14 U2
119 0 158 282
119 0 28 328
119 0 587 104
119 0 415 121
119 0 396 269
119 0 531 342
119 0 442 287
119 0 284 275
119 0 276 350
119 0 246 176
119 0 526 216
119 0 112 321
119 0 262 81
119 0 65 313
2 U4
77 0 505 338
77 0 50 324
14 U4
77 0 147 176
77 0 391 341
77 0 295 152
77 0 556 120
77 0 480 246
77 0 232 237
77 0 153 97
77 0 472 71
77 0 67 130
77 0 283 202
77 0 276 71
77 0 241 110
77 0 486 344
77 0 519 339
2 U6
421 0 63 296
421 0 142 253
14 U6
421 0 351 248
421 0 350 62
421 0 220 267
421 0 259 323
421 0 163 135
421 0 348 191
421 0 117 155
421 0 304 228
421 0 20 256
421 0 469 320
421 0 576 162
421 0 93 144
421 0 219 113
421 0 399 161
9
208 241 37 90
57 241 227 146
435 137 173 319
109 127 536 127
522 99 465 265
167 187 281 275
460 191 559 196
15 275 327 233
20 285 486 68
