5
3
L1 466 0
U2 380 0
L3 26 0
15
231 324
117 169
3 4
521 118
212 166
248 127
509 203
83 134
26 228
95 16
45 222
477 115
148 156
9 72
450 313
2 L1
14 L1
336 55 466 0
403 179 466 0
504 162 466 0
154 128 466 0
536 189 466 0
574 287 466 0
90 189 466 0
88 265 466 0
200 203 466 0
450 71 466 0
491 70 466 0
221 53 466 0
563 223 466 0
278 282 466 0
2 L3
14 L3
297 334 26 0
34 164 26 0
142 114 26 0
340 182 26 0
453 282 26 0
360 142 26 0
242 119 26 0
559 239 26 0
407 250 26 0
504 204 26 0
310 325 26 0
588 261 26 0
64 153 26 0
205 287 26 0
2 U2
380 0 165 236
380 0 219 241
14 U2
380 0 125 77
380 0 326 272
380 0 411 219
380 0 456 301
380 0 535 263
380 0 585 212
380 0 361 214
380 0 504 80
380 0 177 134
380 0 246 336
380 0 79 255
380 0 522 304
380 0 109 130
380 0 230 61
5
336 55 189 94
297 334 222 101
403 179 130 329
34 164 588 273
504 162 46 104
