3
3
L1 316 0
U2 82 0
L3 462 0
12
314 168
284 71
344 347
134 102
372 1
135 32
593 105
542 150
419 20
508 221
95 294
293 63
1 L1
10 L1
406 108 316 0
199 51 316 0
403 280 316 0
595 256 316 0
572 242 316 0
53 237 316 0
20 214 316 0
450 306 316 0
250 170 316 0
469 244 316 0
1 L3
10 L3
282 114 462 0
451 105 462 0
535 176 462 0
579 167 462 0
329 161 462 0
433 340 462 0
77 220 462 0
472 266 462 0
308 132 462 0
596 158 462 0
1 U2
82 0 386 322
10 U2
82 0 64 266
82 0 70 142
82 0 523 297
82 0 69 74
82 0 129 74
82 0 392 242
82 0 571 249
82 0 5 278
82 0 118 204
82 0 112 199
3
406 108 149 178
282 114 484 254
199 51 18 275
