3
3
L1 117 0
U2 134 0
L3 154 0
15
111 187
58 152
509 70
467 43
190 45
504 268
14 93
166 288
497 115
575 49
342 138
262 138
199 196
525 169
252 109
1 L1
14 L1
55 209 117 0
480 127 117 0
214 275 117 0
533 338 117 0
550 115 117 0
72 272 117 0
288 283 117 0
558 336 117 0
32 211 117 0
347 90 117 0
509 264 117 0
141 286 117 0
589 75 117 0
589 270 117 0
1 L3
14 L3
166 155 154 0
384 252 154 0
307 66 154 0
216 338 154 0
6 342 154 0
454 244 154 0
98 299 154 0
77 270 154 0
538 315 154 0
402 237 154 0
34 188 154 0
180 185 154 0
434 114 154 0
107 121 154 0
1 U2
134 0 533 261
14 U2
134 0 539 280
134 0 235 343
134 0 505 97
134 0 424 337
134 0 211 222
134 0 38 190
134 0 189 175
134 0 388 228
134 0 368 340
134 0 351 314
134 0 8 115
134 0 280 177
134 0 344 288
134 0 459 297
7
55 209 115 298
166 155 180 235
480 127 158 336
384 252 496 216
214 275 154 219
307 66 163 226
533 338 270 325
