4
5
L1 555 0
U2 573 0
L3 325 0
U4 403 0
L5 335 0
25
18 307
167 170
296 95
388 99
315 7
219 302
472 71
109 237
189 274
457 136
86 339
228 31
52 284
465 257
242 277
446 163
398 181
214 18
222 123
487 84
479 150
359 51
534 278
290 172
128 285
2 L1
10 L1
119 209 555 0
272 240 555 0
80 144 555 0
416 246 555 0
112 335 555 0
53 180 555 0
332 203 555 0
17 112 555 0
318 258 555 0
557 230 555 0
2 L3
10 L3
404 101 325 0
405 311 325 0
290 249 325 0
219 115 325 0
310 170 325 0
183 291 325 0
291 156 325 0
63 178 325 0
80 276 325 0
371 325 325 0
2 L5
10 L5
323 81 335 0
283 82 335 0
471 277 335 0
528 300 335 0
127 93 335 0
237 76 335 0
239 320 335 0
288 315 335 0
316 182 335 0
402 64 335 0
2 U2
573 0 116 54
573 0 163 296
10 U2
573 0 8 303
573 0 465 205
573 0 378 161
573 0 360 309
573 0 194 78
573 0 106 150
573 0 386 236
573 0 254 100
573 0 582 126
573 0 295 224
2 U4
403 0 85 160
403 0 173 109
10 U4
403 0 26 203
403 0 320 217
403 0 225 173
403 0 248 85
403 0 426 297
403 0 113 64
403 0 385 283
403 0 383 317
403 0 245 174
403 0 488 269
5
119 209 94 91
404 101 409 117
323 81 84 270
272 240 521 308
405 311 246 300
