3
5
L1 412 0
U2 366 0
L3 326 0
U4 272 0
L5 379 0
25
27 166
237 280
144 28
258 18
549 289
366 268
345 176
48 194
464 108
557 348
258 215
348 87
61 187
116 261
362 293
447 63
562 266
540 338
592 18
109 334
547 163
25 325
356 239
295 219
179 105
1 L1
22 L1
373 203 412 0
98 339 412 0
121 80 412 0
368 319 412 0
441 217 412 0
377 139 412 0
118 262 412 0
254 219 412 0
266 250 412 0
490 169 412 0
534 341 412 0
342 150 412 0
162 223 412 0
206 277 412 0
527 114 412 0
331 300 412 0
549 222 412 0
273 293 412 0
223 255 412 0
523 156 412 0
506 94 412 0
457 304 412 0
1 L3
22 L3
372 148 326 0
433 315 326 0
444 325 326 0
555 294 326 0
351 255 326 0
310 77 326 0
384 275 326 0
484 301 326 0
576 161 326 0
515 336 326 0
292 322 326 0
410 153 326 0
223 101 326 0
317 57 326 0
500 188 326 0
175 56 326 0
239 265 326 0
372 162 326 0
421 113 326 0
344 262 326 0
213 310 326 0
267 65 326 0
1 L5
22 L5
323 347 379 0
198 266 379 0
53 275 379 0
391 239 379 0
294 205 379 0
467 109 379 0
183 323 379 0
430 299 379 0
404 301 379 0
303 109 379 0
358 258 379 0
377 326 379 0
575 222 379 0
389 301 379 0
425 88 379 0
158 330 379 0
212 109 379 0
262 190 379 0
523 126 379 0
204 219 379 0
96 309 379 0
309 303 379 0
1 U2
366 0 266 204
22 U2
366 0 86 100
366 0 401 310
366 0 379 328
366 0 84 184
366 0 368 327
366 0 116 284
366 0 172 317
366 0 291 130
366 0 18 150
366 0 142 288
366 0 172 294
366 0 333 115
366 0 42 254
366 0 243 150
366 0 172 142
366 0 160 238
366 0 193 216
366 0 318 117
366 0 310 172
366 0 211 56
366 0 388 180
366 0 163 330
1 U4
272 0 575 160
22 U4
272 0 370 230
272 0 476 266
272 0 522 157
272 0 161 274
272 0 125 255
272 0 296 73
272 0 353 333
272 0 109 124
272 0 515 334
272 0 414 281
272 0 524 105
272 0 417 73
272 0 323 196
272 0 338 141
272 0 164 348
272 0 583 255
272 0 573 127
272 0 78 96
272 0 261 181
272 0 367 129
272 0 551 300
272 0 328 114
17
373 203 405 273
372 148 476 98
323 347 154 180
98 339 388 242
433 315 204 247
198 266 308 283
121 80 207 253
444 325 554 138
53 275 258 273
368 319 67 336
555 294 24 280
391 239 16 242
441 217 58 115
351 255 495 307
294 205 448 210
377 139 145 99
310 77 455 182
