4
6
L1 294 0
U2 106 0
L3 538 0
U4 441 0
L5 225 0
U6 572 0
24
216 51
475 92
243 305
217 69
252 162
418 24
516 337
585 245
393 51
103 66
400 68
172 300
337 127
86 1
308 236
12 50
140 88
112 135
403 91
141 166
277 211
498 217
321 262
332 21
2 L1
14 L1
521 55 294 0
89 106 294 0
258 95 294 0
313 175 294 0
5 73 294 0
105 278 294 0
183 227 294 0
393 174 294 0
13 219 294 0
579 326 294 0
281 90 294 0
125 263 294 0
307 280 294 0
12 176 294 0
2 L3
14 L3
500 117 538 0
563 255 538 0
559 243 538 0
573 263 538 0
382 124 538 0
448 78 538 0
30 306 538 0
436 309 538 0
579 175 538 0
517 112 538 0
352 198 538 0
187 189 538 0
418 290 538 0
66 238 538 0
2 L5
14 L5
106 68 225 0
441 51 225 0
595 284 225 0
337 300 225 0
189 145 225 0
526 154 225 0
183 57 225 0
456 64 225 0
307 199 225 0
413 250 225 0
348 294 225 0
529 113 225 0
392 270 225 0
191 213 225 0
2 U2
106 0 435 203
106 0 26 208
14 U2
106 0 291 68
106 0 144 167
106 0 392 204
106 0 468 103
106 0 130 62
106 0 573 180
106 0 492 255
106 0 403 224
106 0 263 99
106 0 526 109
106 0 531 337
106 0 59 148
106 0 221 301
106 0 49 288
2 U4
441 0 140 162
441 0 294 128
14 U4
441 0 568 220
441 0 599 224
441 0 217 293
441 0 338 215
441 0 211 118
441 0 532 330
441 0 40 68
441 0 106 70
441 0 520 184
441 0 389 130
441 0 498 65
441 0 592 62
441 0 577 171
441 0 344 157
2 U6
572 0 209 225
572 0 408 254
14 U6
572 0 288 78
572 0 480 255
572 0 566 62
572 0 113 50
572 0 439 177
572 0 440 287
572 0 556 258
572 0 417 346
572 0 267 101
572 0 337 65
572 0 65 51
572 0 85 340
572 0 386 325
572 0 262 129
13
521 55 444 167
500 117 351 290
106 68 336 259
89 106 386 250
563 255 400 251
441 51 225 288
258 95 343 349
559 243 477 86
595 284 199 332
313 175 410 191
573 263 107 53
337 300 91 142
5 73 457 267
