3
5
L1 176 0
U2 147 0
L3 272 0
U4 474 0
L5 486 0
20
423 2
583 85
219 115
334 143
204 194
241 311
251 165
193 316
17 321
523 83
562 186
64 245
425 109
82 15
70 343
185 29
531 232
206 277
45 18
463 334
1 L1
14 L1
249 286 176 0
81 64 176 0
209 191 176 0
347 83 176 0
138 128 176 0
439 104 176 0
54 135 176 0
429 309 176 0
298 124 176 0
313 164 176 0
244 214 176 0
361 307 176 0
573 177 176 0
445 127 176 0
1 L3
14 L3
376 123 272 0
589 117 272 0
462 308 272 0
197 254 272 0
516 171 272 0
390 203 272 0
491 194 272 0
17 290 272 0
155 238 272 0
393 164 272 0
581 224 272 0
151 218 272 0
415 328 272 0
145 84 272 0
1 L5
14 L5
339 184 486 0
192 108 486 0
57 67 486 0
369 333 486 0
461 327 486 0
205 348 486 0
68 176 486 0
216 118 486 0
229 339 486 0
545 315 486 0
174 104 486 0
586 211 486 0
198 181 486 0
165 219 486 0
1 U2
147 0 223 169
14 U2
147 0 154 201
147 0 227 222
147 0 595 331
147 0 276 188
147 0 111 153
147 0 286 66
147 0 130 206
147 0 46 93
147 0 483 229
147 0 551 86
147 0 34 114
147 0 191 215
147 0 128 92
147 0 552 192
1 U4
474 0 137 259
14 U4
474 0 133 276
474 0 473 53
474 0 243 277
474 0 414 272
474 0 263 318
474 0 522 116
474 0 362 70
474 0 220 300
474 0 143 181
474 0 529 89
474 0 115 325
474 0 596 117
474 0 354 194
474 0 367 149
11
249 286 391 219
376 123 39 211
339 184 324 160
81 64 355 215
589 117 198 350
192 108 189 311
209 191 506 170
462 308 105 176
57 67 186 218
347 83 133 235
197 254 277 149
