3
4
L1 205 0
U2 341 0
L3 553 0
U4 282 0
20
569 191
328 256
281 59
482 157
223 62
133 82
421 59
574 220
185 313
58 43
484 38
139 180
511 1
185 57
35 131
192 221
385 157
539 154
185 285
355 94
1 L1
18 L1
296 286 205 0
545 251 205 0
413 210 205 0
183 121 205 0
566 306 205 0
407 94 205 0
408 145 205 0
277 332 205 0
125 325 205 0
15 198 205 0
109 176 205 0
530 125 205 0
63 347 205 0
273 117 205 0
8 333 205 0
580 332 205 0
532 265 205 0
27 239 205 0
1 L3
18 L3
332 213 553 0
139 332 553 0
352 169 553 0
496 105 553 0
275 203 553 0
348 115 553 0
495 71 553 0
152 69 553 0
364 239 553 0
211 170 553 0
165 350 553 0
344 157 553 0
522 100 553 0
273 239 553 0
153 140 553 0
551 133 553 0
236 293 553 0
479 274 553 0
1 U2
341 0 558 222
18 U2
341 0 229 299
341 0 453 91
341 0 89 171
341 0 78 66
341 0 276 190
341 0 67 141
341 0 392 305
341 0 0 331
341 0 71 322
341 0 507 315
341 0 51 296
341 0 451 167
341 0 101 288
341 0 520 230
341 0 164 302
341 0 584 173
341 0 533 233
341 0 33 337
1 U4
282 0 88 128
18 U4
282 0 427 141
282 0 101 75
282 0 141 108
282 0 107 273
282 0 457 337
282 0 151 232
282 0 373 231
282 0 572 139
282 0 423 321
282 0 171 73
282 0 156 299
282 0 567 306
282 0 578 65
282 0 488 347
282 0 392 119
282 0 156 344
282 0 128 115
282 0 213 332
11
296 286 404 179
332 213 416 219
545 251 548 118
139 332 280 250
413 210 568 116
352 169 436 202
183 121 12 86
496 105 395 78
566 306 380 216
275 203 343 61
407 94 199 185
