4
6
L1 389 0
U2 372 0
L3 272 0
U4 39 0
L5 155 0
U6 362 0
30
8 93
324 248
466 256
351 256
223 50
8 95
324 143
489 62
559 8
415 68
337 21
587 125
522 17
432 117
417 299
192 98
131 266
18 136
559 331
548 234
478 215
421 203
128 33
46 155
356 312
585 56
381 128
153 133
288 150
68 335
2 L1
18 L1
558 222 389 0
360 218 389 0
21 280 389 0
255 55 389 0
265 101 389 0
581 299 389 0
387 284 389 0
554 334 389 0
116 209 389 0
391 223 389 0
280 107 389 0
238 85 389 0
135 113 389 0
355 301 389 0
34 245 389 0
9 323 389 0
276 294 389 0
371 123 389 0
2 L3
18 L3
134 317 272 0
242 181 272 0
481 52 272 0
178 80 272 0
8 162 272 0
247 195 272 0
252 268 272 0
385 127 272 0
136 249 272 0
104 161 272 0
294 74 272 0
520 254 272 0
205 86 272 0
35 61 272 0
49 81 272 0
414 282 272 0
223 329 272 0
147 261 272 0
2 L5
18 L5
198 204 155 0
108 244 155 0
364 118 155 0
408 154 155 0
423 165 155 0
341 145 155 0
332 298 155 0
175 105 155 0
513 76 155 0
485 268 155 0
489 309 155 0
16 150 155 0
438 288 155 0
563 288 155 0
405 291 155 0
65 240 155 0
227 113 155 0
44 229 155 0
2 U2
372 0 493 149
372 0 313 127
18 U2
372 0 546 335
372 0 453 108
372 0 506 205
372 0 396 153
372 0 112 66
372 0 439 195
372 0 340 69
372 0 284 241
372 0 580 327
372 0 471 123
372 0 188 170
372 0 237 266
372 0 249 90
372 0 459 134
372 0 31 69
372 0 410 149
372 0 116 162
372 0 315 337
2 U4
39 0 419 120
39 0 91 301
18 U4
39 0 147 173
39 0 92 300
39 0 186 158
39 0 172 138
39 0 464 66
39 0 447 111
39 0 553 278
39 0 309 68
39 0 481 283
39 0 275 214
39 0 249 180
39 0 196 141
39 0 131 252
39 0 72 128
39 0 245 179
39 0 525 316
39 0 593 225
39 0 495 72
2 U6
362 0 230 224
362 0 523 177
18 U6
362 0 571 63
362 0 471 79
362 0 425 118
362 0 464 341
362 0 68 306
362 0 269 81
362 0 184 226
362 0 387 278
362 0 306 208
362 0 542 337
362 0 375 160
362 0 419 233
362 0 375 132
362 0 251 266
362 0 446 117
362 0 578 349
362 0 8 60
362 0 435 221
6
558 222 176 200
134 317 442 261
198 204 32 183
360 218 60 224
242 181 313 324
108 244 271 50
