4
5
L1 229 0
U2 577 0
L3 32 0
U4 132 0
L5 80 0
20
65 170
454 311
83 165
11 43
184 314
479 321
455 348
450 234
446 322
98 330
300 328
72 263
188 273
71 246
56 203
216 122
477 176
55 79
318 179
245 173
2 L1
18 L1
460 246 229 0
206 76 229 0
143 61 229 0
286 339 229 0
299 113 229 0
145 225 229 0
407 146 229 0
317 177 229 0
137 54 229 0
463 307 229 0
323 248 229 0
460 186 229 0
436 222 229 0
480 298 229 0
324 236 229 0
96 339 229 0
186 284 229 0
491 330 229 0
2 L3
18 L3
525 215 32 0
328 89 32 0
376 292 32 0
461 277 32 0
158 96 32 0
560 98 32 0
180 323 32 0
24 75 32 0
245 111 32 0
356 61 32 0
447 268 32 0
559 255 32 0
427 263 32 0
555 242 32 0
284 281 32 0
153 309 32 0
58 99 32 0
429 95 32 0
2 L5
18 L5
420 122 80 0
401 198 80 0
365 238 80 0
366 224 80 0
462 243 80 0
218 317 80 0
536 62 80 0
487 238 80 0
2 124 80 0
447 332 80 0
353 76 80 0
414 213 80 0
350 192 80 0
166 109 80 0
588 232 80 0
71 209 80 0
165 197 80 0
39 141 80 0
2 U2
577 0 318 305
577 0 136 88
18 U2
577 0 496 293
577 0 404 217
577 0 48 243
577 0 474 88
577 0 307 240
577 0 335 331
577 0 509 164
577 0 497 228
577 0 282 134
577 0 66 230
577 0 256 269
577 0 17 244
577 0 241 125
577 0 153 337
577 0 44 91
577 0 44 315
577 0 123 142
577 0 454 336
2 U4
132 0 40 211
132 0 265 149
18 U4
132 0 111 299
132 0 418 111
132 0 240 343
132 0 593 333
132 0 470 250
132 0 290 52
132 0 501 55
132 0 579 90
132 0 234 56
132 0 558 175
132 0 221 247
132 0 45 218
132 0 582 176
132 0 479 102
132 0 324 141
132 0 118 127
132 0 221 227
132 0 269 239
14
460 246 568 51
525 215 138 164
420 122 286 158
206 76 423 344
328 89 461 228
401 198 464 311
143 61 410 339
376 292 11 228
365 238 256 115
286 339 588 279
461 277 178 185
366 224 170 58
299 113 519 128
158 96 420 100
