3
4
L1 251 0
U2 100 0
L3 519 0
U4 341 0
16
24 183
125 120
405 137
431 231
214 141
237 160
12 344
271 32
56 145
323 126
321 274
315 3
485 102
478 269
69 342
554 282
1 L1
18 L1
323 314 251 0
331 287 251 0
530 220 251 0
78 123 251 0
570 148 251 0
116 186 251 0
75 343 251 0
542 93 251 0
85 104 251 0
136 298 251 0
429 58 251 0
158 290 251 0
470 233 251 0
100 242 251 0
162 319 251 0
15 69 251 0
114 262 251 0
268 86 251 0
1 L3
18 L3
182 314 519 0
278 173 519 0
576 256 519 0
474 57 519 0
46 211 519 0
86 244 519 0
200 348 519 0
151 127 519 0
542 184 519 0
379 110 519 0
213 267 519 0
54 50 519 0
493 223 519 0
371 339 519 0
440 168 519 0
24 315 519 0
234 125 519 0
309 59 519 0
1 U2
100 0 34 202
18 U2
100 0 341 197
100 0 178 62
100 0 56 276
100 0 431 87
100 0 547 220
100 0 44 349
100 0 387 193
100 0 243 68
100 0 417 165
100 0 506 346
100 0 572 111
100 0 329 252
100 0 565 241
100 0 38 323
100 0 590 104
100 0 532 162
100 0 596 71
100 0 551 183
1 U4
341 0 224 60
18 U4
341 0 86 105
341 0 15 116
341 0 61 300
341 0 514 131
341 0 93 212
341 0 509 220
341 0 129 102
341 0 244 242
341 0 379 230
341 0 136 344
341 0 553 119
341 0 451 166
341 0 180 344
341 0 587 284
341 0 514 83
341 0 369 249
341 0 192 167
341 0 274 311
8
323 314 44 164
182 314 332 306
331 287 517 136
278 173 498 53
530 220 503 267
576 256 393 337
78 123 522 192
474 57 66 308
