4
4
L1 324 0
U2 474 0
L3 180 0
U4 104 0
20
83 61
492 298
505 66
199 154
530 289
357 324
79 178
245 39
573 241
291 105
586 92
125 188
455 69
225 272
258 52
55 16
482 146
148 278
56 208
488 216
2 L1
18 L1
80 177 324 0
186 150 324 0
253 183 324 0
383 327 324 0
105 202 324 0
88 208 324 0
32 262 324 0
48 254 324 0
479 236 324 0
464 160 324 0
281 256 324 0
99 96 324 0
529 286 324 0
470 270 324 0
576 127 324 0
467 159 324 0
78 269 324 0
74 235 324 0
2 L3
18 L3
549 349 180 0
329 85 180 0
533 89 180 0
231 307 180 0
344 106 180 0
419 339 180 0
23 136 180 0
295 91 180 0
131 77 180 0
562 162 180 0
455 165 180 0
110 337 180 0
223 332 180 0
446 203 180 0
188 99 180 0
451 117 180 0
201 66 180 0
411 228 180 0
2 U2
474 0 3 139
474 0 137 112
18 U2
474 0 325 198
474 0 518 170
474 0 208 155
474 0 427 207
474 0 374 120
474 0 340 102
474 0 278 226
474 0 258 321
474 0 387 300
474 0 390 102
474 0 220 93
474 0 405 81
474 0 422 311
474 0 468 196
474 0 519 250
474 0 561 161
474 0 382 320
474 0 338 53
2 U4
104 0 490 303
104 0 146 188
18 U4
104 0 394 307
104 0 487 249
104 0 23 308
104 0 54 331
104 0 437 198
104 0 488 84
104 0 516 247
104 0 594 235
104 0 578 102
104 0 301 281
104 0 32 206
104 0 347 141
104 0 19 252
104 0 20 118
104 0 414 264
104 0 520 105
104 0 487 230
104 0 495 163
11
80 177 230 251
549 349 390 263
186 150 54 239
329 85 98 99
253 183 545 261
533 89 212 146
383 327 119 309
231 307 346 125
105 202 276 212
344 106 159 275
88 208 342 300
