3
3
L1 399 0
U2 236 0
L3 6 0
12
465 131
112 11
321 189
17 169
16 255
81 30
359 72
526 249
152 1
166 74
175 230
468 12
1 L1
22 L1
208 252 399 0
314 323 399 0
244 195 399 0
309 311 399 0
594 294 399 0
517 270 399 0
575 166 399 0
471 307 399 0
236 165 399 0
78 267 399 0
192 60 399 0
197 78 399 0
239 279 399 0
398 346 399 0
289 306 399 0
507 245 399 0
358 117 399 0
3 206 399 0
211 88 399 0
37 338 399 0
514 139 399 0
351 233 399 0
1 L3
22 L3
463 80 6 0
138 270 6 0
425 109 6 0
95 283 6 0
522 144 6 0
310 267 6 0
247 208 6 0
193 232 6 0
249 214 6 0
465 258 6 0
383 173 6 0
308 241 6 0
17 329 6 0
552 98 6 0
88 332 6 0
78 90 6 0
226 54 6 0
350 108 6 0
287 236 6 0
455 166 6 0
201 108 6 0
600 136 6 0
1 U2
236 0 49 250
22 U2
236 0 128 201
236 0 433 343
236 0 361 143
236 0 24 97
236 0 252 254
236 0 2 279
236 0 520 222
236 0 531 154
236 0 381 178
236 0 90 315
236 0 26 236
236 0 349 322
236 0 539 174
236 0 435 116
236 0 72 317
236 0 128 119
236 0 433 186
236 0 452 349
236 0 296 109
236 0 428 187
236 0 28 137
236 0 291 106
4
208 252 12 194
463 80 57 94
314 323 25 107
138 270 554 65
