5
4
L1 60 0
U2 446 0
L3 168 0
U4 574 0
20
219 286
456 159
506 145
262 194
441 127
390 120
145 118
284 86
531 337
351 335
461 89
200 168
405 56
13 311
191 149
154 200
247 281
161 136
138 156
7 85
2 L1
22 L1
42 246 60 0
266 73 60 0
575 234 60 0
440 107 60 0
552 305 60 0
243 299 60 0
32 75 60 0
481 116 60 0
114 54 60 0
596 67 60 0
451 194 60 0
144 269 60 0
63 123 60 0
153 99 60 0
193 148 60 0
596 243 60 0
253 88 60 0
19 278 60 0
113 215 60 0
93 259 60 0
376 194 60 0
351 61 60 0
2 L3
22 L3
58 185 168 0
349 278 168 0
191 300 168 0
539 350 168 0
393 287 168 0
306 267 168 0
351 197 168 0
138 159 168 0
281 335 168 0
543 283 168 0
193 78 168 0
30 227 168 0
570 240 168 0
15 151 168 0
73 51 168 0
146 204 168 0
591 124 168 0
415 164 168 0
526 166 168 0
345 330 168 0
478 127 168 0
494 280 168 0
2 U2
446 0 206 293
446 0 518 289
22 U2
446 0 104 245
446 0 61 102
446 0 481 219
446 0 124 320
446 0 247 84
446 0 533 175
446 0 246 192
446 0 360 243
446 0 57 200
446 0 275 278
446 0 588 293
446 0 594 243
446 0 66 259
446 0 84 199
446 0 14 238
446 0 384 175
446 0 573 100
446 0 74 239
446 0 227 239
446 0 43 208
446 0 146 241
446 0 138 257
2 U4
574 0 447 240
574 0 124 116
22 U4
574 0 524 79
574 0 348 172
574 0 112 63
574 0 148 106
574 0 37 138
574 0 453 325
574 0 61 106
574 0 171 340
574 0 499 307
574 0 96 131
574 0 382 146
574 0 575 58
574 0 87 241
574 0 282 174
574 0 212 282
574 0 269 292
574 0 30 76
574 0 350 106
574 0 457 305
574 0 513 88
574 0 456 259
574 0 260 288
14
42 246 130 317
58 185 73 58
266 73 277 64
349 278 79 260
575 234 178 136
191 300 18 315
440 107 571 207
539 350 234 118
552 305 531 138
393 287 267 66
243 299 235 115
306 267 332 134
32 75 347 225
351 197 299 60
