3
5
L1 276 0
U2 598 0
L3 64 0
U4 370 0
L5 255 0
15
127 213
495 81
562 293
3 78
45 173
6 237
568 127
268 212
154 178
428 260
526 237
397 193
236 49
516 88
475 326
1 L1
14 L1
243 235 276 0
311 230 276 0
249 92 276 0
404 246 276 0
456 223 276 0
495 292 276 0
74 346 276 0
382 311 276 0
415 63 276 0
98 74 276 0
373 54 276 0
507 324 276 0
570 202 276 0
7 72 276 0
1 L3
14 L3
92 114 64 0
337 222 64 0
559 192 64 0
504 147 64 0
386 195 64 0
133 270 64 0
441 255 64 0
137 201 64 0
37 259 64 0
116 66 64 0
280 112 64 0
447 304 64 0
91 325 64 0
338 68 64 0
1 L5
14 L5
590 98 255 0
550 155 255 0
562 129 255 0
576 295 255 0
436 136 255 0
208 250 255 0
435 138 255 0
460 198 255 0
524 106 255 0
559 197 255 0
472 163 255 0
43 119 255 0
469 116 255 0
135 239 255 0
1 U2
598 0 129 57
14 U2
598 0 54 249
598 0 562 224
598 0 348 188
598 0 370 284
598 0 554 307
598 0 447 324
598 0 571 295
598 0 44 133
598 0 435 336
598 0 269 97
598 0 165 65
598 0 235 260
598 0 37 55
598 0 487 179
1 U4
370 0 400 193
14 U4
370 0 222 221
370 0 52 269
370 0 585 286
370 0 98 183
370 0 509 198
370 0 87 172
370 0 470 307
370 0 5 88
370 0 598 327
370 0 196 99
370 0 297 290
370 0 397 331
370 0 434 133
370 0 460 139
7
243 235 469 52
92 114 73 154
590 98 180 149
311 230 115 257
337 222 501 165
550 155 84 138
249 92 108 70
