3
5
L1 417 0
U2 517 0
L3 84 0
U4 524 0
L5 168 0
25
85 100
243 71
186 89
454 181
192 198
39 92
470 33
144 280
138 134
129 348
539 346
31 101
305 223
446 9
348 32
157 210
168 166
466 243
471 53
167 44
204 308
183 71
424 299
215 204
470 164
1 L1
22 L1
579 68 417 0
325 152 417 0
116 291 417 0
341 206 417 0
1 194 417 0
346 299 417 0
130 268 417 0
250 221 417 0
72 291 417 0
255 298 417 0
370 332 417 0
233 331 417 0
473 296 417 0
533 88 417 0
547 108 417 0
456 192 417 0
476 187 417 0
508 281 417 0
16 172 417 0
106 261 417 0
597 69 417 0
10 110 417 0
1 L3
22 L3
41 69 84 0
255 346 84 0
188 148 84 0
133 120 84 0
419 256 84 0
322 171 84 0
430 140 84 0
308 124 84 0
193 335 84 0
169 137 84 0
358 251 84 0
545 152 84 0
465 239 84 0
112 169 84 0
67 313 84 0
139 313 84 0
478 300 84 0
147 306 84 0
226 158 84 0
31 341 84 0
32 265 84 0
23 316 84 0
1 L5
22 L5
164 123 168 0
184 275 168 0
51 156 168 0
43 93 168 0
487 314 168 0
388 196 168 0
536 238 168 0
197 99 168 0
469 161 168 0
107 86 168 0
180 347 168 0
315 266 168 0
133 126 168 0
345 122 168 0
154 271 168 0
431 273 168 0
352 284 168 0
585 270 168 0
89 201 168 0
311 342 168 0
46 76 168 0
232 250 168 0
1 U2
517 0 291 206
22 U2
517 0 355 338
517 0 425 185
517 0 327 337
517 0 226 235
517 0 460 130
517 0 552 203
517 0 597 79
517 0 99 148
517 0 187 208
517 0 143 242
517 0 153 215
517 0 480 146
517 0 588 157
517 0 65 74
517 0 480 306
517 0 544 253
517 0 441 148
517 0 369 330
517 0 49 350
517 0 509 168
517 0 470 249
517 0 211 165
1 U4
524 0 376 51
22 U4
524 0 503 342
524 0 370 68
524 0 331 282
524 0 268 210
524 0 184 108
524 0 577 64
524 0 246 109
524 0 507 74
524 0 481 309
524 0 257 185
524 0 339 127
524 0 546 346
524 0 425 285
524 0 247 272
524 0 240 333
524 0 222 189
524 0 494 110
524 0 28 170
524 0 596 77
524 0 137 63
524 0 274 117
524 0 305 111
6
579 68 366 329
41 69 86 119
164 123 348 77
325 152 197 163
255 346 41 105
184 275 179 258
