4
4
L1 4 0
U2 182 0
L3 122 0
U4 454 0
12
263 317
549 253
297 257
21 296
221 305
165 70
98 291
136 307
81 292
146 90
356 71
566 50
2 L1
14 L1
310 308 4 0
251 295 4 0
59 340 4 0
197 271 4 0
8 288 4 0
206 320 4 0
348 204 4 0
136 71 4 0
38 239 4 0
352 337 4 0
343 289 4 0
113 69 4 0
42 304 4 0
521 117 4 0
2 L3
14 L3
322 100 122 0
551 257 122 0
295 294 122 0
309 150 122 0
21 129 122 0
208 215 122 0
120 158 122 0
80 204 122 0
183 319 122 0
304 297 122 0
598 343 122 0
439 213 122 0
158 50 122 0
152 122 122 0
2 U2
182 0 542 301
182 0 584 240
14 U2
182 0 535 172
182 0 199 188
182 0 254 346
182 0 591 229
182 0 35 154
182 0 269 103
182 0 528 204
182 0 300 185
182 0 587 169
182 0 102 262
182 0 562 237
182 0 175 315
182 0 278 84
182 0 83 225
2 U4
454 0 161 262
454 0 453 258
14 U4
454 0 274 98
454 0 25 167
454 0 274 276
454 0 182 291
454 0 309 204
454 0 181 201
454 0 269 249
454 0 100 146
454 0 567 239
454 0 192 298
454 0 357 265
454 0 581 177
454 0 5 122
454 0 34 224
3
310 308 205 96
322 100 466 91
251 295 466 146
