3
4
L1 472 0
U2 536 0
L3 5 0
U4 429 0
16
398 95
460 16
35 42
67 99
99 52
101 48
106 59
595 318
303 307
561 139
150 215
76 347
23 44
309 343
26 93
329 288
1 L1
22 L1
159 254 472 0
295 158 472 0
224 124 472 0
217 53 472 0
188 283 472 0
204 292 472 0
556 306 472 0
527 263 472 0
19 261 472 0
244 276 472 0
594 331 472 0
249 146 472 0
30 212 472 0
142 318 472 0
403 74 472 0
71 342 472 0
417 133 472 0
36 184 472 0
541 294 472 0
162 184 472 0
595 327 472 0
489 274 472 0
1 L3
22 L3
244 185 5 0
186 50 5 0
430 142 5 0
232 265 5 0
96 226 5 0
231 344 5 0
199 317 5 0
132 163 5 0
426 213 5 0
300 313 5 0
479 224 5 0
55 346 5 0
70 163 5 0
131 316 5 0
290 69 5 0
33 254 5 0
586 73 5 0
415 107 5 0
429 204 5 0
78 213 5 0
442 213 5 0
165 60 5 0
1 U2
536 0 148 232
22 U2
536 0 428 99
536 0 303 214
536 0 216 310
536 0 153 97
536 0 566 342
536 0 572 289
536 0 438 58
536 0 458 74
536 0 38 223
536 0 92 81
536 0 158 279
536 0 362 102
536 0 369 322
536 0 350 102
536 0 289 268
536 0 554 344
536 0 215 330
536 0 161 256
536 0 475 348
536 0 291 321
536 0 58 132
536 0 23 180
1 U4
429 0 491 113
22 U4
429 0 91 200
429 0 176 97
429 0 600 250
429 0 78 231
429 0 148 232
429 0 437 95
429 0 156 249
429 0 297 350
429 0 67 334
429 0 394 59
429 0 533 130
429 0 95 324
429 0 364 260
429 0 443 120
429 0 593 222
429 0 600 132
429 0 41 242
429 0 208 288
429 0 39 298
429 0 524 109
429 0 149 221
429 0 277 236
5
159 254 379 74
244 185 551 240
295 158 512 234
186 50 564 339
224 124 463 166
