5
5
L1 6 0
U2 265 0
L3 486 0
U4 485 0
L5 250 0
25
482 33
283 222
222 304
421 56
268 94
157 7
232 35
465 62
278 40
569 27
467 182
173 131
74 150
319 191
237 250
257 109
137 55
247 116
204 284
500 301
515 276
122 19
506 7
588 52
78 206
2 L1
10 L1
95 293 6 0
486 232 6 0
274 183 6 0
213 332 6 0
446 246 6 0
404 267 6 0
243 349 6 0
66 274 6 0
112 60 6 0
5 265 6 0
2 L3
10 L3
135 258 486 0
44 86 486 0
564 224 486 0
598 188 486 0
408 234 486 0
388 61 486 0
450 92 486 0
229 233 486 0
452 324 486 0
208 52 486 0
2 L5
10 L5
65 134 250 0
140 199 250 0
468 68 250 0
356 166 250 0
566 173 250 0
23 132 250 0
409 67 250 0
457 321 250 0
69 174 250 0
0 207 250 0
2 U2
265 0 306 222
265 0 536 289
10 U2
265 0 407 157
265 0 152 144
265 0 456 274
265 0 204 329
265 0 573 148
265 0 214 139
265 0 114 56
265 0 352 230
265 0 485 156
265 0 46 153
2 U4
485 0 75 315
485 0 474 236
10 U4
485 0 516 280
485 0 228 146
485 0 484 166
485 0 277 175
485 0 54 50
485 0 322 178
485 0 481 345
485 0 555 215
485 0 259 111
485 0 305 130
5
95 293 434 168
135 258 289 137
65 134 195 50
486 232 600 234
44 86 540 310
