3
3
L1 148 0
U2 448 0
L3 176 0
15
118 114
588 215
419 82
37 288
439 10
538 328
260 89
178 248
209 326
373 190
176 56
273 135
257 221
393 256
178 247
1 L1
22 L1
113 185 148 0
40 117 148 0
367 182 148 0
3 288 148 0
271 224 148 0
405 264 148 0
415 95 148 0
231 167 148 0
497 189 148 0
79 51 148 0
437 232 148 0
304 278 148 0
146 317 148 0
327 181 148 0
109 178 148 0
556 117 148 0
538 342 148 0
376 197 148 0
182 114 148 0
455 83 148 0
318 123 148 0
145 158 148 0
1 L3
22 L3
356 314 176 0
33 321 176 0
295 236 176 0
14 167 176 0
37 325 176 0
225 59 176 0
60 97 176 0
135 345 176 0
149 103 176 0
244 151 176 0
199 286 176 0
345 275 176 0
488 286 176 0
477 142 176 0
437 306 176 0
276 140 176 0
423 348 176 0
582 171 176 0
472 160 176 0
10 271 176 0
345 279 176 0
487 330 176 0
1 U2
448 0 490 55
22 U2
448 0 471 241
448 0 306 218
448 0 252 127
448 0 26 336
448 0 453 321
448 0 397 124
448 0 457 342
448 0 71 249
448 0 12 324
448 0 241 292
448 0 485 102
448 0 336 261
448 0 493 285
448 0 176 305
448 0 326 69
448 0 308 220
448 0 541 321
448 0 183 327
448 0 111 85
448 0 185 141
448 0 123 127
448 0 279 97
4
113 185 278 188
356 314 68 137
40 117 520 324
33 321 256 343
