5
3
L1 39 0
U2 181 0
L3 294 0
12
449 28
321 294
551 4
136 272
546 49
598 342
2 341
472 8
88 184
297 4
241 19
324 187
2 L1
22 L1
25 110 39 0
588 79 39 0
486 249 39 0
101 305 39 0
136 116 39 0
57 105 39 0
130 220 39 0
88 306 39 0
71 194 39 0
497 250 39 0
547 140 39 0
295 84 39 0
447 184 39 0
53 82 39 0
594 67 39 0
544 135 39 0
35 70 39 0
317 231 39 0
520 110 39 0
401 199 39 0
521 346 39 0
431 83 39 0
2 L3
22 L3
200 122 294 0
312 254 294 0
130 144 294 0
235 134 294 0
571 292 294 0
22 251 294 0
23 231 294 0
49 224 294 0
541 257 294 0
348 112 294 0
519 139 294 0
11 290 294 0
203 250 294 0
201 114 294 0
543 139 294 0
17 330 294 0
346 265 294 0
464 332 294 0
129 342 294 0
303 264 294 0
379 345 294 0
192 311 294 0
2 U2
181 0 578 230
181 0 283 317
22 U2
181 0 327 122
181 0 587 249
181 0 508 166
181 0 323 112
181 0 366 304
181 0 85 53
181 0 75 291
181 0 375 320
181 0 540 188
181 0 458 74
181 0 277 319
181 0 563 122
181 0 394 116
181 0 101 201
181 0 326 310
181 0 369 319
181 0 2 259
181 0 449 102
181 0 174 248
181 0 72 181
181 0 358 349
181 0 55 256
7
25 110 120 207
200 122 281 248
588 79 128 189
312 254 569 139
486 249 384 82
130 144 265 322
101 305 292 195
