5
4
L1 274 0
U2 289 0
L3 356 0
U4 134 0
12
32 240
205 144
313 163
486 332
593 277
124 127
214 209
156 191
397 240
412 68
294 8
364 231
2 L1
14 L1
495 296 274 0
396 249 274 0
16 337 274 0
477 350 274 0
150 156 274 0
94 131 274 0
284 276 274 0
409 346 274 0
305 335 274 0
52 145 274 0
281 161 274 0
600 150 274 0
323 116 274 0
408 276 274 0
2 L3
14 L3
586 153 356 0
35 70 356 0
403 226 356 0
27 348 356 0
103 154 356 0
515 289 356 0
589 157 356 0
434 291 356 0
215 110 356 0
39 268 356 0
95 71 356 0
16 159 356 0
526 306 356 0
486 276 356 0
2 U2
289 0 207 177
289 0 344 319
14 U2
289 0 452 124
289 0 133 101
289 0 339 234
289 0 235 225
289 0 279 109
289 0 422 65
289 0 534 143
289 0 423 142
289 0 592 58
289 0 447 316
289 0 549 320
289 0 56 135
289 0 408 207
289 0 404 61
2 U4
134 0 46 103
134 0 387 147
14 U4
134 0 194 149
134 0 227 177
134 0 305 221
134 0 422 258
134 0 384 78
134 0 7 158
134 0 367 312
134 0 477 305
134 0 380 336
134 0 44 72
134 0 435 229
134 0 238 295
134 0 107 209
134 0 17 149
3
495 296 534 104
586 153 61 258
396 249 183 341
