5
4
L1 123 0
U2 348 0
L3 589 0
U4 147 0
16
75 219
158 12
472 247
213 281
197 14
331 324
600 223
68 81
227 106
177 150
301 86
564 14
495 262
396 318
394 158
394 148
2 L1
18 L1
236 248 123 0
161 60 123 0
94 242 123 0
32 164 123 0
417 346 123 0
88 82 123 0
218 342 123 0
378 308 123 0
173 229 123 0
49 53 123 0
298 349 123 0
257 287 123 0
16 339 123 0
298 235 123 0
224 190 123 0
536 173 123 0
233 178 123 0
316 303 123 0
2 L3
18 L3
27 206 589 0
327 260 589 0
262 331 589 0
351 74 589 0
408 236 589 0
321 97 589 0
4 219 589 0
420 157 589 0
524 107 589 0
344 137 589 0
68 174 589 0
443 324 589 0
589 51 589 0
477 111 589 0
157 183 589 0
243 180 589 0
587 113 589 0
116 64 589 0
2 U2
348 0 423 144
348 0 114 340
18 U2
348 0 418 217
348 0 160 264
348 0 25 60
348 0 480 161
348 0 83 333
348 0 564 172
348 0 516 219
348 0 252 330
348 0 458 114
348 0 275 206
348 0 556 330
348 0 123 200
348 0 393 275
348 0 73 126
348 0 39 112
348 0 577 167
348 0 368 142
348 0 174 173
2 U4
147 0 80 71
147 0 15 163
18 U4
147 0 425 328
147 0 270 151
147 0 81 310
147 0 215 56
147 0 120 52
147 0 371 300
147 0 493 180
147 0 285 210
147 0 247 169
147 0 562 247
147 0 509 345
147 0 596 252
147 0 76 93
147 0 570 88
147 0 506 214
147 0 232 323
147 0 240 236
147 0 378 249
4
236 248 30 246
27 206 560 249
161 60 190 166
327 260 88 76
