3
5
L1 570 0
U2 274 0
L3 82 0
U4 552 0
L5 264 0
20
156 329
592 24
42 312
52 33
299 109
291 90
274 151
498 293
465 310
350 203
124 46
51 168
435 258
46 253
191 216
87 168
23 65
316 322
3 150
561 324
1 L1
14 L1
160 119 570 0
342 91 570 0
449 132 570 0
459 277 570 0
596 217 570 0
451 321 570 0
41 89 570 0
338 212 570 0
377 274 570 0
532 315 570 0
292 330 570 0
1 142 570 0
388 246 570 0
37 122 570 0
1 L3
14 L3
21 290 82 0
270 229 82 0
327 223 82 0
119 73 82 0
429 97 82 0
279 238 82 0
45 349 82 0
583 234 82 0
94 64 82 0
248 196 82 0
548 277 82 0
46 293 82 0
55 237 82 0
51 171 82 0
1 L5
14 L5
271 280 264 0
67 69 264 0
162 207 264 0
286 113 264 0
430 239 264 0
550 289 264 0
16 281 264 0
45 323 264 0
577 329 264 0
117 237 264 0
458 94 264 0
366 285 264 0
243 55 264 0
331 331 264 0
1 U2
274 0 323 209
14 U2
274 0 379 192
274 0 113 282
274 0 129 88
274 0 593 120
274 0 24 284
274 0 401 83
274 0 133 114
274 0 59 291
274 0 426 116
274 0 256 130
274 0 106 161
274 0 248 250
274 0 281 178
274 0 269 150
1 U4
552 0 352 160
14 U4
552 0 451 303
552 0 165 126
552 0 204 71
552 0 10 237
552 0 307 318
552 0 266 202
552 0 168 312
552 0 339 230
552 0 466 336
552 0 476 95
552 0 157 102
552 0 123 301
552 0 223 202
552 0 499 185
4
160 119 196 175
21 290 142 297
271 280 297 196
342 91 123 68
