5
5
L1 237 0
U2 32 0
L3 209 0
U4 73 0
L5 127 0
25
558 346
452 323
158 134
488 65
70 145
354 246
115 137
224 93
447 269
356 33
530 221
68 101
82 349
574 331
468 284
461 99
195 339
76 350
560 74
306 103
400 148
128 303
312 34
280 239
319 97
2 L1
22 L1
309 345 237 0
91 192 237 0
450 261 237 0
59 287 237 0
238 128 237 0
26 118 237 0
158 126 237 0
29 272 237 0
266 176 237 0
15 145 237 0
328 203 237 0
229 196 237 0
236 210 237 0
126 278 237 0
329 117 237 0
535 140 237 0
262 333 237 0
527 206 237 0
393 170 237 0
407 203 237 0
248 292 237 0
230 177 237 0
2 L3
22 L3
560 212 209 0
320 233 209 0
55 90 209 0
491 213 209 0
370 191 209 0
107 166 209 0
27 76 209 0
550 281 209 0
570 280 209 0
206 88 209 0
579 83 209 0
16 259 209 0
199 248 209 0
337 157 209 0
580 196 209 0
181 238 209 0
222 99 209 0
338 344 209 0
157 54 209 0
323 271 209 0
368 150 209 0
158 203 209 0
2 L5
22 L5
21 242 127 0
582 253 127 0
8 252 127 0
315 62 127 0
410 70 127 0
246 248 127 0
110 188 127 0
482 109 127 0
197 61 127 0
180 63 127 0
358 123 127 0
235 184 127 0
24 100 127 0
141 277 127 0
488 161 127 0
466 237 127 0
2 319 127 0
236 137 127 0
133 345 127 0
189 126 127 0
434 134 127 0
434 284 127 0
2 U2
32 0 532 177
32 0 348 310
22 U2
32 0 433 225
32 0 243 337
32 0 368 79
32 0 581 337
32 0 198 321
32 0 444 95
32 0 258 74
32 0 521 169
32 0 212 321
32 0 495 192
32 0 132 71
32 0 513 196
32 0 262 76
32 0 72 215
32 0 205 140
32 0 266 141
32 0 595 180
32 0 5 122
32 0 508 322
32 0 357 104
32 0 47 140
32 0 232 324
2 U4
73 0 522 251
73 0 139 76
22 U4
73 0 61 70
73 0 216 291
73 0 466 102
73 0 136 140
73 0 180 158
73 0 477 286
73 0 90 266
73 0 134 202
73 0 247 331
73 0 469 185
73 0 144 261
73 0 439 349
73 0 174 312
73 0 429 211
73 0 488 89
73 0 5 121
73 0 316 94
73 0 453 112
73 0 520 130
73 0 83 244
73 0 562 272
73 0 233 132
11
309 345 263 170
560 212 124 330
21 242 58 119
91 192 359 120
320 233 60 102
582 253 58 331
450 261 83 301
55 90 63 269
8 252 228 289
59 287 71 144
491 213 594 212
