4
4
L1 62 0
U2 137 0
L3 230 0
U4 545 0
20
405 271
516 225
464 197
572 162
4 346
34 147
46 258
82 4
435 283
517 280
430 305
44 224
583 144
93 271
378 349
503 164
518 43
440 20
207 208
196 296
2 L1
18 L1
235 110 62 0
464 343 62 0
511 185 62 0
334 109 62 0
565 198 62 0
128 328 62 0
231 108 62 0
148 94 62 0
483 109 62 0
571 187 62 0
518 122 62 0
251 183 62 0
550 269 62 0
321 148 62 0
217 107 62 0
443 237 62 0
239 201 62 0
489 171 62 0
2 L3
18 L3
97 347 230 0
443 327 230 0
140 184 230 0
435 238 230 0
451 289 230 0
565 158 230 0
137 285 230 0
123 249 230 0
359 325 230 0
527 256 230 0
471 339 230 0
388 183 230 0
544 55 230 0
31 201 230 0
215 224 230 0
457 304 230 0
1 337 230 0
384 125 230 0
2 U2
137 0 143 221
137 0 545 167
18 U2
137 0 284 300
137 0 425 120
137 0 349 251
137 0 130 138
137 0 213 55
137 0 191 112
137 0 277 178
137 0 24 120
137 0 12 65
137 0 134 348
137 0 315 167
137 0 481 338
137 0 377 77
137 0 29 136
137 0 355 302
137 0 347 249
137 0 161 340
137 0 10 165
2 U4
545 0 485 156
545 0 122 336
18 U4
545 0 426 155
545 0 484 89
545 0 267 306
545 0 103 276
545 0 74 242
545 0 587 315
545 0 368 310
545 0 187 75
545 0 139 275
545 0 148 326
545 0 473 322
545 0 102 340
545 0 146 329
545 0 235 308
545 0 326 135
545 0 56 70
545 0 375 211
545 0 424 314
8
235 110 334 146
97 347 289 150
464 343 309 84
443 327 380 201
511 185 364 213
140 184 434 310
334 109 295 136
435 238 478 246
