3
5
L1 178 0
U2 15 0
L3 78 0
U4 504 0
L5 170 0
15
247 141
309 288
244 95
532 333
551 196
132 184
16 346
567 241
252 329
104 291
550 134
81 237
341 275
424 172
218 75
1 L1
22 L1
555 87 178 0
414 99 178 0
479 153 178 0
273 328 178 0
489 90 178 0
128 150 178 0
274 240 178 0
23 191 178 0
434 307 178 0
356 302 178 0
316 325 178 0
216 319 178 0
342 99 178 0
356 250 178 0
268 162 178 0
281 343 178 0
149 328 178 0
39 104 178 0
261 105 178 0
424 163 178 0
397 78 178 0
426 177 178 0
1 L3
22 L3
522 254 78 0
114 271 78 0
489 142 78 0
110 338 78 0
526 174 78 0
177 188 78 0
251 206 78 0
362 336 78 0
594 170 78 0
166 186 78 0
441 216 78 0
344 282 78 0
263 319 78 0
163 100 78 0
573 281 78 0
573 213 78 0
404 176 78 0
573 288 78 0
391 206 78 0
198 108 78 0
436 281 78 0
503 290 78 0
1 L5
22 L5
268 147 170 0
118 126 170 0
532 53 170 0
373 153 170 0
438 236 170 0
286 212 170 0
360 200 170 0
402 189 170 0
172 267 170 0
259 142 170 0
373 335 170 0
359 147 170 0
96 290 170 0
329 148 170 0
120 316 170 0
544 225 170 0
19 340 170 0
291 253 170 0
393 68 170 0
332 139 170 0
160 294 170 0
342 236 170 0
1 U2
15 0 483 98
22 U2
15 0 34 68
15 0 226 335
15 0 439 50
15 0 112 162
15 0 189 189
15 0 570 164
15 0 272 305
15 0 182 307
15 0 206 68
15 0 276 93
15 0 405 343
15 0 243 250
15 0 407 326
15 0 47 220
15 0 80 269
15 0 344 179
15 0 10 103
15 0 40 311
15 0 297 204
15 0 391 141
15 0 539 259
15 0 558 300
1 U4
504 0 525 147
22 U4
504 0 259 350
504 0 331 259
504 0 356 176
504 0 199 75
504 0 393 155
504 0 132 197
504 0 358 253
504 0 586 78
504 0 185 57
504 0 393 130
504 0 342 66
504 0 332 276
504 0 34 304
504 0 133 337
504 0 172 249
504 0 372 315
504 0 323 53
504 0 250 135
504 0 260 294
504 0 42 67
504 0 387 70
504 0 282 302
6
555 87 13 89
522 254 411 117
268 147 543 310
414 99 190 299
114 271 350 158
118 126 128 173
