3
3
L1 474 0
U2 468 0
L3 277 0
12
599 264
381 266
77 304
336 286
432 125
434 177
497 282
199 67
249 307
123 174
185 81
551 41
1 L1
18 L1
323 325 474 0
251 318 474 0
539 175 474 0
60 214 474 0
203 336 474 0
366 91 474 0
553 323 474 0
595 331 474 0
206 107 474 0
282 284 474 0
318 63 474 0
400 53 474 0
18 294 474 0
148 307 474 0
570 129 474 0
570 134 474 0
213 349 474 0
504 314 474 0
1 L3
18 L3
5 304 277 0
558 64 277 0
85 181 277 0
140 240 277 0
183 180 277 0
70 151 277 0
7 55 277 0
370 245 277 0
95 232 277 0
326 135 277 0
100 83 277 0
62 180 277 0
263 261 277 0
392 63 277 0
148 155 277 0
62 119 277 0
576 301 277 0
433 333 277 0
1 U2
468 0 356 62
18 U2
468 0 563 322
468 0 204 98
468 0 263 308
468 0 484 236
468 0 599 54
468 0 492 346
468 0 394 339
468 0 221 272
468 0 280 302
468 0 411 71
468 0 453 326
468 0 405 268
468 0 214 191
468 0 493 209
468 0 599 314
468 0 163 188
468 0 559 174
468 0 576 53
6
323 325 596 162
5 304 278 134
251 318 240 232
558 64 228 320
539 175 579 235
85 181 256 118
