4
6
L1 252 0
U2 132 0
L3 540 0
U4 91 0
L5 78 0
U6 494 0
18
83 236
401 91
546 329
106 149
160 319
353 48
224 223
391 105
357 331
74 282
369 179
175 186
189 88
78 31
251 62
314 246
501 329
382 335
2 L1
14 L1
237 342 252 0
392 218 252 0
370 59 252 0
4 196 252 0
510 194 252 0
296 291 252 0
350 120 252 0
549 193 252 0
450 334 252 0
320 175 252 0
192 225 252 0
236 145 252 0
182 99 252 0
426 109 252 0
2 L3
14 L3
380 100 540 0
221 338 540 0
176 57 540 0
428 318 540 0
417 291 540 0
375 298 540 0
451 211 540 0
488 165 540 0
247 172 540 0
232 346 540 0
116 172 540 0
424 162 540 0
548 292 540 0
88 56 540 0
2 L5
14 L5
465 301 78 0
74 346 78 0
409 70 78 0
543 283 78 0
562 228 78 0
326 78 78 0
128 79 78 0
227 166 78 0
40 230 78 0
238 291 78 0
364 261 78 0
592 234 78 0
445 266 78 0
33 220 78 0
2 U2
132 0 303 252
132 0 419 248
14 U2
132 0 541 130
132 0 328 186
132 0 146 208
132 0 367 121
132 0 583 275
132 0 146 195
132 0 231 299
132 0 565 206
132 0 252 160
132 0 31 310
132 0 32 165
132 0 314 306
132 0 327 163
132 0 383 284
2 U4
91 0 105 183
91 0 381 202
14 U4
91 0 286 312
91 0 299 235
91 0 561 307
91 0 560 311
91 0 241 151
91 0 281 157
91 0 362 164
91 0 340 55
91 0 251 252
91 0 571 281
91 0 252 339
91 0 523 350
91 0 576 72
91 0 437 214
2 U6
494 0 556 255
494 0 483 258
14 U6
494 0 235 232
494 0 382 117
494 0 525 174
494 0 109 328
494 0 177 101
494 0 144 195
494 0 471 166
494 0 497 208
494 0 252 101
494 0 473 247
494 0 390 311
494 0 180 274
494 0 365 236
494 0 464 241
13
237 342 554 64
380 100 88 211
465 301 315 253
392 218 41 178
221 338 429 349
74 346 2 237
370 59 510 132
176 57 449 325
409 70 566 157
4 196 7 343
428 318 498 126
543 283 536 163
510 194 202 208
