5
6
L1 80 0
U2 248 0
L3 343 0
U4 501 0
L5 18 0
U6 197 0
30
167 65
293 57
148 218
26 226
214 132
22 8
487 32
329 185
329 24
245 301
427 292
13 108
113 79
470 232
153 102
232 280
560 69
451 17
29 332
531 272
249 136
259 319
300 306
314 254
67 95
309 204
381 244
335 285
185 243
482 230
2 L1
22 L1
164 296 80 0
424 131 80 0
306 188 80 0
321 237 80 0
407 314 80 0
318 290 80 0
578 177 80 0
54 143 80 0
546 56 80 0
509 206 80 0
355 62 80 0
193 88 80 0
26 224 80 0
187 155 80 0
93 143 80 0
556 335 80 0
77 217 80 0
196 209 80 0
132 135 80 0
64 85 80 0
150 239 80 0
586 211 80 0
2 L3
22 L3
418 186 343 0
248 286 343 0
160 102 343 0
222 133 343 0
217 127 343 0
307 132 343 0
253 170 343 0
519 219 343 0
528 116 343 0
249 82 343 0
38 234 343 0
74 256 343 0
182 175 343 0
524 138 343 0
270 196 343 0
258 153 343 0
281 212 343 0
532 189 343 0
496 228 343 0
200 106 343 0
372 259 343 0
127 93 343 0
2 L5
22 L5
347 145 18 0
312 123 18 0
409 323 18 0
545 63 18 0
423 189 18 0
39 188 18 0
371 84 18 0
158 327 18 0
70 131 18 0
306 324 18 0
394 115 18 0
580 58 18 0
374 258 18 0
418 55 18 0
471 91 18 0
255 311 18 0
170 125 18 0
220 237 18 0
353 326 18 0
146 213 18 0
182 141 18 0
47 118 18 0
2 U2
248 0 62 344
248 0 389 244
22 U2
248 0 99 81
248 0 483 59
248 0 89 211
248 0 224 296
248 0 263 140
248 0 221 305
248 0 557 103
248 0 0 136
248 0 346 59
248 0 557 191
248 0 515 321
248 0 381 97
248 0 153 236
248 0 454 192
248 0 396 234
248 0 222 133
248 0 294 340
248 0 409 159
248 0 567 215
248 0 140 327
248 0 361 226
248 0 593 131
2 U4
501 0 565 156
501 0 217 267
22 U4
501 0 272 123
501 0 237 233
501 0 317 119
501 0 343 129
501 0 272 161
501 0 222 139
501 0 195 182
501 0 487 165
501 0 525 195
501 0 48 56
501 0 305 188
501 0 548 278
501 0 304 51
501 0 375 244
501 0 9 175
501 0 576 215
501 0 397 120
501 0 96 235
501 0 199 65
501 0 147 82
501 0 278 91
501 0 355 119
2 U6
197 0 439 243
197 0 522 257
22 U6
197 0 28 154
197 0 486 109
197 0 79 212
197 0 43 223
197 0 573 331
197 0 263 52
197 0 282 258
197 0 454 265
197 0 199 289
197 0 592 161
197 0 251 242
197 0 320 284
197 0 480 128
197 0 88 130
197 0 548 285
197 0 162 186
197 0 300 218
197 0 93 83
197 0 94 80
197 0 567 292
197 0 282 226
197 0 121 169
7
164 296 540 189
418 186 427 157
347 145 82 109
424 131 144 225
248 286 245 324
312 123 592 167
306 188 527 232
