3
4
L1 531 0
U2 387 0
L3 58 0
U4 210 0
12
29 63
320 120
589 160
138 84
349 185
462 295
296 205
547 340
355 347
162 93
378 16
326 163
1 L1
18 L1
133 221 531 0
404 119 531 0
419 126 531 0
381 138 531 0
543 156 531 0
35 164 531 0
452 156 531 0
378 281 531 0
228 232 531 0
251 142 531 0
344 220 531 0
598 198 531 0
117 323 531 0
154 186 531 0
436 273 531 0
34 308 531 0
250 107 531 0
259 77 531 0
1 L3
18 L3
513 203 58 0
545 160 58 0
519 152 58 0
30 159 58 0
342 174 58 0
537 284 58 0
18 280 58 0
310 253 58 0
29 65 58 0
319 264 58 0
478 68 58 0
556 115 58 0
280 61 58 0
251 74 58 0
240 301 58 0
311 260 58 0
465 181 58 0
393 257 58 0
1 U2
387 0 319 298
18 U2
387 0 226 197
387 0 368 157
387 0 294 150
387 0 236 163
387 0 43 100
387 0 280 313
387 0 514 113
387 0 354 123
387 0 326 71
387 0 88 239
387 0 199 137
387 0 544 206
387 0 577 247
387 0 591 286
387 0 164 311
387 0 584 171
387 0 421 328
387 0 485 145
1 U4
210 0 488 146
18 U4
210 0 147 64
210 0 290 255
210 0 189 208
210 0 500 87
210 0 432 231
210 0 315 231
210 0 520 187
210 0 4 271
210 0 482 243
210 0 479 344
210 0 100 149
210 0 122 254
210 0 329 80
210 0 115 143
210 0 546 85
210 0 202 277
210 0 241 93
210 0 12 300
8
133 221 197 269
513 203 375 244
404 119 192 327
545 160 529 133
419 126 45 50
519 152 541 341
381 138 156 112
30 159 498 319
