4
4
L1 23 0
U2 481 0
L3 44 0
U4 278 0
12
351 87
387 62
275 162
586 125
169 148
526 49
189 31
229 134
559 7
149 126
374 57
571 225
2 L1
22 L1
464 80 23 0
349 147 23 0
555 62 23 0
494 241 23 0
369 95 23 0
405 339 23 0
253 327 23 0
348 138 23 0
482 192 23 0
89 211 23 0
360 301 23 0
226 342 23 0
552 342 23 0
241 250 23 0
67 298 23 0
128 138 23 0
92 141 23 0
150 264 23 0
71 162 23 0
183 212 23 0
325 149 23 0
279 234 23 0
2 L3
22 L3
136 122 44 0
83 120 44 0
22 74 44 0
319 119 44 0
515 179 44 0
523 69 44 0
365 140 44 0
127 233 44 0
373 309 44 0
284 287 44 0
123 124 44 0
44 197 44 0
400 203 44 0
54 317 44 0
357 211 44 0
194 193 44 0
579 275 44 0
474 238 44 0
223 335 44 0
559 154 44 0
255 158 44 0
186 83 44 0
2 U2
481 0 1 294
481 0 104 168
22 U2
481 0 367 317
481 0 415 345
481 0 485 220
481 0 596 203
481 0 515 119
481 0 118 186
481 0 13 170
481 0 58 56
481 0 96 89
481 0 16 290
481 0 75 301
481 0 170 342
481 0 308 66
481 0 204 288
481 0 42 242
481 0 186 185
481 0 585 101
481 0 452 343
481 0 196 88
481 0 92 275
481 0 35 267
481 0 416 345
2 U4
278 0 310 175
278 0 315 309
22 U4
278 0 594 231
278 0 193 270
278 0 182 53
278 0 179 56
278 0 482 306
278 0 540 266
278 0 474 281
278 0 546 274
278 0 345 311
278 0 411 224
278 0 127 161
278 0 90 105
278 0 65 207
278 0 476 72
278 0 48 72
278 0 298 304
278 0 25 316
278 0 266 78
278 0 600 96
278 0 155 227
278 0 199 178
278 0 418 61
14
464 80 587 300
136 122 458 166
349 147 228 215
83 120 477 263
555 62 276 259
22 74 578 174
494 241 410 302
319 119 247 304
369 95 327 308
515 179 324 144
405 339 100 181
523 69 127 54
253 327 345 339
365 140 160 78
