4
6
L1 98 0
U2 370 0
L3 223 0
U4 28 0
L5 551 0
U6 131 0
24
156 346
372 79
548 228
144 273
34 47
41 245
360 267
519 14
115 289
175 138
30 305
593 94
128 122
347 327
342 110
40 53
80 179
471 82
388 69
116 74
502 174
599 83
9 87
559 91
2 L1
10 L1
281 99 98 0
187 319 98 0
530 191 98 0
350 78 98 0
591 310 98 0
33 158 98 0
344 72 98 0
361 269 98 0
46 140 98 0
124 135 98 0
2 L3
10 L3
264 194 223 0
324 161 223 0
127 124 223 0
356 346 223 0
437 174 223 0
333 327 223 0
579 232 223 0
31 241 223 0
332 79 223 0
460 188 223 0
2 L5
10 L5
386 101 551 0
347 136 551 0
276 312 551 0
539 190 551 0
548 241 551 0
210 237 551 0
462 98 551 0
330 81 551 0
251 50 551 0
189 272 551 0
2 U2
370 0 140 228
370 0 355 264
10 U2
370 0 565 287
370 0 464 276
370 0 62 305
370 0 45 241
370 0 392 157
370 0 16 109
370 0 407 218
370 0 405 151
370 0 303 299
370 0 112 55
2 U4
28 0 413 106
28 0 99 259
10 U4
28 0 258 89
28 0 512 307
28 0 120 115
28 0 137 188
28 0 348 70
28 0 175 240
28 0 81 210
28 0 0 149
28 0 66 74
28 0 332 252
2 U6
131 0 310 178
131 0 350 256
10 U6
131 0 553 156
131 0 148 154
131 0 458 321
131 0 190 275
131 0 186 164
131 0 117 119
131 0 231 122
131 0 141 268
131 0 254 178
131 0 169 317
3
281 99 312 90
264 194 526 213
386 101 534 245
