4
6
L1 445 0
U2 29 0
L3 443 0
U4 392 0
L5 479 0
U6 177 0
18
542 2
447 129
177 3
433 107
47 262
36 17
70 321
177 269
126 275
120 95
189 28
49 69
273 265
506 325
66 29
143 97
113 130
24 26
2 L1
10 L1
356 64 445 0
327 256 445 0
460 222 445 0
444 279 445 0
518 249 445 0
417 58 445 0
208 335 445 0
450 199 445 0
373 139 445 0
229 276 445 0
2 L3
10 L3
203 110 443 0
525 190 443 0
51 211 443 0
243 241 443 0
104 186 443 0
207 80 443 0
600 300 443 0
367 95 443 0
212 274 443 0
33 95 443 0
2 L5
10 L5
232 89 479 0
347 230 479 0
301 153 479 0
297 316 479 0
57 92 479 0
161 323 479 0
210 163 479 0
220 261 479 0
534 287 479 0
591 96 479 0
2 U2
29 0 46 334
29 0 44 195
10 U2
29 0 172 266
29 0 200 327
29 0 229 328
29 0 82 83
29 0 421 115
29 0 600 274
29 0 569 114
29 0 59 247
29 0 65 243
29 0 151 254
2 U4
392 0 70 278
392 0 514 272
10 U4
392 0 380 219
392 0 124 222
392 0 310 135
392 0 467 145
392 0 588 273
392 0 38 270
392 0 255 136
392 0 383 189
392 0 485 137
392 0 66 129
2 U6
177 0 418 62
177 0 303 62
10 U6
177 0 346 326
177 0 236 274
177 0 458 238
177 0 475 108
177 0 509 341
177 0 271 153
177 0 379 250
177 0 99 330
177 0 255 193
177 0 561 258
6
356 64 243 305
203 110 248 102
232 89 77 244
327 256 418 265
525 190 348 136
347 230 43 253
