3
5
L1 411 0
U2 62 0
L3 375 0
U4 402 0
L5 411 0
15
561 306
600 97
26 344
583 92
268 26
137 99
463 271
497 59
431 182
302 140
497 38
260 223
477 102
569 177
582 67
1 L1
10 L1
416 79 411 0
552 271 411 0
187 238 411 0
215 51 411 0
276 148 411 0
565 114 411 0
216 309 411 0
197 203 411 0
303 296 411 0
533 200 411 0
1 L3
10 L3
133 129 375 0
209 350 375 0
316 120 375 0
568 302 375 0
302 215 375 0
274 183 375 0
405 100 375 0
84 347 375 0
191 335 375 0
582 194 375 0
1 L5
10 L5
265 221 411 0
336 126 411 0
417 97 411 0
320 242 411 0
116 172 411 0
589 252 411 0
75 320 411 0
257 277 411 0
468 257 411 0
159 298 411 0
1 U2
62 0 290 233
10 U2
62 0 430 214
62 0 78 274
62 0 26 229
62 0 575 229
62 0 164 157
62 0 261 237
62 0 295 100
62 0 530 344
62 0 270 270
62 0 22 67
1 U4
402 0 363 222
10 U4
402 0 484 83
402 0 242 323
402 0 545 82
402 0 68 248
402 0 209 138
402 0 550 317
402 0 372 318
402 0 366 99
402 0 1 321
402 0 224 95
3
416 79 40 318
133 129 309 266
265 221 187 301
