3
4
L1 371 0
U2 321 0
L3 220 0
U4 224 0
12
574 237
463 348
111 109
139 250
253 47
209 151
600 200
588 42
248 178
550 38
524 126
242 118
1 L1
22 L1
578 195 371 0
568 208 371 0
274 222 371 0
293 209 371 0
492 301 371 0
457 278 371 0
15 299 371 0
228 317 371 0
547 201 371 0
569 145 371 0
466 305 371 0
232 209 371 0
594 300 371 0
449 311 371 0
117 246 371 0
473 81 371 0
468 235 371 0
373 349 371 0
66 234 371 0
67 317 371 0
393 260 371 0
478 339 371 0
1 L3
22 L3
589 308 220 0
144 267 220 0
379 317 220 0
266 86 220 0
384 154 220 0
152 185 220 0
577 154 220 0
538 261 220 0
590 306 220 0
131 346 220 0
126 306 220 0
287 277 220 0
549 84 220 0
171 343 220 0
183 100 220 0
405 195 220 0
81 227 220 0
219 172 220 0
323 125 220 0
326 146 220 0
267 69 220 0
473 303 220 0
1 U2
321 0 367 327
22 U2
321 0 188 186
321 0 51 324
321 0 194 65
321 0 444 207
321 0 204 92
321 0 498 218
321 0 68 348
321 0 368 207
321 0 300 176
321 0 581 285
321 0 595 83
321 0 522 327
321 0 555 220
321 0 523 269
321 0 489 56
321 0 96 331
321 0 439 140
321 0 299 99
321 0 261 306
321 0 483 97
321 0 392 213
321 0 22 321
1 U4
224 0 281 262
22 U4
224 0 298 220
224 0 477 74
224 0 366 338
224 0 398 100
224 0 251 51
224 0 251 265
224 0 161 331
224 0 285 301
224 0 47 97
224 0 598 190
224 0 565 139
224 0 157 59
224 0 342 232
224 0 341 84
224 0 143 61
224 0 350 250
224 0 261 167
224 0 512 174
224 0 336 131
224 0 15 217
224 0 54 310
224 0 482 259
14
578 195 474 178
589 308 87 319
568 208 503 167
144 267 483 262
274 222 126 348
379 317 145 72
293 209 322 193
266 86 503 103
492 301 583 269
384 154 134 99
457 278 502 134
152 185 332 182
15 299 229 144
577 154 219 214
