5
6
L1 79 0
U2 89 0
L3 469 0
U4 281 0
L5 216 0
U6 477 0
24
446 51
430 248
399 271
515 219
279 248
134 229
499 333
502 314
202 39
425 342
418 154
19 64
78 39
562 4
331 339
250 116
502 339
388 215
338 61
392 62
478 191
531 191
484 196
218 249
2 L1
22 L1
508 165 79 0
394 110 79 0
92 217 79 0
322 129 79 0
508 302 79 0
516 74 79 0
241 104 79 0
169 195 79 0
115 163 79 0
56 139 79 0
598 181 79 0
11 212 79 0
439 188 79 0
531 61 79 0
355 181 79 0
10 85 79 0
275 158 79 0
497 199 79 0
556 78 79 0
218 152 79 0
570 103 79 0
35 141 79 0
2 L3
22 L3
531 301 469 0
307 127 469 0
582 56 469 0
553 266 469 0
190 114 469 0
40 96 469 0
499 137 469 0
12 147 469 0
382 303 469 0
223 334 469 0
307 332 469 0
524 84 469 0
571 90 469 0
579 92 469 0
479 347 469 0
590 292 469 0
502 248 469 0
550 89 469 0
304 90 469 0
143 311 469 0
558 162 469 0
507 316 469 0
2 L5
22 L5
263 317 216 0
43 236 216 0
403 52 216 0
362 214 216 0
23 294 216 0
216 206 216 0
286 329 216 0
442 144 216 0
421 208 216 0
186 141 216 0
584 136 216 0
194 242 216 0
474 313 216 0
92 64 216 0
183 154 216 0
464 175 216 0
170 218 216 0
580 167 216 0
356 161 216 0
384 245 216 0
12 250 216 0
347 121 216 0
2 U2
89 0 248 78
89 0 78 307
22 U2
89 0 344 326
89 0 447 160
89 0 394 116
89 0 600 92
89 0 579 234
89 0 277 165
89 0 11 271
89 0 357 95
89 0 547 63
89 0 573 114
89 0 241 109
89 0 68 193
89 0 64 254
89 0 149 161
89 0 113 261
89 0 402 206
89 0 472 97
89 0 98 242
89 0 588 123
89 0 301 111
89 0 11 116
89 0 197 130
2 U4
281 0 289 209
281 0 11 99
22 U4
281 0 99 199
281 0 0 248
281 0 227 300
281 0 517 303
281 0 7 327
281 0 126 138
281 0 145 63
281 0 22 321
281 0 481 198
281 0 106 337
281 0 581 215
281 0 210 181
281 0 323 250
281 0 406 66
281 0 600 107
281 0 585 328
281 0 80 251
281 0 498 125
281 0 526 304
281 0 242 341
281 0 413 313
281 0 466 328
2 U6
477 0 330 201
477 0 548 80
22 U6
477 0 292 338
477 0 341 94
477 0 130 229
477 0 260 267
477 0 1 294
477 0 43 273
477 0 394 211
477 0 238 293
477 0 5 279
477 0 386 111
477 0 19 255
477 0 294 184
477 0 481 206
477 0 460 128
477 0 38 51
477 0 11 134
477 0 312 139
477 0 533 227
477 0 434 118
477 0 376 122
477 0 231 83
477 0 119 340
14
508 165 350 166
531 301 18 112
263 317 381 335
394 110 556 282
307 127 195 53
43 236 444 102
92 217 256 104
582 56 459 224
403 52 336 62
322 129 89 150
553 266 202 273
362 214 435 258
508 302 595 195
190 114 464 300
