4
5
L1 522 0
U2 248 0
L3 482 0
U4 188 0
L5 153 0
15
186 309
115 210
334 195
286 315
256 130
479 178
495 302
61 16
270 291
266 224
464 306
11 100
359 107
91 299
132 25
2 L1
14 L1
62 198 522 0
65 140 522 0
584 249 522 0
164 272 522 0
192 227 522 0
106 202 522 0
551 288 522 0
335 169 522 0
150 268 522 0
67 201 522 0
444 302 522 0
555 82 522 0
442 89 522 0
245 58 522 0
2 L3
14 L3
194 192 482 0
53 339 482 0
113 209 482 0
509 256 482 0
581 135 482 0
8 215 482 0
256 68 482 0
582 280 482 0
150 83 482 0
289 163 482 0
381 310 482 0
226 209 482 0
148 61 482 0
74 244 482 0
2 L5
14 L5
509 143 153 0
296 350 153 0
194 339 153 0
260 137 153 0
3 161 153 0
428 228 153 0
71 283 153 0
250 218 153 0
481 170 153 0
193 259 153 0
458 229 153 0
296 170 153 0
169 248 153 0
158 286 153 0
2 U2
248 0 457 333
248 0 566 63
14 U2
248 0 506 192
248 0 367 316
248 0 386 275
248 0 212 235
248 0 15 240
248 0 205 232
248 0 424 246
248 0 349 75
248 0 209 52
248 0 7 120
248 0 553 286
248 0 525 250
248 0 543 87
248 0 300 141
2 U4
188 0 62 106
188 0 472 113
14 U4
188 0 13 345
188 0 268 264
188 0 243 139
188 0 355 273
188 0 202 196
188 0 50 183
188 0 65 180
188 0 113 270
188 0 141 335
188 0 254 71
188 0 8 200
188 0 426 350
188 0 512 260
188 0 595 110
7
62 198 227 312
194 192 202 223
509 143 501 84
65 140 72 103
53 339 343 230
296 350 362 129
584 249 359 209
