5
6
L1 97 0
U2 140 0
L3 585 0
U4 529 0
L5 31 0
U6 10 0
18
265 139
76 257
349 66
157 1
111 261
262 10
348 144
199 108
103 64
48 344
312 179
568 292
396 327
590 32
218 37
335 283
468 195
477 202
2 L1
14 L1
16 120 97 0
255 56 97 0
220 108 97 0
4 52 97 0
345 132 97 0
399 334 97 0
561 305 97 0
17 152 97 0
462 322 97 0
253 81 97 0
142 171 97 0
569 212 97 0
309 252 97 0
283 302 97 0
2 L3
14 L3
319 283 585 0
202 98 585 0
480 125 585 0
536 278 585 0
10 182 585 0
557 182 585 0
3 194 585 0
472 69 585 0
244 113 585 0
414 108 585 0
103 53 585 0
600 306 585 0
577 112 585 0
34 325 585 0
2 L5
14 L5
149 264 31 0
348 238 31 0
376 254 31 0
295 263 31 0
442 250 31 0
461 207 31 0
33 210 31 0
142 283 31 0
288 57 31 0
417 171 31 0
280 133 31 0
85 336 31 0
497 229 31 0
492 344 31 0
2 U2
140 0 178 196
140 0 65 302
14 U2
140 0 70 154
140 0 466 300
140 0 121 203
140 0 303 102
140 0 566 107
140 0 513 76
140 0 242 156
140 0 589 128
140 0 312 185
140 0 24 156
140 0 196 79
140 0 287 60
140 0 64 104
140 0 16 235
2 U4
529 0 206 158
529 0 597 336
14 U4
529 0 158 146
529 0 305 82
529 0 410 305
529 0 478 111
529 0 507 278
529 0 107 176
529 0 381 57
529 0 179 68
529 0 289 119
529 0 38 274
529 0 169 84
529 0 405 269
529 0 588 56
529 0 112 283
2 U6
10 0 8 96
10 0 471 229
14 U6
10 0 528 255
10 0 92 164
10 0 258 344
10 0 548 163
10 0 442 208
10 0 159 202
10 0 148 233
10 0 555 238
10 0 508 153
10 0 490 206
10 0 54 239
10 0 235 345
10 0 12 80
10 0 159 325
9
16 120 276 165
319 283 82 124
149 264 131 278
255 56 255 286
202 98 20 50
348 238 578 209
220 108 371 250
480 125 141 256
376 254 466 167
