3
5
L1 102 0
U2 166 0
L3 498 0
U4 210 0
L5 429 0
15
293 156
392 16
389 132
455 111
346 51
195 10
534 23
496 95
382 198
516 255
414 205
580 232
36 162
306 98
322 20
1 L1
18 L1
438 309 102 0
358 126 102 0
70 328 102 0
600 195 102 0
139 284 102 0
216 76 102 0
464 205 102 0
473 316 102 0
126 82 102 0
126 91 102 0
217 198 102 0
167 293 102 0
475 282 102 0
214 149 102 0
397 318 102 0
217 62 102 0
129 81 102 0
429 144 102 0
1 L3
18 L3
403 224 498 0
207 183 498 0
219 334 498 0
239 285 498 0
547 165 498 0
573 246 498 0
147 205 498 0
389 257 498 0
593 342 498 0
186 126 498 0
441 159 498 0
52 172 498 0
3 308 498 0
137 329 498 0
466 201 498 0
72 213 498 0
22 72 498 0
381 105 498 0
1 L5
18 L5
405 116 429 0
13 228 429 0
565 162 429 0
399 188 429 0
570 254 429 0
557 86 429 0
557 154 429 0
447 314 429 0
221 221 429 0
595 68 429 0
43 254 429 0
32 348 429 0
257 96 429 0
372 242 429 0
382 303 429 0
468 105 429 0
405 122 429 0
195 141 429 0
1 U2
166 0 457 239
18 U2
166 0 133 280
166 0 441 50
166 0 544 256
166 0 525 63
166 0 215 166
166 0 379 269
166 0 116 77
166 0 269 183
166 0 176 193
166 0 447 145
166 0 547 300
166 0 133 183
166 0 59 239
166 0 358 112
166 0 4 72
166 0 248 225
166 0 536 88
166 0 251 103
1 U4
210 0 531 141
18 U4
210 0 572 317
210 0 132 318
210 0 80 225
210 0 16 180
210 0 360 84
210 0 452 322
210 0 136 68
210 0 168 115
210 0 102 169
210 0 332 58
210 0 526 92
210 0 432 200
210 0 119 325
210 0 520 345
210 0 576 118
210 0 424 220
210 0 513 114
210 0 38 177
9
438 309 408 323
403 224 110 242
405 116 296 188
358 126 99 245
207 183 585 327
13 228 171 225
70 328 214 329
219 334 18 154
565 162 497 227
