5
6
L1 73 0
U2 313 0
L3 109 0
U4 499 0
L5 337 0
U6 25 0
24
168 300
332 308
263 294
182 272
23 259
84 341
63 24
137 54
179 338
76 213
308 4
520 212
218 186
512 310
498 74
196 117
301 342
325 254
17 87
476 127
202 190
507 106
502 324
309 305
2 L1
10 L1
16 226 73 0
105 231 73 0
186 96 73 0
538 171 73 0
520 146 73 0
555 279 73 0
498 232 73 0
258 235 73 0
160 126 73 0
506 317 73 0
2 L3
10 L3
178 287 109 0
88 72 109 0
253 172 109 0
372 262 109 0
434 137 109 0
5 205 109 0
445 276 109 0
181 242 109 0
546 186 109 0
594 312 109 0
2 L5
10 L5
409 78 337 0
516 70 337 0
129 249 337 0
67 190 337 0
356 165 337 0
535 312 337 0
300 262 337 0
63 67 337 0
239 267 337 0
183 105 337 0
2 U2
313 0 244 304
313 0 592 135
10 U2
313 0 12 148
313 0 492 189
313 0 290 315
313 0 82 72
313 0 478 204
313 0 93 50
313 0 444 112
313 0 23 222
313 0 199 270
313 0 513 200
2 U4
499 0 520 180
499 0 235 291
10 U4
499 0 205 256
499 0 15 350
499 0 232 146
499 0 197 150
499 0 44 136
499 0 178 177
499 0 341 70
499 0 37 156
499 0 383 127
499 0 242 216
2 U6
25 0 417 281
25 0 348 71
10 U6
25 0 411 193
25 0 329 145
25 0 357 305
25 0 120 189
25 0 167 246
25 0 542 141
25 0 342 272
25 0 27 225
25 0 546 194
25 0 263 166
3
16 226 39 312
178 287 123 260
409 78 152 238
