5
5
L1 107 0
U2 420 0
L3 59 0
U4 91 0
L5 524 0
20
74 156
552 6
510 153
485 25
248 232
122 117
342 116
363 135
9 292
600 203
440 20
330 96
185 147
153 300
179 171
510 325
261 106
133 33
133 253
66 323
2 L1
14 L1
238 213 107 0
410 81 107 0
265 141 107 0
276 132 107 0
538 303 107 0
426 257 107 0
253 213 107 0
526 317 107 0
113 273 107 0
538 106 107 0
294 74 107 0
69 291 107 0
64 128 107 0
85 136 107 0
2 L3
14 L3
39 338 59 0
285 259 59 0
478 251 59 0
224 138 59 0
170 89 59 0
231 191 59 0
455 206 59 0
326 294 59 0
282 343 59 0
331 324 59 0
232 161 59 0
498 134 59 0
222 151 59 0
158 254 59 0
2 L5
14 L5
15 95 524 0
127 87 524 0
335 230 524 0
185 161 524 0
463 142 524 0
438 146 524 0
400 213 524 0
490 117 524 0
192 226 524 0
548 185 524 0
479 173 524 0
243 299 524 0
270 148 524 0
211 310 524 0
2 U2
420 0 410 230
420 0 122 267
14 U2
420 0 99 264
420 0 591 233
420 0 517 88
420 0 542 245
420 0 405 120
420 0 156 288
420 0 94 97
420 0 140 206
420 0 47 70
420 0 553 104
420 0 241 120
420 0 558 201
420 0 340 345
420 0 494 102
2 U4
91 0 562 53
91 0 489 334
14 U4
91 0 448 126
91 0 369 225
91 0 599 144
91 0 192 236
91 0 423 126
91 0 557 75
91 0 160 57
91 0 512 109
91 0 599 122
91 0 339 141
91 0 527 211
91 0 100 134
91 0 0 344
91 0 192 153
7
238 213 516 330
39 338 507 212
15 95 578 114
410 81 543 274
285 259 421 193
127 87 385 167
265 141 421 220
