3
6
L1 40 0
U2 286 0
L3 567 0
U4 199 0
L5 79 0
U6 267 0
24
591 135
184 121
415 196
217 49
552 45
354 300
243 121
225 254
385 209
525 316
376 63
147 189
255 339
332 201
374 264
219 35
423 235
580 30
149 201
564 273
422 305
371 271
369 301
132 122
1 L1
18 L1
35 284 40 0
530 138 40 0
353 55 40 0
521 248 40 0
568 349 40 0
555 233 40 0
399 294 40 0
135 290 40 0
514 257 40 0
467 209 40 0
368 197 40 0
378 102 40 0
372 87 40 0
74 190 40 0
393 325 40 0
384 240 40 0
548 105 40 0
83 77 40 0
1 L3
18 L3
379 216 567 0
301 243 567 0
128 116 567 0
451 321 567 0
390 227 567 0
263 117 567 0
600 306 567 0
238 346 567 0
519 57 567 0
426 228 567 0
534 97 567 0
227 76 567 0
366 61 567 0
131 65 567 0
306 344 567 0
94 114 567 0
280 188 567 0
404 304 567 0
1 L5
18 L5
583 131 79 0
228 247 79 0
341 63 79 0
309 59 79 0
258 74 79 0
330 169 79 0
67 252 79 0
241 251 79 0
357 263 79 0
429 150 79 0
547 304 79 0
205 64 79 0
111 92 79 0
98 168 79 0
511 253 79 0
496 162 79 0
218 58 79 0
375 254 79 0
1 U2
286 0 204 263
18 U2
286 0 395 203
286 0 594 318
286 0 531 182
286 0 3 214
286 0 321 236
286 0 223 135
286 0 56 212
286 0 94 57
286 0 587 140
286 0 531 346
286 0 579 342
286 0 234 265
286 0 177 292
286 0 40 208
286 0 67 127
286 0 32 68
286 0 394 252
286 0 513 293
1 U4
199 0 242 239
18 U4
199 0 533 348
199 0 380 267
199 0 528 172
199 0 518 254
199 0 250 322
199 0 540 224
199 0 249 328
199 0 96 112
199 0 518 132
199 0 314 242
199 0 505 166
199 0 548 179
199 0 120 187
199 0 73 65
199 0 126 326
199 0 442 153
199 0 118 207
199 0 238 337
1 U6
267 0 245 170
18 U6
267 0 571 214
267 0 364 273
267 0 477 174
267 0 268 167
267 0 342 310
267 0 327 206
267 0 345 135
267 0 246 279
267 0 38 220
267 0 389 125
267 0 118 244
267 0 493 60
267 0 333 287
267 0 220 241
267 0 93 313
267 0 109 207
267 0 255 193
267 0 292 195
17
35 284 516 309
379 216 353 125
583 131 508 281
530 138 21 155
301 243 325 339
228 247 322 134
353 55 202 345
128 116 96 169
341 63 193 75
521 248 173 95
451 321 484 57
309 59 537 145
568 349 114 234
390 227 420 294
258 74 431 243
555 233 127 291
263 117 212 214
