5
6
L1 106 0
U2 177 0
L3 590 0
U4 377 0
L5 432 0
U6 595 0
30
465 255
111 87
586 225
64 336
283 230
367 36
416 252
309 20
252 190
140 339
116 245
43 233
210 219
433 128
389 69
384 97
483 230
557 225
41 44
454 82
187 180
341 173
128 327
532 190
399 76
67 283
597 59
523 37
362 22
600 344
2 L1
10 L1
448 191 106 0
350 192 106 0
287 247 106 0
347 201 106 0
114 293 106 0
124 154 106 0
356 322 106 0
407 77 106 0
449 299 106 0
98 184 106 0
2 L3
10 L3
584 74 590 0
16 261 590 0
227 215 590 0
125 262 590 0
481 63 590 0
306 264 590 0
316 259 590 0
283 258 590 0
79 77 590 0
495 218 590 0
2 L5
10 L5
173 139 432 0
263 59 432 0
85 241 432 0
525 231 432 0
515 214 432 0
183 171 432 0
527 301 432 0
584 98 432 0
75 224 432 0
531 287 432 0
2 U2
177 0 469 216
177 0 333 210
10 U2
177 0 393 98
177 0 99 226
177 0 224 140
177 0 579 71
177 0 319 304
177 0 178 95
177 0 27 133
177 0 58 235
177 0 582 85
177 0 134 303
2 U4
377 0 218 128
377 0 80 106
10 U4
377 0 311 55
377 0 161 132
377 0 302 216
377 0 133 207
377 0 322 302
377 0 377 72
377 0 596 140
377 0 209 223
377 0 110 202
377 0 410 326
2 U6
595 0 307 324
595 0 143 241
10 U6
595 0 195 87
595 0 320 201
595 0 148 63
595 0 520 260
595 0 271 103
595 0 463 239
595 0 317 62
595 0 512 233
595 0 494 210
595 0 458 93
6
448 191 448 138
584 74 75 298
173 139 133 282
350 192 239 274
16 261 197 140
263 59 3 270
