5
3
L1 527 0
U2 165 0
L3 257 0
15
144 67
550 65
30 15
115 35
110 201
508 102
510 28
424 323
47 252
128 65
108 326
516 326
73 254
507 244
359 243
2 L1
14 L1
566 300 527 0
407 100 527 0
360 322 527 0
478 201 527 0
564 82 527 0
110 66 527 0
350 248 527 0
87 117 527 0
116 198 527 0
8 113 527 0
160 207 527 0
379 270 527 0
320 214 527 0
72 306 527 0
2 L3
14 L3
451 328 257 0
596 71 257 0
58 87 257 0
170 127 257 0
535 82 257 0
380 125 257 0
436 125 257 0
388 248 257 0
41 142 257 0
151 293 257 0
319 265 257 0
401 344 257 0
290 300 257 0
499 68 257 0
2 U2
165 0 95 182
165 0 468 274
14 U2
165 0 384 135
165 0 340 101
165 0 118 248
165 0 451 343
165 0 57 325
165 0 597 316
165 0 30 182
165 0 92 298
165 0 359 133
165 0 392 217
165 0 334 331
165 0 144 53
165 0 166 259
165 0 230 149
3
566 300 522 303
451 328 122 318
407 100 32 112
