4
3
L1 430 0
U2 277 0
L3 42 0
15
498 109
353 82
588 314
547 188
424 284
504 146
27 245
88 172
239 285
24 128
597 168
480 257
194 283
58 328
216 118
2 L1
14 L1
407 230 430 0
585 64 430 0
279 107 430 0
134 81 430 0
551 111 430 0
426 58 430 0
494 276 430 0
440 241 430 0
571 52 430 0
452 137 430 0
535 237 430 0
230 334 430 0
307 236 430 0
130 106 430 0
2 L3
14 L3
283 167 42 0
584 75 42 0
11 204 42 0
515 57 42 0
260 69 42 0
341 236 42 0
103 233 42 0
297 260 42 0
530 341 42 0
36 329 42 0
318 314 42 0
421 291 42 0
125 332 42 0
236 313 42 0
2 U2
277 0 122 209
277 0 331 67
14 U2
277 0 5 250
277 0 216 72
277 0 339 326
277 0 210 255
277 0 419 319
277 0 30 157
277 0 20 274
277 0 379 315
277 0 414 277
277 0 388 94
277 0 56 109
277 0 123 164
277 0 326 81
277 0 504 189
7
407 230 237 212
283 167 448 88
585 64 490 267
584 75 95 321
279 107 582 104
11 204 350 335
134 81 470 124
