5
3
L1 496 0
U2 519 0
L3 308 0
9
222 278
87 204
390 304
37 171
585 179
207 89
100 271
17 246
257 263
2 L1
14 L1
399 346 496 0
436 265 496 0
252 132 496 0
410 208 496 0
19 307 496 0
535 130 496 0
146 251 496 0
119 219 496 0
140 142 496 0
309 68 496 0
489 104 496 0
514 117 496 0
107 168 496 0
158 294 496 0
2 L3
14 L3
115 73 308 0
157 295 308 0
155 331 308 0
362 86 308 0
411 256 308 0
352 226 308 0
568 316 308 0
32 317 308 0
126 219 308 0
60 196 308 0
460 212 308 0
568 203 308 0
197 333 308 0
574 158 308 0
2 U2
519 0 124 240
519 0 315 312
14 U2
519 0 169 154
519 0 479 258
519 0 424 212
519 0 162 302
519 0 492 221
519 0 415 141
519 0 468 318
519 0 340 151
519 0 543 233
519 0 79 226
519 0 229 193
519 0 260 153
519 0 356 192
519 0 472 214
7
399 346 241 72
115 73 467 326
436 265 133 87
157 295 235 239
252 132 7 330
155 331 415 121
410 208 61 262
