5
4
L1 561 0
U2 218 0
L3 323 0
U4 385 0
20
451 172
275 248
409 216
197 141
320 136
457 349
83 75
535 97
553 16
22 184
300 133
410 153
495 262
199 190
476 64
122 118
94 164
341 67
202 171
204 104
2 L1
14 L1
315 187 561 0
122 226 561 0
334 331 561 0
456 204 561 0
578 281 561 0
126 132 561 0
55 52 561 0
178 263 561 0
168 293 561 0
293 190 561 0
582 97 561 0
9 291 561 0
379 115 561 0
243 220 561 0
2 L3
14 L3
515 260 323 0
284 106 323 0
57 230 323 0
260 237 323 0
262 96 323 0
89 306 323 0
324 289 323 0
107 218 323 0
504 189 323 0
31 274 323 0
309 297 323 0
467 177 323 0
245 343 323 0
403 314 323 0
2 U2
218 0 296 163
218 0 273 132
14 U2
218 0 170 226
218 0 264 72
218 0 146 261
218 0 590 321
218 0 598 168
218 0 3 116
218 0 343 283
218 0 80 116
218 0 234 161
218 0 361 263
218 0 82 256
218 0 245 132
218 0 386 309
218 0 463 326
2 U4
385 0 328 178
385 0 315 168
14 U4
385 0 53 327
385 0 348 311
385 0 251 69
385 0 169 58
385 0 566 128
385 0 505 336
385 0 230 321
385 0 238 330
385 0 328 329
385 0 235 266
385 0 444 309
385 0 191 124
385 0 186 98
385 0 569 303
3
315 187 583 255
515 260 369 136
122 226 475 231
