4
6
L1 202 0
U2 225 0
L3 513 0
U4 503 0
L5 316 0
U6 249 0
18
305 107
478 62
367 150
471 335
341 107
453 184
533 179
22 224
91 269
502 263
337 204
395 340
24 101
236 64
387 25
132 97
218 325
404 296
2 L1
10 L1
567 248 202 0
392 145 202 0
316 179 202 0
132 187 202 0
399 191 202 0
466 337 202 0
555 176 202 0
236 289 202 0
30 210 202 0
78 198 202 0
2 L3
10 L3
354 315 513 0
92 332 513 0
499 242 513 0
111 117 513 0
245 106 513 0
200 104 513 0
202 68 513 0
84 210 513 0
250 166 513 0
409 302 513 0
2 L5
10 L5
106 276 316 0
344 142 316 0
333 137 316 0
299 237 316 0
21 169 316 0
104 62 316 0
395 75 316 0
355 254 316 0
174 346 316 0
578 304 316 0
2 U2
225 0 7 225
225 0 130 327
10 U2
225 0 429 104
225 0 487 79
225 0 287 273
225 0 215 97
225 0 44 314
225 0 167 186
225 0 499 105
225 0 502 158
225 0 194 329
225 0 424 88
2 U4
503 0 22 59
503 0 499 330
10 U4
503 0 390 334
503 0 351 87
503 0 332 334
503 0 184 275
503 0 271 327
503 0 88 151
503 0 197 293
503 0 536 322
503 0 552 316
503 0 225 273
2 U6
249 0 543 96
249 0 118 331
10 U6
249 0 550 112
249 0 124 89
249 0 364 97
249 0 266 172
249 0 503 338
249 0 225 66
249 0 565 225
249 0 144 337
249 0 249 61
249 0 308 287
3
567 248 67 303
354 315 398 185
106 276 568 318
