5
4
L1 51 0
U2 202 0
L3 18 0
U4 217 0
16
30 173
430 311
403 196
89 194
572 293
100 160
365 1
436 5
315 335
110 63
56 271
147 107
303 333
137 211
8 229
102 52
2 L1
22 L1
598 263 51 0
265 205 51 0
77 276 51 0
271 133 51 0
342 218 51 0
328 244 51 0
71 117 51 0
0 128 51 0
541 165 51 0
372 274 51 0
193 116 51 0
284 292 51 0
358 341 51 0
313 240 51 0
66 330 51 0
413 344 51 0
465 285 51 0
34 64 51 0
598 280 51 0
211 241 51 0
562 328 51 0
444 338 51 0
2 L3
22 L3
536 75 18 0
363 155 18 0
306 96 18 0
492 235 18 0
88 79 18 0
0 116 18 0
421 227 18 0
153 213 18 0
11 315 18 0
292 307 18 0
167 225 18 0
458 115 18 0
60 311 18 0
504 244 18 0
245 146 18 0
53 150 18 0
382 111 18 0
74 330 18 0
71 218 18 0
176 206 18 0
52 296 18 0
317 329 18 0
2 U2
202 0 247 54
202 0 570 55
22 U2
202 0 245 242
202 0 369 137
202 0 107 87
202 0 507 108
202 0 457 163
202 0 549 340
202 0 366 77
202 0 16 203
202 0 285 233
202 0 130 197
202 0 591 221
202 0 147 294
202 0 131 78
202 0 41 276
202 0 459 227
202 0 2 95
202 0 558 158
202 0 279 300
202 0 481 88
202 0 437 311
202 0 62 342
202 0 198 115
2 U4
217 0 429 217
217 0 270 242
22 U4
217 0 229 127
217 0 75 184
217 0 166 197
217 0 49 298
217 0 498 207
217 0 37 263
217 0 73 202
217 0 71 262
217 0 524 116
217 0 383 275
217 0 171 211
217 0 20 345
217 0 205 329
217 0 475 183
217 0 475 149
217 0 343 130
217 0 30 60
217 0 53 53
217 0 261 63
217 0 190 303
217 0 103 262
217 0 92 120
14
598 263 303 106
536 75 514 297
265 205 61 208
363 155 189 85
77 276 244 78
306 96 248 201
271 133 318 208
492 235 368 206
342 218 56 294
88 79 229 194
328 244 114 72
0 116 541 88
71 117 371 317
421 227 385 214
