3
6
L1 183 0
U2 230 0
L3 319 0
U4 283 0
L5 390 0
U6 10 0
18
454 288
524 131
335 325
183 263
520 300
22 310
11 25
17 20
410 45
404 147
517 40
137 343
373 53
121 23
136 72
418 347
176 33
85 242
1 L1
14 L1
188 301 183 0
300 179 183 0
42 153 183 0
414 142 183 0
82 251 183 0
223 130 183 0
565 276 183 0
408 260 183 0
296 149 183 0
158 95 183 0
425 230 183 0
253 94 183 0
237 164 183 0
217 257 183 0
1 L3
14 L3
171 201 319 0
542 162 319 0
269 326 319 0
327 259 319 0
131 201 319 0
247 146 319 0
158 246 319 0
99 115 319 0
268 262 319 0
518 88 319 0
569 248 319 0
491 176 319 0
557 293 319 0
13 90 319 0
1 L5
14 L5
387 255 390 0
347 191 390 0
188 82 390 0
290 53 390 0
138 57 390 0
258 346 390 0
188 228 390 0
162 60 390 0
260 295 390 0
161 131 390 0
175 313 390 0
271 122 390 0
320 207 390 0
451 93 390 0
1 U2
230 0 206 342
14 U2
230 0 300 206
230 0 584 153
230 0 584 194
230 0 133 170
230 0 79 126
230 0 429 131
230 0 377 230
230 0 437 135
230 0 256 81
230 0 456 247
230 0 54 269
230 0 174 242
230 0 467 196
230 0 521 217
1 U4
283 0 541 177
14 U4
283 0 275 174
283 0 537 244
283 0 161 187
283 0 264 114
283 0 199 297
283 0 575 323
283 0 353 187
283 0 522 137
283 0 39 335
283 0 580 110
283 0 80 339
283 0 54 191
283 0 329 330
283 0 31 334
1 U6
10 0 251 132
14 U6
10 0 265 247
10 0 529 311
10 0 388 150
10 0 142 337
10 0 499 112
10 0 91 160
10 0 243 100
10 0 154 116
10 0 535 316
10 0 93 70
10 0 226 276
10 0 208 270
10 0 197 349
10 0 58 153
9
188 301 199 136
171 201 196 188
387 255 193 222
300 179 102 246
542 162 173 69
347 191 392 270
42 153 43 311
269 326 560 294
188 82 419 335
