3
5
L1 211 0
U2 7 0
L3 187 0
U4 142 0
L5 444 0
20
46 89
228 131
481 240
356 158
198 40
577 236
73 288
514 45
281 166
156 242
192 169
295 226
34 233
323 202
148 212
245 163
28 237
29 30
428 119
592 218
1 L1
10 L1
135 288 211 0
577 87 211 0
479 198 211 0
148 109 211 0
294 335 211 0
160 274 211 0
478 233 211 0
52 206 211 0
310 99 211 0
281 125 211 0
1 L3
10 L3
60 286 187 0
89 76 187 0
589 265 187 0
592 279 187 0
55 345 187 0
325 139 187 0
285 283 187 0
157 213 187 0
20 257 187 0
588 336 187 0
1 L5
10 L5
276 295 444 0
206 91 444 0
314 309 444 0
41 298 444 0
358 56 444 0
0 343 444 0
561 182 444 0
88 177 444 0
28 239 444 0
174 329 444 0
1 U2
7 0 317 113
10 U2
7 0 269 112
7 0 545 233
7 0 474 90
7 0 196 255
7 0 175 315
7 0 337 316
7 0 119 163
7 0 386 278
7 0 71 92
7 0 115 134
1 U4
142 0 312 98
10 U4
142 0 552 156
142 0 563 153
142 0 571 250
142 0 581 265
142 0 387 105
142 0 551 260
142 0 418 237
142 0 16 124
142 0 426 111
142 0 58 326
3
135 288 539 310
60 286 159 316
276 295 209 109
