5
4
L1 387 0
U2 145 0
L3 292 0
U4 505 0
16
216 310
415 17
599 149
250 34
49 31
180 108
335 288
417 334
329 228
394 350
206 296
360 138
46 245
528 131
347 346
549 111
2 L1
18 L1
367 128 387 0
448 303 387 0
376 118 387 0
74 61 387 0
30 212 387 0
326 128 387 0
496 297 387 0
421 321 387 0
234 181 387 0
584 108 387 0
53 276 387 0
571 309 387 0
577 259 387 0
383 101 387 0
509 326 387 0
61 159 387 0
34 160 387 0
278 336 387 0
2 L3
18 L3
436 64 292 0
19 236 292 0
104 201 292 0
284 252 292 0
410 140 292 0
112 139 292 0
108 308 292 0
122 85 292 0
474 224 292 0
144 145 292 0
512 350 292 0
411 60 292 0
525 95 292 0
6 93 292 0
404 255 292 0
327 82 292 0
391 193 292 0
429 205 292 0
2 U2
145 0 67 343
145 0 306 292
18 U2
145 0 302 313
145 0 314 245
145 0 146 53
145 0 284 148
145 0 314 350
145 0 134 211
145 0 304 306
145 0 213 95
145 0 53 196
145 0 518 209
145 0 55 114
145 0 32 335
145 0 229 148
145 0 291 110
145 0 112 115
145 0 590 180
145 0 226 156
145 0 495 294
2 U4
505 0 518 137
505 0 105 201
18 U4
505 0 241 50
505 0 554 158
505 0 427 186
505 0 440 277
505 0 231 211
505 0 243 324
505 0 107 324
505 0 544 70
505 0 14 252
505 0 262 297
505 0 183 222
505 0 78 254
505 0 415 308
505 0 171 110
505 0 155 236
505 0 383 96
505 0 1 53
505 0 36 266
11
367 128 530 318
436 64 17 166
448 303 569 158
19 236 257 116
376 118 563 327
104 201 538 296
74 61 529 185
284 252 424 266
30 212 169 272
410 140 192 284
326 128 333 121
