5
4
L1 293 0
U2 580 0
L3 99 0
U4 274 0
12
168 287
221 183
569 189
487 171
403 54
593 168
522 186
407 157
327 224
155 145
262 140
573 292
2 L1
14 L1
98 277 293 0
132 323 293 0
330 73 293 0
159 215 293 0
486 338 293 0
29 322 293 0
385 60 293 0
364 174 293 0
215 130 293 0
160 201 293 0
498 344 293 0
381 67 293 0
383 181 293 0
512 278 293 0
2 L3
14 L3
22 256 99 0
98 323 99 0
485 115 99 0
230 307 99 0
560 288 99 0
394 280 99 0
211 86 99 0
57 225 99 0
515 154 99 0
181 87 99 0
522 188 99 0
520 141 99 0
385 299 99 0
485 137 99 0
2 U2
580 0 496 220
580 0 208 224
14 U2
580 0 280 83
580 0 108 75
580 0 594 218
580 0 267 186
580 0 171 312
580 0 331 230
580 0 529 125
580 0 556 256
580 0 582 324
580 0 275 56
580 0 135 297
580 0 336 220
580 0 501 305
580 0 250 145
2 U4
274 0 106 101
274 0 250 226
14 U4
274 0 554 124
274 0 536 59
274 0 371 193
274 0 200 333
274 0 47 105
274 0 524 201
274 0 520 67
274 0 523 69
274 0 319 72
274 0 289 284
274 0 582 111
274 0 538 145
274 0 289 130
274 0 569 63
6
98 277 240 347
22 256 410 227
132 323 173 331
98 323 19 81
330 73 19 271
485 115 437 320
