4
5
L1 265 0
U2 531 0
L3 399 0
U4 67 0
L5 325 0
20
334 129
553 31
329 110
221 283
109 72
571 44
465 54
51 9
116 167
327 104
178 244
430 44
225 237
409 162
511 49
137 306
114 29
366 162
24 344
567 239
2 L1
14 L1
529 262 265 0
333 213 265 0
172 345 265 0
103 128 265 0
135 132 265 0
448 322 265 0
411 216 265 0
351 247 265 0
341 243 265 0
507 161 265 0
598 106 265 0
421 343 265 0
516 152 265 0
597 88 265 0
2 L3
14 L3
331 256 399 0
572 172 399 0
129 336 399 0
387 303 399 0
441 302 399 0
576 283 399 0
342 62 399 0
379 287 399 0
487 197 399 0
140 340 399 0
86 81 399 0
367 209 399 0
435 232 399 0
310 331 399 0
2 L5
14 L5
157 175 325 0
440 98 325 0
384 134 325 0
463 172 325 0
224 80 325 0
83 253 325 0
176 341 325 0
86 212 325 0
47 318 325 0
456 209 325 0
41 72 325 0
71 294 325 0
145 205 325 0
53 321 325 0
2 U2
531 0 526 347
531 0 206 240
14 U2
531 0 55 222
531 0 237 310
531 0 542 213
531 0 137 336
531 0 554 144
531 0 243 236
531 0 6 117
531 0 342 198
531 0 371 55
531 0 88 125
531 0 458 307
531 0 580 56
531 0 151 238
531 0 344 196
2 U4
67 0 413 54
67 0 244 273
14 U4
67 0 421 295
67 0 43 268
67 0 376 261
67 0 112 59
67 0 257 285
67 0 166 70
67 0 563 233
67 0 5 249
67 0 97 108
67 0 352 94
67 0 51 54
67 0 46 84
67 0 442 293
67 0 169 59
4
529 262 253 105
331 256 302 150
157 175 388 213
333 213 571 207
