3
5
L1 31 0
U2 392 0
L3 322 0
U4 126 0
L5 127 0
25
390 168
238 16
344 99
457 54
194 324
136 323
288 144
259 170
376 283
560 245
283 256
424 174
72 220
50 94
95 80
14 320
253 163
277 205
544 61
0 16
2 235
504 213
51 11
406 64
130 65
1 L1
14 L1
52 251 31 0
208 102 31 0
262 84 31 0
593 337 31 0
421 93 31 0
378 278 31 0
388 269 31 0
65 333 31 0
374 325 31 0
442 69 31 0
401 246 31 0
550 201 31 0
36 240 31 0
501 332 31 0
1 L3
14 L3
283 126 322 0
86 121 322 0
3 313 322 0
302 132 322 0
547 279 322 0
545 327 322 0
535 230 322 0
410 146 322 0
598 328 322 0
285 189 322 0
343 270 322 0
146 80 322 0
173 220 322 0
249 286 322 0
1 L5
14 L5
361 160 127 0
77 81 127 0
530 161 127 0
54 97 127 0
504 119 127 0
459 277 127 0
374 324 127 0
481 276 127 0
473 204 127 0
369 164 127 0
152 190 127 0
123 88 127 0
216 346 127 0
576 134 127 0
1 U2
392 0 177 341
14 U2
392 0 413 262
392 0 47 278
392 0 444 138
392 0 62 225
392 0 128 113
392 0 566 216
392 0 510 156
392 0 175 111
392 0 190 117
392 0 511 337
392 0 57 198
392 0 306 305
392 0 90 168
392 0 529 123
1 U4
126 0 9 255
14 U4
126 0 598 217
126 0 542 281
126 0 151 120
126 0 453 347
126 0 151 234
126 0 541 104
126 0 196 333
126 0 152 177
126 0 2 66
126 0 260 209
126 0 456 173
126 0 436 301
126 0 45 327
126 0 502 62
7
52 251 549 174
283 126 159 123
361 160 362 211
208 102 465 321
86 121 365 81
77 81 31 117
262 84 310 279
