3
6
L1 329 0
U2 334 0
L3 579 0
U4 547 0
L5 304 0
U6 170 0
30
28 95
348 289
402 4
134 285
336 341
340 140
485 322
99 143
114 147
69 284
511 190
292 275
141 72
103 320
509 138
33 297
260 139
576 58
428 327
98 181
594 325
19 222
141 28
55 187
208 320
472 29
165 61
545 227
107 14
477 28
1 L1
22 L1
255 294 329 0
557 156 329 0
357 140 329 0
458 112 329 0
12 234 329 0
348 222 329 0
130 220 329 0
151 319 329 0
18 114 329 0
289 158 329 0
507 177 329 0
278 329 329 0
488 97 329 0
466 315 329 0
450 251 329 0
6 347 329 0
312 118 329 0
31 101 329 0
563 69 329 0
515 315 329 0
281 243 329 0
41 148 329 0
1 L3
22 L3
476 204 579 0
232 107 579 0
464 161 579 0
68 114 579 0
279 265 579 0
507 170 579 0
193 122 579 0
379 240 579 0
470 340 579 0
59 265 579 0
553 332 579 0
244 293 579 0
132 234 579 0
481 130 579 0
58 234 579 0
233 193 579 0
346 182 579 0
454 348 579 0
261 309 579 0
534 266 579 0
176 66 579 0
585 105 579 0
1 L5
22 L5
17 220 304 0
506 69 304 0
264 173 304 0
201 159 304 0
235 180 304 0
438 50 304 0
524 71 304 0
380 160 304 0
103 206 304 0
288 282 304 0
362 97 304 0
33 260 304 0
357 217 304 0
68 79 304 0
66 79 304 0
391 114 304 0
334 324 304 0
185 297 304 0
465 336 304 0
260 50 304 0
163 155 304 0
34 260 304 0
1 U2
334 0 36 100
22 U2
334 0 510 54
334 0 198 304
334 0 518 173
334 0 273 138
334 0 62 293
334 0 461 151
334 0 453 238
334 0 40 242
334 0 44 343
334 0 467 293
334 0 431 150
334 0 106 311
334 0 466 127
334 0 84 93
334 0 269 110
334 0 533 101
334 0 279 332
334 0 427 311
334 0 396 182
334 0 207 173
334 0 128 73
334 0 533 116
1 U4
547 0 88 328
22 U4
547 0 305 160
547 0 481 301
547 0 270 195
547 0 288 158
547 0 76 113
547 0 393 89
547 0 78 337
547 0 445 303
547 0 540 150
547 0 513 51
547 0 549 106
547 0 297 300
547 0 498 166
547 0 353 69
547 0 391 50
547 0 108 217
547 0 379 68
547 0 257 309
547 0 88 171
547 0 341 284
547 0 552 141
547 0 416 179
1 U6
170 0 245 220
22 U6
170 0 249 214
170 0 146 146
170 0 50 297
170 0 185 216
170 0 244 327
170 0 545 265
170 0 302 183
170 0 307 191
170 0 224 220
170 0 184 332
170 0 111 257
170 0 136 337
170 0 205 174
170 0 31 227
170 0 521 110
170 0 365 101
170 0 59 239
170 0 274 236
170 0 83 77
170 0 54 282
170 0 425 59
170 0 108 101
7
255 294 121 79
476 204 26 75
17 220 321 269
557 156 485 80
232 107 115 269
506 69 482 171
357 140 335 298
