5
6
L1 255 0
U2 398 0
L3 244 0
U4 152 0
L5 363 0
U6 381 0
30
158 17
134 349
76 301
8 227
464 127
427 318
425 138
377 95
484 240
304 272
377 116
512 165
541 18
471 210
563 270
225 32
80 333
433 347
285 116
243 247
462 339
330 20
102 5
6 195
349 223
453 144
501 253
256 99
540 16
131 12
2 L1
18 L1
207 82 255 0
121 175 255 0
537 185 255 0
128 335 255 0
452 160 255 0
482 266 255 0
304 258 255 0
538 145 255 0
154 276 255 0
544 86 255 0
71 137 255 0
42 197 255 0
115 237 255 0
299 117 255 0
446 230 255 0
423 257 255 0
69 127 255 0
387 301 255 0
2 L3
18 L3
585 151 244 0
290 291 244 0
192 342 244 0
441 271 244 0
140 219 244 0
116 56 244 0
101 256 244 0
77 113 244 0
108 172 244 0
117 147 244 0
37 278 244 0
35 132 244 0
218 173 244 0
312 115 244 0
256 79 244 0
468 138 244 0
489 159 244 0
428 75 244 0
2 L5
18 L5
314 202 363 0
471 349 363 0
375 344 363 0
308 149 363 0
175 233 363 0
99 125 363 0
380 196 363 0
597 275 363 0
332 76 363 0
16 131 363 0
329 136 363 0
157 291 363 0
473 331 363 0
31 97 363 0
591 70 363 0
28 117 363 0
501 312 363 0
98 271 363 0
2 U2
398 0 344 223
398 0 539 293
18 U2
398 0 242 117
398 0 113 317
398 0 305 346
398 0 182 96
398 0 439 95
398 0 237 269
398 0 397 151
398 0 595 82
398 0 249 268
398 0 549 214
398 0 58 202
398 0 233 207
398 0 317 314
398 0 515 289
398 0 193 196
398 0 242 154
398 0 468 149
398 0 435 227
2 U4
152 0 104 258
152 0 63 192
18 U4
152 0 48 319
152 0 163 215
152 0 453 125
152 0 598 346
152 0 281 51
152 0 33 340
152 0 77 68
152 0 126 178
152 0 271 110
152 0 390 86
152 0 357 256
152 0 67 214
152 0 584 251
152 0 218 198
152 0 399 117
152 0 497 205
152 0 422 226
152 0 554 188
2 U6
381 0 227 83
381 0 476 334
18 U6
381 0 475 320
381 0 298 69
381 0 493 86
381 0 73 305
381 0 228 303
381 0 295 199
381 0 533 277
381 0 313 316
381 0 41 312
381 0 274 117
381 0 62 172
381 0 549 313
381 0 237 311
381 0 567 260
381 0 227 225
381 0 81 257
381 0 483 266
381 0 119 268
11
207 82 98 148
585 151 117 165
314 202 61 290
121 175 256 152
290 291 207 135
471 349 561 334
537 185 29 234
192 342 298 279
375 344 268 195
128 335 57 180
441 271 469 247
