3
4
L1 428 0
U2 178 0
L3 459 0
U4 437 0
12
293 153
118 48
482 167
423 45
155 127
110 79
445 233
443 162
392 163
393 128
240 118
135 158
1 L1
10 L1
60 124 428 0
199 113 428 0
451 288 428 0
365 204 428 0
344 302 428 0
105 284 428 0
399 345 428 0
494 121 428 0
107 123 428 0
202 314 428 0
1 L3
10 L3
437 157 459 0
18 291 459 0
568 233 459 0
524 142 459 0
23 106 459 0
515 331 459 0
388 331 459 0
203 58 459 0
105 239 459 0
289 154 459 0
1 U2
178 0 128 223
10 U2
178 0 296 178
178 0 446 291
178 0 540 67
178 0 39 188
178 0 516 209
178 0 430 180
178 0 124 234
178 0 232 311
178 0 197 313
178 0 5 248
1 U4
437 0 153 172
10 U4
437 0 569 167
437 0 371 279
437 0 505 307
437 0 105 163
437 0 279 60
437 0 236 304
437 0 41 180
437 0 317 243
437 0 228 158
437 0 375 110
4
60 124 266 230
437 157 361 91
199 113 210 90
18 291 48 261
