3
4
L1 3 0
U2 354 0
L3 119 0
U4 57 0
12
578 71
576 46
584 308
402 341
99 242
451 325
43 9
468 322
420 25
198 300
372 281
34 198
1 L1
10 L1
589 293 3 0
165 295 3 0
171 254 3 0
600 135 3 0
425 139 3 0
549 274 3 0
210 213 3 0
414 165 3 0
146 291 3 0
200 177 3 0
1 L3
10 L3
531 204 119 0
310 180 119 0
398 336 119 0
479 139 119 0
588 264 119 0
182 337 119 0
39 268 119 0
566 333 119 0
56 193 119 0
330 54 119 0
1 U2
354 0 587 212
10 U2
354 0 101 240
354 0 273 242
354 0 537 186
354 0 544 84
354 0 139 346
354 0 60 238
354 0 577 183
354 0 229 226
354 0 258 172
354 0 96 301
1 U4
57 0 276 83
10 U4
57 0 509 66
57 0 171 314
57 0 486 261
57 0 323 84
57 0 274 67
57 0 510 153
57 0 244 179
57 0 148 323
57 0 116 71
57 0 500 112
6
589 293 584 335
531 204 66 108
165 295 568 298
310 180 221 162
171 254 209 67
398 336 507 339
