5
3
L1 461 0
U2 428 0
L3 0 0
12
346 94
368 127
320 17
180 228
187 325
513 300
123 324
218 346
587 199
591 153
29 319
123 322
2 L1
14 L1
380 88 461 0
9 74 461 0
567 75 461 0
449 196 461 0
505 79 461 0
60 244 461 0
394 312 461 0
147 132 461 0
108 248 461 0
433 346 461 0
210 263 461 0
201 212 461 0
313 75 461 0
107 106 461 0
2 L3
14 L3
303 150 0 0
266 306 0 0
376 227 0 0
331 304 0 0
533 93 0 0
553 161 0 0
193 286 0 0
514 347 0 0
186 226 0 0
526 50 0 0
335 116 0 0
431 299 0 0
181 265 0 0
107 279 0 0
2 U2
428 0 389 346
428 0 524 231
14 U2
428 0 113 72
428 0 456 239
428 0 147 102
428 0 554 214
428 0 502 150
428 0 425 77
428 0 399 329
428 0 429 267
428 0 511 193
428 0 313 81
428 0 242 60
428 0 314 148
428 0 68 146
428 0 125 79
3
380 88 398 132
303 150 101 223
9 74 315 322
