4
3
L1 526 0
U2 446 0
L3 202 0
9
409 186
9 188
124 111
145 310
276 314
258 261
135 316
274 100
291 77
2 L1
14 L1
100 163 526 0
439 176 526 0
552 140 526 0
208 154 526 0
120 197 526 0
23 292 526 0
97 57 526 0
235 58 526 0
99 227 526 0
154 317 526 0
314 221 526 0
113 69 526 0
249 198 526 0
453 193 526 0
2 L3
14 L3
234 59 202 0
56 230 202 0
446 230 202 0
303 257 202 0
203 346 202 0
424 131 202 0
59 110 202 0
414 300 202 0
445 203 202 0
256 145 202 0
116 286 202 0
104 54 202 0
142 89 202 0
582 84 202 0
2 U2
446 0 359 161
446 0 12 237
14 U2
446 0 551 276
446 0 527 250
446 0 53 347
446 0 505 211
446 0 40 233
446 0 554 52
446 0 162 59
446 0 131 267
446 0 351 309
446 0 346 196
446 0 57 272
446 0 104 112
446 0 407 136
446 0 173 337
3
100 163 277 282
234 59 237 223
439 176 147 218
