5
6
L1 418 0
U2 388 0
L3 282 0
U4 151 0
L5 347 0
U6 252 0
24
36 37
233 25
206 244
165 148
212 268
398 328
588 263
551 78
376 188
54 51
370 195
541 294
150 32
494 56
585 202
213 203
159 334
465 263
489 139
122 272
253 103
497 262
248 82
288 213
2 L1
22 L1
254 193 418 0
223 101 418 0
367 108 418 0
460 164 418 0
41 236 418 0
76 120 418 0
499 146 418 0
304 277 418 0
561 339 418 0
469 173 418 0
545 129 418 0
576 269 418 0
323 190 418 0
503 129 418 0
407 238 418 0
227 143 418 0
344 336 418 0
290 267 418 0
90 250 418 0
71 315 418 0
100 209 418 0
235 203 418 0
2 L3
22 L3
425 199 282 0
512 298 282 0
346 125 282 0
445 343 282 0
338 56 282 0
137 119 282 0
364 277 282 0
246 225 282 0
371 203 282 0
148 299 282 0
186 202 282 0
409 59 282 0
77 250 282 0
263 303 282 0
353 341 282 0
528 284 282 0
493 193 282 0
314 180 282 0
489 169 282 0
162 124 282 0
367 314 282 0
256 203 282 0
2 L5
22 L5
545 119 347 0
568 310 347 0
529 109 347 0
361 208 347 0
17 251 347 0
92 347 347 0
204 115 347 0
129 133 347 0
591 179 347 0
237 193 347 0
470 335 347 0
166 155 347 0
318 135 347 0
500 193 347 0
359 91 347 0
227 159 347 0
202 115 347 0
406 175 347 0
73 62 347 0
454 222 347 0
316 203 347 0
23 110 347 0
2 U2
388 0 192 332
388 0 327 224
22 U2
388 0 359 272
388 0 162 313
388 0 591 114
388 0 320 314
388 0 574 336
388 0 401 121
388 0 10 281
388 0 451 102
388 0 184 161
388 0 228 320
388 0 321 288
388 0 454 126
388 0 413 68
388 0 355 290
388 0 226 187
388 0 230 98
388 0 388 90
388 0 576 168
388 0 564 99
388 0 386 275
388 0 107 74
388 0 429 331
2 U4
151 0 593 53
151 0 210 312
22 U4
151 0 545 211
151 0 223 190
151 0 262 260
151 0 486 123
151 0 26 307
151 0 439 295
151 0 337 256
151 0 51 234
151 0 342 210
151 0 290 300
151 0 332 172
151 0 203 146
151 0 554 132
151 0 170 223
151 0 163 308
151 0 126 343
151 0 119 77
151 0 449 182
151 0 490 56
151 0 182 239
151 0 497 157
151 0 48 312
2 U6
252 0 228 122
252 0 448 347
22 U6
252 0 87 156
252 0 556 93
252 0 417 73
252 0 41 86
252 0 511 274
252 0 265 51
252 0 161 311
252 0 293 216
252 0 174 247
252 0 599 131
252 0 149 319
252 0 479 231
252 0 244 325
252 0 211 301
252 0 24 67
252 0 267 125
252 0 417 84
252 0 121 110
252 0 103 68
252 0 575 226
252 0 486 185
252 0 333 175
7
254 193 222 213
425 199 468 255
545 119 260 182
223 101 512 118
512 298 531 346
568 310 396 269
367 108 69 78
