3
6
L1 348 0
U2 522 0
L3 25 0
U4 389 0
L5 596 0
U6 5 0
30
538 277
390 279
205 129
93 173
556 118
436 344
413 277
157 45
264 166
376 106
273 207
458 46
544 21
77 293
419 219
68 240
132 127
377 31
394 132
160 148
97 272
216 43
533 107
398 45
443 336
592 36
64 160
207 292
437 70
131 88
1 L1
14 L1
575 190 348 0
562 185 348 0
600 333 348 0
379 311 348 0
41 104 348 0
8 208 348 0
91 292 348 0
78 308 348 0
221 218 348 0
154 338 348 0
598 59 348 0
128 157 348 0
285 109 348 0
420 206 348 0
1 L3
14 L3
330 327 25 0
586 308 25 0
237 130 25 0
283 153 25 0
421 250 25 0
521 268 25 0
579 144 25 0
548 181 25 0
582 146 25 0
523 211 25 0
513 133 25 0
15 94 25 0
352 193 25 0
533 114 25 0
1 L5
14 L5
566 250 596 0
309 318 596 0
541 85 596 0
7 273 596 0
132 63 596 0
403 70 596 0
348 140 596 0
163 168 596 0
215 108 596 0
51 191 596 0
10 78 596 0
126 64 596 0
26 70 596 0
585 281 596 0
1 U2
522 0 579 220
14 U2
522 0 84 333
522 0 391 84
522 0 220 240
522 0 365 335
522 0 353 327
522 0 341 96
522 0 258 325
522 0 314 104
522 0 434 74
522 0 355 137
522 0 502 293
522 0 570 348
522 0 340 98
522 0 513 55
1 U4
389 0 180 196
14 U4
389 0 90 277
389 0 287 77
389 0 87 239
389 0 196 281
389 0 404 66
389 0 46 283
389 0 228 324
389 0 398 210
389 0 514 251
389 0 212 240
389 0 436 139
389 0 349 271
389 0 474 292
389 0 313 215
1 U6
5 0 243 174
14 U6
5 0 48 244
5 0 156 243
5 0 146 186
5 0 302 219
5 0 20 270
5 0 328 196
5 0 299 83
5 0 277 290
5 0 100 202
5 0 85 100
5 0 187 334
5 0 328 175
5 0 174 178
5 0 134 205
9
575 190 10 310
330 327 474 300
566 250 485 204
562 185 31 163
586 308 489 308
309 318 172 278
600 333 523 289
237 130 112 198
541 85 212 187
