3
3
L1 530 0
U2 295 0
L3 69 0
9
30 12
498 113
76 38
263 10
381 154
506 303
568 238
393 312
521 44
1 L1
18 L1
345 306 530 0
302 203 530 0
386 91 530 0
424 206 530 0
190 134 530 0
435 348 530 0
586 124 530 0
15 176 530 0
308 305 530 0
264 296 530 0
223 77 530 0
592 341 530 0
158 295 530 0
130 323 530 0
320 248 530 0
53 169 530 0
513 254 530 0
331 280 530 0
1 L3
18 L3
546 178 69 0
591 140 69 0
166 254 69 0
414 141 69 0
595 171 69 0
225 231 69 0
441 318 69 0
458 221 69 0
416 274 69 0
453 172 69 0
140 287 69 0
308 50 69 0
295 174 69 0
224 267 69 0
553 318 69 0
259 120 69 0
585 341 69 0
274 107 69 0
1 U2
295 0 381 115
18 U2
295 0 276 219
295 0 520 301
295 0 205 170
295 0 502 134
295 0 407 100
295 0 415 112
295 0 279 331
295 0 224 164
295 0 569 94
295 0 428 309
295 0 448 55
295 0 243 93
295 0 504 164
295 0 444 265
295 0 566 293
295 0 584 106
295 0 277 324
295 0 238 224
9
345 306 36 107
546 178 339 315
302 203 385 76
591 140 599 70
386 91 449 99
166 254 509 93
424 206 324 329
414 141 575 324
190 134 461 98
