3
4
L1 205 0
U2 461 0
L3 257 0
U4 54 0
16
121 247
34 4
518 195
510 243
164 141
43 137
570 63
468 72
138 21
11 29
517 85
149 192
497 9
111 95
538 19
352 27
1 L1
18 L1
280 79 205 0
387 254 205 0
326 141 205 0
397 302 205 0
144 119 205 0
501 116 205 0
3 253 205 0
430 243 205 0
569 95 205 0
44 343 205 0
295 345 205 0
168 277 205 0
591 274 205 0
218 160 205 0
324 212 205 0
526 112 205 0
14 56 205 0
301 171 205 0
1 L3
18 L3
422 335 257 0
462 200 257 0
374 217 257 0
507 325 257 0
383 273 257 0
145 122 257 0
70 95 257 0
97 206 257 0
303 230 257 0
207 270 257 0
548 227 257 0
413 272 257 0
35 114 257 0
584 138 257 0
12 55 257 0
338 133 257 0
433 175 257 0
375 189 257 0
1 U2
461 0 336 104
18 U2
461 0 466 325
461 0 571 298
461 0 137 138
461 0 511 75
461 0 156 202
461 0 406 311
461 0 45 85
461 0 462 268
461 0 282 169
461 0 35 132
461 0 440 348
461 0 566 247
461 0 269 153
461 0 153 166
461 0 370 224
461 0 452 179
461 0 39 252
461 0 539 204
1 U4
54 0 549 307
18 U4
54 0 297 142
54 0 218 120
54 0 187 161
54 0 496 69
54 0 384 307
54 0 577 328
54 0 283 291
54 0 395 319
54 0 155 184
54 0 168 286
54 0 338 61
54 0 583 343
54 0 429 284
54 0 342 165
54 0 65 151
54 0 360 322
54 0 3 64
54 0 475 337
4
280 79 402 278
422 335 273 51
387 254 579 98
462 200 8 152
