3
4
L1 580 0
U2 351 0
L3 257 0
U4 507 0
12
193 172
290 338
118 145
110 49
208 131
152 301
67 243
279 304
509 213
139 149
147 220
589 109
1 L1
14 L1
575 100 580 0
33 282 580 0
25 166 580 0
156 294 580 0
61 220 580 0
525 333 580 0
453 177 580 0
220 194 580 0
295 132 580 0
229 141 580 0
92 275 580 0
322 210 580 0
98 291 580 0
576 89 580 0
1 L3
14 L3
3 295 257 0
165 205 257 0
48 88 257 0
139 133 257 0
205 57 257 0
279 280 257 0
559 157 257 0
372 216 257 0
172 127 257 0
335 214 257 0
42 157 257 0
74 219 257 0
514 223 257 0
544 142 257 0
1 U2
351 0 330 202
14 U2
351 0 15 311
351 0 403 132
351 0 79 292
351 0 314 140
351 0 52 64
351 0 207 210
351 0 340 50
351 0 208 257
351 0 494 305
351 0 298 66
351 0 212 305
351 0 509 118
351 0 249 346
351 0 595 208
1 U4
507 0 361 145
14 U4
507 0 164 271
507 0 143 226
507 0 565 215
507 0 66 106
507 0 583 279
507 0 154 178
507 0 402 349
507 0 104 203
507 0 478 314
507 0 404 253
507 0 555 155
507 0 455 270
507 0 8 134
507 0 250 345
9
575 100 74 181
3 295 377 165
33 282 135 290
165 205 310 349
25 166 22 262
48 88 84 111
156 294 125 307
139 133 225 159
61 220 135 337
