4
4
L1 393 0
U2 172 0
L3 294 0
U4 501 0
16
164 51
243 171
447 304
151 54
467 219
271 15
51 265
474 205
530 68
233 247
169 266
283 115
512 106
272 324
325 309
413 27
2 L1
14 L1
408 277 393 0
479 256 393 0
483 152 393 0
575 343 393 0
539 176 393 0
433 334 393 0
502 286 393 0
305 229 393 0
44 170 393 0
360 206 393 0
281 85 393 0
183 280 393 0
107 323 393 0
508 75 393 0
2 L3
14 L3
78 297 294 0
365 301 294 0
77 58 294 0
37 122 294 0
329 124 294 0
276 279 294 0
187 243 294 0
66 132 294 0
347 308 294 0
79 329 294 0
111 237 294 0
321 68 294 0
0 156 294 0
306 92 294 0
2 U2
172 0 296 285
172 0 539 71
14 U2
172 0 450 143
172 0 232 139
172 0 487 230
172 0 341 333
172 0 186 275
172 0 496 286
172 0 151 343
172 0 458 124
172 0 453 277
172 0 180 171
172 0 235 116
172 0 206 61
172 0 570 233
172 0 509 301
2 U4
501 0 146 268
501 0 104 202
14 U4
501 0 23 240
501 0 193 182
501 0 321 316
501 0 380 279
501 0 597 156
501 0 23 73
501 0 447 66
501 0 534 167
501 0 467 246
501 0 487 105
501 0 512 129
501 0 337 274
501 0 532 66
501 0 439 145
3
408 277 162 108
78 297 46 59
479 256 383 124
