3
3
L1 264 0
U2 5 0
L3 36 0
12
106 185
485 52
342 41
583 176
119 2
348 207
433 331
11 314
578 136
50 32
180 132
482 240
1 L1
18 L1
511 87 264 0
126 238 264 0
210 53 264 0
513 108 264 0
282 97 264 0
82 272 264 0
218 126 264 0
377 318 264 0
463 323 264 0
384 207 264 0
588 277 264 0
566 135 264 0
377 188 264 0
571 73 264 0
351 288 264 0
85 333 264 0
47 286 264 0
42 250 264 0
1 L3
18 L3
433 341 36 0
549 114 36 0
343 146 36 0
79 91 36 0
328 219 36 0
595 106 36 0
556 113 36 0
563 178 36 0
511 264 36 0
230 131 36 0
270 214 36 0
408 336 36 0
400 142 36 0
391 347 36 0
82 306 36 0
446 246 36 0
307 201 36 0
304 292 36 0
1 U2
5 0 534 324
18 U2
5 0 523 149
5 0 506 95
5 0 520 179
5 0 526 125
5 0 86 138
5 0 79 115
5 0 409 123
5 0 137 70
5 0 395 104
5 0 336 280
5 0 508 64
5 0 43 322
5 0 479 297
5 0 335 91
5 0 26 126
5 0 343 63
5 0 504 292
5 0 497 132
9
511 87 79 136
433 341 295 121
126 238 563 172
549 114 541 144
210 53 154 344
343 146 51 319
513 108 22 108
79 91 414 298
282 97 7 69
