5
6
L1 96 0
U2 580 0
L3 27 0
U4 252 0
L5 437 0
U6 156 0
24
342 136
253 239
235 60
577 338
316 200
65 150
195 84
595 128
336 148
294 275
394 207
546 142
24 315
550 62
165 281
366 135
11 101
405 252
431 89
357 40
437 92
236 229
407 136
400 140
2 L1
14 L1
452 130 96 0
335 348 96 0
86 310 96 0
174 113 96 0
221 64 96 0
156 83 96 0
57 314 96 0
489 54 96 0
239 270 96 0
422 109 96 0
234 158 96 0
256 290 96 0
542 130 96 0
524 82 96 0
2 L3
14 L3
94 136 27 0
446 97 27 0
401 207 27 0
15 236 27 0
374 219 27 0
237 220 27 0
278 126 27 0
213 195 27 0
315 148 27 0
99 177 27 0
124 167 27 0
221 289 27 0
596 179 27 0
368 309 27 0
2 L5
14 L5
534 240 437 0
265 337 437 0
80 303 437 0
18 296 437 0
470 346 437 0
489 178 437 0
218 88 437 0
388 87 437 0
20 280 437 0
397 202 437 0
53 67 437 0
249 218 437 0
365 312 437 0
493 165 437 0
2 U2
580 0 397 139
580 0 518 204
14 U2
580 0 247 191
580 0 159 96
580 0 503 119
580 0 118 181
580 0 527 331
580 0 49 259
580 0 323 234
580 0 1 331
580 0 454 254
580 0 354 252
580 0 512 200
580 0 145 287
580 0 214 173
580 0 322 180
2 U4
252 0 449 308
252 0 235 102
14 U4
252 0 547 178
252 0 546 162
252 0 478 73
252 0 178 156
252 0 47 50
252 0 376 245
252 0 576 118
252 0 514 155
252 0 424 329
252 0 302 317
252 0 424 284
252 0 222 159
252 0 262 318
252 0 369 96
2 U6
156 0 313 143
156 0 445 162
14 U6
156 0 336 127
156 0 336 206
156 0 238 338
156 0 319 276
156 0 447 84
156 0 567 195
156 0 447 183
156 0 280 313
156 0 139 179
156 0 222 170
156 0 143 82
156 0 46 81
156 0 520 315
156 0 367 55
13
452 130 108 158
94 136 392 232
534 240 383 104
335 348 339 164
446 97 417 317
265 337 553 73
86 310 338 219
401 207 398 237
80 303 104 52
174 113 115 216
15 236 527 158
18 296 213 240
221 64 449 156
