4
6
L1 457 0
U2 482 0
L3 366 0
U4 85 0
L5 90 0
U6 337 0
24
195 101
516 92
159 322
466 137
502 15
2 115
205 325
81 310
355 185
340 153
228 65
261 133
518 68
48 57
116 109
201 337
192 12
486 335
122 103
213 333
360 296
454 171
318 48
580 98
2 L1
14 L1
494 331 457 0
305 270 457 0
184 156 457 0
84 163 457 0
320 126 457 0
557 342 457 0
104 66 457 0
367 162 457 0
339 246 457 0
143 227 457 0
586 307 457 0
481 72 457 0
600 330 457 0
524 330 457 0
2 L3
14 L3
530 195 366 0
402 157 366 0
221 57 366 0
373 225 366 0
513 188 366 0
200 63 366 0
342 227 366 0
47 350 366 0
327 140 366 0
316 60 366 0
343 305 366 0
355 56 366 0
63 163 366 0
245 50 366 0
2 L5
14 L5
166 315 90 0
443 63 90 0
478 237 90 0
310 238 90 0
309 171 90 0
570 260 90 0
581 87 90 0
296 335 90 0
73 89 90 0
276 278 90 0
369 103 90 0
508 180 90 0
333 129 90 0
444 63 90 0
2 U2
482 0 571 293
482 0 323 54
14 U2
482 0 268 269
482 0 211 318
482 0 514 235
482 0 391 283
482 0 177 187
482 0 473 305
482 0 217 211
482 0 258 183
482 0 65 127
482 0 458 235
482 0 136 282
482 0 359 149
482 0 180 347
482 0 262 262
2 U4
85 0 475 296
85 0 102 77
14 U4
85 0 412 53
85 0 290 273
85 0 512 149
85 0 536 321
85 0 409 318
85 0 351 88
85 0 153 223
85 0 275 69
85 0 102 213
85 0 247 199
85 0 81 296
85 0 294 256
85 0 380 141
85 0 158 339
2 U6
337 0 586 330
337 0 338 124
14 U6
337 0 180 119
337 0 272 305
337 0 137 305
337 0 328 119
337 0 534 273
337 0 499 188
337 0 49 265
337 0 461 175
337 0 120 142
337 0 353 276
337 0 377 184
337 0 299 75
337 0 337 226
337 0 47 170
5
494 331 311 166
530 195 280 325
166 315 234 78
305 270 292 262
402 157 469 223
