5
3
L1 167 0
U2 364 0
L3 95 0
9
432 174
345 329
345 197
39 293
476 171
589 347
328 81
29 322
462 283
2 L1
10 L1
89 131 167 0
60 256 167 0
406 81 167 0
150 189 167 0
79 138 167 0
115 201 167 0
408 180 167 0
281 186 167 0
133 189 167 0
463 301 167 0
2 L3
10 L3
124 245 95 0
383 339 95 0
101 177 95 0
303 274 95 0
344 259 95 0
591 113 95 0
292 303 95 0
100 240 95 0
338 263 95 0
120 286 95 0
2 U2
364 0 260 321
364 0 127 235
10 U2
364 0 415 76
364 0 571 158
364 0 211 200
364 0 597 315
364 0 228 337
364 0 253 319
364 0 136 101
364 0 517 179
364 0 102 189
364 0 388 203
3
89 131 367 293
124 245 172 241
60 256 579 160
