4
4
L1 276 0
U2 389 0
L3 503 0
U4 233 0
20
555 201
147 125
36 220
335 140
154 74
27 73
500 216
205 312
459 155
427 276
97 69
424 114
477 151
458 292
580 33
423 321
582 341
493 16
165 77
292 321
2 L1
14 L1
511 168 276 0
575 161 276 0
173 294 276 0
299 350 276 0
321 341 276 0
242 141 276 0
308 129 276 0
303 308 276 0
235 191 276 0
21 89 276 0
563 306 276 0
133 318 276 0
120 172 276 0
274 63 276 0
2 L3
14 L3
31 238 503 0
425 165 503 0
356 234 503 0
178 185 503 0
458 226 503 0
557 148 503 0
287 185 503 0
81 346 503 0
236 227 503 0
513 278 503 0
490 191 503 0
409 110 503 0
96 145 503 0
193 316 503 0
2 U2
389 0 300 100
389 0 472 325
14 U2
389 0 324 84
389 0 252 294
389 0 548 55
389 0 447 86
389 0 18 334
389 0 313 189
389 0 322 189
389 0 595 72
389 0 223 163
389 0 252 164
389 0 18 171
389 0 111 132
389 0 117 289
389 0 119 175
2 U4
233 0 454 264
233 0 148 298
14 U4
233 0 323 225
233 0 394 173
233 0 560 265
233 0 518 220
233 0 253 172
233 0 193 172
233 0 283 248
233 0 479 71
233 0 58 110
233 0 158 93
233 0 84 268
233 0 521 252
233 0 355 299
233 0 290 126
9
511 168 239 333
31 238 553 257
575 161 96 227
425 165 580 324
173 294 463 247
356 234 392 314
299 350 541 239
178 185 99 263
321 341 112 227
