5
3
L1 135 0
U2 8 0
L3 584 0
15
588 259
43 35
52 155
108 257
469 314
342 332
373 344
455 22
574 178
268 150
439 327
2 303
450 341
245 218
296 302
2 L1
22 L1
84 53 135 0
390 198 135 0
348 313 135 0
485 312 135 0
270 198 135 0
517 332 135 0
516 216 135 0
107 243 135 0
527 140 135 0
407 221 135 0
290 128 135 0
257 132 135 0
335 87 135 0
129 272 135 0
92 161 135 0
118 94 135 0
136 259 135 0
592 219 135 0
514 89 135 0
147 68 135 0
138 327 135 0
49 178 135 0
2 L3
22 L3
223 55 584 0
389 212 584 0
350 220 584 0
246 213 584 0
148 280 584 0
130 141 584 0
277 251 584 0
265 140 584 0
194 216 584 0
19 172 584 0
407 215 584 0
174 283 584 0
398 59 584 0
115 203 584 0
576 274 584 0
3 264 584 0
364 239 584 0
375 71 584 0
103 75 584 0
88 94 584 0
422 224 584 0
32 222 584 0
2 U2
8 0 178 66
8 0 589 303
22 U2
8 0 274 61
8 0 459 84
8 0 535 236
8 0 324 311
8 0 66 212
8 0 478 234
8 0 515 174
8 0 448 343
8 0 324 344
8 0 258 188
8 0 53 69
8 0 573 302
8 0 457 122
8 0 379 298
8 0 453 61
8 0 472 333
8 0 327 109
8 0 140 98
8 0 49 75
8 0 463 303
8 0 116 339
8 0 211 304
10
84 53 225 149
223 55 91 128
390 198 464 104
389 212 158 158
348 313 495 97
350 220 90 72
485 312 176 131
246 213 92 68
270 198 426 113
148 280 486 261
