4
4
L1 60 0
U2 482 0
L3 275 0
U4 117 0
12
320 259
370 112
198 134
340 126
62 124
389 55
372 178
484 8
413 106
568 108
183 148
77 26
2 L1
14 L1
243 344 60 0
16 237 60 0
225 309 60 0
547 102 60 0
460 350 60 0
176 343 60 0
315 302 60 0
260 216 60 0
2 348 60 0
286 304 60 0
400 196 60 0
393 320 60 0
125 200 60 0
279 197 60 0
2 L3
14 L3
388 302 275 0
168 137 275 0
416 286 275 0
579 132 275 0
457 340 275 0
477 100 275 0
170 125 275 0
443 343 275 0
163 132 275 0
381 133 275 0
23 150 275 0
15 156 275 0
112 126 275 0
285 168 275 0
2 U2
482 0 332 181
482 0 299 218
14 U2
482 0 332 330
482 0 299 169
482 0 498 222
482 0 231 333
482 0 291 310
482 0 280 241
482 0 582 190
482 0 28 256
482 0 309 263
482 0 337 114
482 0 221 342
482 0 185 113
482 0 234 115
482 0 594 109
2 U4
117 0 123 264
117 0 119 234
14 U4
117 0 171 75
117 0 197 343
117 0 5 316
117 0 315 108
117 0 558 340
117 0 199 67
117 0 387 146
117 0 279 53
117 0 478 158
117 0 158 111
117 0 415 181
117 0 476 216
117 0 133 274
117 0 82 318
6
243 344 22 254
388 302 449 264
16 237 370 230
168 137 459 193
225 309 320 259
416 286 2 180
