4
5
L1 192 0
U2 49 0
L3 415 0
U4 503 0
L5 221 0
20
479 16
527 294
440 282
9 245
589 138
424 68
358 181
113 231
97 7
514 239
121 136
195 309
185 270
35 197
270 207
519 100
155 75
453 7
199 290
30 56
2 L1
10 L1
225 327 192 0
45 204 192 0
8 326 192 0
96 307 192 0
495 155 192 0
522 318 192 0
453 90 192 0
332 211 192 0
307 142 192 0
166 76 192 0
2 L3
10 L3
515 246 415 0
376 57 415 0
47 206 415 0
247 178 415 0
239 144 415 0
443 227 415 0
191 137 415 0
561 251 415 0
171 194 415 0
495 192 415 0
2 L5
10 L5
495 128 221 0
227 111 221 0
567 251 221 0
31 94 221 0
443 187 221 0
238 142 221 0
403 273 221 0
568 169 221 0
523 326 221 0
7 161 221 0
2 U2
49 0 424 234
49 0 448 111
10 U2
49 0 524 262
49 0 459 60
49 0 106 296
49 0 563 141
49 0 315 54
49 0 115 287
49 0 215 94
49 0 429 121
49 0 312 130
49 0 378 224
2 U4
503 0 573 253
503 0 526 270
10 U4
503 0 403 258
503 0 385 100
503 0 54 121
503 0 527 113
503 0 522 277
503 0 16 167
503 0 291 179
503 0 281 73
503 0 137 221
503 0 545 336
8
225 327 585 80
515 246 46 321
495 128 513 119
45 204 58 322
376 57 134 220
227 111 253 213
8 326 503 133
47 206 290 134
