3
3
L1 435 0
U2 323 0
L3 271 0
12
508 285
541 350
367 47
121 338
528 37
445 240
393 164
285 68
504 73
537 25
65 267
372 136
1 L1
22 L1
506 264 435 0
139 228 435 0
519 302 435 0
234 278 435 0
546 145 435 0
552 217 435 0
358 312 435 0
180 288 435 0
328 280 435 0
401 98 435 0
295 323 435 0
372 198 435 0
547 178 435 0
373 180 435 0
482 327 435 0
462 66 435 0
88 175 435 0
32 179 435 0
572 252 435 0
508 168 435 0
205 59 435 0
328 72 435 0
1 L3
22 L3
580 70 271 0
367 240 271 0
179 175 271 0
596 281 271 0
13 251 271 0
372 163 271 0
58 79 271 0
328 348 271 0
102 296 271 0
51 56 271 0
17 323 271 0
507 249 271 0
434 172 271 0
515 219 271 0
427 330 271 0
397 251 271 0
367 116 271 0
68 246 271 0
182 93 271 0
421 102 271 0
55 95 271 0
260 114 271 0
1 U2
323 0 254 149
22 U2
323 0 360 344
323 0 461 203
323 0 133 235
323 0 305 333
323 0 518 348
323 0 433 129
323 0 11 177
323 0 246 281
323 0 438 345
323 0 587 145
323 0 139 176
323 0 145 109
323 0 589 338
323 0 213 309
323 0 532 303
323 0 290 189
323 0 146 173
323 0 296 289
323 0 555 118
323 0 592 211
323 0 431 338
323 0 304 197
7
506 264 507 143
580 70 346 315
139 228 70 157
367 240 52 325
519 302 127 94
179 175 48 130
234 278 225 63
