3
3
L1 375 0
U2 60 0
L3 430 0
9
599 129
521 308
518 316
550 181
515 204
558 208
153 169
266 163
383 76
1 L1
10 L1
537 125 375 0
598 309 375 0
484 343 375 0
67 318 375 0
177 300 375 0
164 267 375 0
170 208 375 0
269 272 375 0
150 232 375 0
439 315 375 0
1 L3
10 L3
341 140 430 0
15 125 430 0
332 235 430 0
486 269 430 0
75 161 430 0
446 208 430 0
588 219 430 0
126 68 430 0
599 235 430 0
121 137 430 0
1 U2
60 0 47 201
10 U2
60 0 129 134
60 0 311 311
60 0 161 231
60 0 455 61
60 0 76 298
60 0 359 61
60 0 538 212
60 0 211 213
60 0 47 225
60 0 375 122
3
537 125 488 320
341 140 166 196
598 309 133 297
