3
3
L1 357 0
U2 195 0
L3 121 0
12
586 39
220 215
276 42
376 169
314 252
559 203
194 91
271 311
341 287
314 329
6 221
63 225
1 L1
14 L1
94 77 357 0
453 151 357 0
511 192 357 0
493 222 357 0
482 236 357 0
274 177 357 0
11 71 357 0
47 178 357 0
309 148 357 0
510 141 357 0
27 316 357 0
560 141 357 0
61 346 357 0
36 342 357 0
1 L3
14 L3
55 124 121 0
441 255 121 0
391 175 121 0
137 242 121 0
507 87 121 0
504 272 121 0
574 81 121 0
326 195 121 0
498 203 121 0
104 235 121 0
34 87 121 0
120 301 121 0
91 317 121 0
176 283 121 0
1 U2
195 0 69 148
14 U2
195 0 183 85
195 0 532 136
195 0 523 236
195 0 367 224
195 0 495 123
195 0 126 331
195 0 535 51
195 0 541 160
195 0 283 61
195 0 488 138
195 0 342 111
195 0 589 110
195 0 332 105
195 0 335 249
3
94 77 541 221
55 124 163 284
453 151 201 299
