4
5
L1 113 0
U2 229 0
L3 285 0
U4 266 0
L5 0 0
25
258 257
426 33
188 307
503 169
591 349
243 243
481 251
241 186
509 266
278 319
115 337
104 58
54 291
519 216
258 230
118 297
249 122
191 36
111 334
352 206
541 329
305 261
579 188
148 197
542 9
2 L1
22 L1
205 193 113 0
61 299 113 0
522 67 113 0
405 215 113 0
114 238 113 0
153 196 113 0
119 141 113 0
17 64 113 0
566 177 113 0
492 250 113 0
287 126 113 0
8 110 113 0
514 184 113 0
556 298 113 0
540 119 113 0
373 284 113 0
168 138 113 0
458 146 113 0
66 134 113 0
458 239 113 0
394 73 113 0
481 63 113 0
2 L3
22 L3
411 86 285 0
461 124 285 0
29 212 285 0
214 123 285 0
384 106 285 0
176 233 285 0
244 51 285 0
368 143 285 0
592 79 285 0
88 221 285 0
227 121 285 0
376 201 285 0
365 292 285 0
577 177 285 0
347 114 285 0
14 81 285 0
557 58 285 0
142 94 285 0
173 66 285 0
381 350 285 0
291 217 285 0
508 275 285 0
2 L5
22 L5
430 315 0 0
501 216 0 0
414 232 0 0
326 70 0 0
411 247 0 0
155 228 0 0
470 218 0 0
420 165 0 0
372 213 0 0
118 164 0 0
96 77 0 0
410 290 0 0
4 66 0 0
468 60 0 0
499 161 0 0
580 344 0 0
589 273 0 0
570 59 0 0
212 110 0 0
244 261 0 0
579 268 0 0
336 270 0 0
2 U2
229 0 36 287
229 0 299 222
22 U2
229 0 357 123
229 0 44 169
229 0 489 170
229 0 319 221
229 0 542 260
229 0 1 199
229 0 425 190
229 0 71 329
229 0 280 289
229 0 398 314
229 0 98 211
229 0 571 63
229 0 284 68
229 0 50 346
229 0 111 304
229 0 59 154
229 0 452 193
229 0 359 83
229 0 113 349
229 0 307 166
229 0 369 114
229 0 275 109
2 U4
266 0 345 238
266 0 114 230
22 U4
266 0 89 63
266 0 191 241
266 0 551 129
266 0 107 191
266 0 184 89
266 0 491 221
266 0 147 269
266 0 5 196
266 0 488 214
266 0 75 306
266 0 184 219
266 0 597 333
266 0 404 277
266 0 118 217
266 0 330 111
266 0 145 289
266 0 254 115
266 0 187 275
266 0 319 147
266 0 20 266
266 0 562 182
266 0 12 115
6
205 193 200 254
411 86 113 216
430 315 432 222
61 299 215 318
461 124 360 189
501 216 311 175
