5
3
L1 34 0
U2 142 0
L3 598 0
9
480 59
210 243
213 151
92 192
542 255
90 248
330 90
46 133
130 29
2 L1
22 L1
304 272 34 0
256 273 34 0
541 199 34 0
140 68 34 0
482 186 34 0
484 138 34 0
293 276 34 0
284 306 34 0
301 196 34 0
438 242 34 0
133 311 34 0
177 268 34 0
326 143 34 0
471 211 34 0
76 232 34 0
521 174 34 0
18 298 34 0
212 80 34 0
285 238 34 0
554 149 34 0
11 239 34 0
71 175 34 0
2 L3
22 L3
249 266 598 0
103 138 598 0
91 145 598 0
317 115 598 0
237 324 598 0
385 344 598 0
278 240 598 0
161 259 598 0
415 298 598 0
480 125 598 0
34 178 598 0
320 88 598 0
50 257 598 0
377 163 598 0
523 240 598 0
167 166 598 0
27 344 598 0
279 107 598 0
423 187 598 0
42 285 598 0
289 198 598 0
590 89 598 0
2 U2
142 0 532 61
142 0 140 263
22 U2
142 0 411 109
142 0 496 189
142 0 406 288
142 0 513 161
142 0 520 138
142 0 283 219
142 0 497 178
142 0 94 57
142 0 218 82
142 0 167 337
142 0 70 220
142 0 387 233
142 0 544 258
142 0 25 218
142 0 43 197
142 0 443 171
142 0 313 117
142 0 199 339
142 0 547 130
142 0 491 102
142 0 235 151
142 0 438 76
4
304 272 40 66
249 266 334 62
256 273 557 123
103 138 506 311
