3
4
L1 432 0
U2 142 0
L3 267 0
U4 436 0
12
290 171
245 189
434 10
59 84
503 16
574 231
528 118
415 281
23 275
53 292
80 35
522 314
1 L1
14 L1
405 84 432 0
44 144 432 0
503 239 432 0
564 324 432 0
400 155 432 0
170 330 432 0
211 217 432 0
172 162 432 0
547 147 432 0
181 179 432 0
563 103 432 0
90 153 432 0
499 299 432 0
97 73 432 0
1 L3
14 L3
182 173 267 0
463 104 267 0
174 82 267 0
113 201 267 0
115 227 267 0
438 272 267 0
53 54 267 0
358 186 267 0
242 214 267 0
144 108 267 0
81 272 267 0
170 236 267 0
231 112 267 0
469 87 267 0
1 U2
142 0 356 341
14 U2
142 0 322 71
142 0 361 307
142 0 174 140
142 0 452 246
142 0 356 132
142 0 406 114
142 0 462 227
142 0 311 212
142 0 59 161
142 0 79 219
142 0 18 138
142 0 226 105
142 0 115 134
142 0 552 137
1 U4
436 0 164 309
14 U4
436 0 330 74
436 0 461 341
436 0 421 177
436 0 423 345
436 0 579 274
436 0 484 321
436 0 51 122
436 0 565 261
436 0 65 129
436 0 114 175
436 0 248 57
436 0 235 50
436 0 498 224
436 0 123 142
3
405 84 130 82
182 173 464 195
44 144 481 154
