5
3
L1 559 0
U2 579 0
L3 588 0
15
451 10
494 217
411 167
100 38
492 221
36 221
16 320
30 213
232 192
509 63
180 4
266 76
468 140
252 112
422 309
2 L1
10 L1
290 285 559 0
339 82 559 0
375 233 559 0
542 247 559 0
58 162 559 0
148 108 559 0
413 264 559 0
189 265 559 0
483 320 559 0
58 95 559 0
2 L3
10 L3
56 341 588 0
455 267 588 0
405 344 588 0
522 338 588 0
122 123 588 0
195 69 588 0
534 343 588 0
454 262 588 0
276 112 588 0
448 315 588 0
2 U2
579 0 364 89
579 0 89 141
10 U2
579 0 351 257
579 0 151 70
579 0 91 87
579 0 166 258
579 0 356 193
579 0 413 254
579 0 172 124
579 0 367 285
579 0 116 201
579 0 508 261
2
290 285 193 186
56 341 162 103
