3
4
L1 213 0
U2 338 0
L3 186 0
U4 52 0
20
54 263
429 158
328 152
429 0
275 121
150 127
563 85
365 274
301 296
73 74
325 340
373 191
457 88
588 298
567 14
379 226
121 246
250 182
216 272
588 210
1 L1
22 L1
420 70 213 0
21 66 213 0
43 210 213 0
428 73 213 0
519 222 213 0
147 191 213 0
163 153 213 0
223 201 213 0
274 107 213 0
533 262 213 0
587 190 213 0
361 140 213 0
4 111 213 0
64 250 213 0
501 261 213 0
154 317 213 0
24 96 213 0
326 245 213 0
265 62 213 0
76 289 213 0
320 116 213 0
152 217 213 0
1 L3
22 L3
474 169 186 0
208 67 186 0
66 65 186 0
127 301 186 0
63 295 186 0
480 162 186 0
93 74 186 0
172 256 186 0
297 107 186 0
289 183 186 0
430 166 186 0
311 193 186 0
473 347 186 0
58 247 186 0
309 159 186 0
508 166 186 0
339 217 186 0
38 76 186 0
430 148 186 0
104 298 186 0
211 289 186 0
533 198 186 0
1 U2
338 0 75 130
22 U2
338 0 283 267
338 0 313 57
338 0 495 272
338 0 38 159
338 0 144 258
338 0 225 79
338 0 486 120
338 0 532 287
338 0 124 113
338 0 432 331
338 0 140 289
338 0 47 113
338 0 463 112
338 0 174 203
338 0 196 202
338 0 46 211
338 0 539 248
338 0 127 163
338 0 165 86
338 0 558 75
338 0 237 204
338 0 50 55
1 U4
52 0 562 296
22 U4
52 0 578 144
52 0 2 190
52 0 5 232
52 0 442 197
52 0 145 321
52 0 352 174
52 0 102 186
52 0 153 111
52 0 271 279
52 0 268 74
52 0 325 241
52 0 206 269
52 0 58 79
52 0 72 208
52 0 109 311
52 0 565 157
52 0 514 337
52 0 587 99
52 0 540 347
52 0 540 137
52 0 225 261
52 0 202 293
9
420 70 49 250
474 169 386 178
21 66 45 81
208 67 284 89
43 210 579 190
66 65 358 274
428 73 225 237
127 301 550 189
519 222 574 336
