5
5
L1 3 0
U2 307 0
L3 561 0
U4 437 0
L5 539 0
20
84 99
208 343
435 204
293 243
579 231
534 185
295 291
181 266
600 344
598 284
425 173
43 175
393 136
13 66
213 150
15 335
367 201
466 99
402 120
7 296
2 L1
10 L1
210 332 3 0
360 114 3 0
376 93 3 0
247 132 3 0
535 71 3 0
99 293 3 0
403 141 3 0
269 347 3 0
45 328 3 0
281 162 3 0
2 L3
10 L3
265 139 561 0
495 248 561 0
24 129 561 0
119 201 561 0
520 261 561 0
177 101 561 0
238 63 561 0
208 323 561 0
72 109 561 0
171 91 561 0
2 L5
10 L5
54 236 539 0
426 287 539 0
414 81 539 0
324 276 539 0
426 80 539 0
381 54 539 0
528 65 539 0
347 180 539 0
247 197 539 0
226 117 539 0
2 U2
307 0 196 193
307 0 61 350
10 U2
307 0 80 162
307 0 97 336
307 0 220 350
307 0 21 110
307 0 416 318
307 0 464 221
307 0 121 322
307 0 353 97
307 0 524 59
307 0 246 339
2 U4
437 0 600 262
437 0 402 286
10 U4
437 0 143 92
437 0 300 96
437 0 548 217
437 0 306 192
437 0 30 312
437 0 286 155
437 0 295 273
437 0 349 218
437 0 555 97
437 0 109 80
5
210 332 390 238
265 139 322 213
54 236 537 217
360 114 50 350
495 248 414 162
