5
4
L1 424 0
U2 395 0
L3 481 0
U4 46 0
20
330 180
8 238
317 84
218 43
294 263
390 347
0 162
94 38
487 312
216 184
60 14
48 2
89 30
85 171
270 213
66 218
501 273
509 97
90 72
265 295
2 L1
18 L1
317 263 424 0
534 50 424 0
358 293 424 0
113 305 424 0
35 171 424 0
275 302 424 0
63 220 424 0
53 114 424 0
203 254 424 0
428 304 424 0
146 271 424 0
18 262 424 0
295 220 424 0
88 259 424 0
49 126 424 0
61 220 424 0
30 312 424 0
214 123 424 0
2 L3
18 L3
409 255 481 0
439 183 481 0
244 253 481 0
435 337 481 0
183 232 481 0
356 262 481 0
542 89 481 0
366 206 481 0
12 297 481 0
351 349 481 0
152 347 481 0
449 243 481 0
324 210 481 0
405 85 481 0
86 188 481 0
337 258 481 0
13 160 481 0
269 91 481 0
2 U2
395 0 244 136
395 0 163 218
18 U2
395 0 109 161
395 0 241 212
395 0 548 319
395 0 557 227
395 0 331 173
395 0 360 193
395 0 141 269
395 0 378 80
395 0 13 142
395 0 72 175
395 0 311 274
395 0 490 322
395 0 173 100
395 0 12 100
395 0 390 106
395 0 41 63
395 0 306 68
395 0 155 54
2 U4
46 0 595 138
46 0 34 132
18 U4
46 0 54 334
46 0 546 249
46 0 70 66
46 0 422 57
46 0 86 124
46 0 36 259
46 0 444 99
46 0 125 229
46 0 133 295
46 0 230 87
46 0 576 187
46 0 534 114
46 0 335 280
46 0 421 223
46 0 122 280
46 0 76 178
46 0 31 77
46 0 280 345
8
317 263 540 176
409 255 587 287
534 50 216 72
439 183 551 54
358 293 173 159
244 253 339 165
113 305 271 90
435 337 121 217
