3
4
L1 138 0
U2 542 0
L3 439 0
U4 178 0
16
569 148
138 17
346 51
53 232
211 271
468 73
248 204
328 340
122 33
45 26
556 238
370 120
488 280
336 71
428 69
468 28
1 L1
14 L1
15 199 138 0
514 267 138 0
140 213 138 0
373 212 138 0
533 308 138 0
281 69 138 0
39 349 138 0
63 51 138 0
394 81 138 0
32 121 138 0
490 77 138 0
467 105 138 0
556 83 138 0
203 210 138 0
1 L3
14 L3
101 75 439 0
359 241 439 0
506 167 439 0
99 118 439 0
158 290 439 0
347 233 439 0
242 69 439 0
366 288 439 0
201 146 439 0
259 242 439 0
453 190 439 0
368 220 439 0
339 291 439 0
381 244 439 0
1 U2
542 0 55 272
14 U2
542 0 387 285
542 0 535 265
542 0 555 67
542 0 537 100
542 0 138 179
542 0 122 133
542 0 15 114
542 0 124 186
542 0 29 265
542 0 299 151
542 0 239 127
542 0 67 79
542 0 9 316
542 0 346 337
1 U4
178 0 22 301
14 U4
178 0 79 230
178 0 123 158
178 0 154 110
178 0 431 242
178 0 472 214
178 0 114 225
178 0 46 219
178 0 85 223
178 0 37 298
178 0 33 127
178 0 136 326
178 0 474 117
178 0 595 187
178 0 70 236
3
15 199 23 297
101 75 334 103
514 267 57 316
