4
5
L1 477 0
U2 216 0
L3 270 0
U4 289 0
L5 69 0
15
405 11
353 298
145 59
442 115
329 53
482 183
562 315
41 327
495 90
201 256
456 349
204 321
158 187
179 195
213 11
2 L1
14 L1
64 58 477 0
10 231 477 0
499 162 477 0
70 85 477 0
200 88 477 0
553 102 477 0
445 177 477 0
550 78 477 0
307 333 477 0
247 305 477 0
176 91 477 0
49 267 477 0
454 135 477 0
473 103 477 0
2 L3
14 L3
27 328 270 0
218 240 270 0
445 267 270 0
339 213 270 0
93 315 270 0
328 54 270 0
91 81 270 0
189 314 270 0
32 252 270 0
263 284 270 0
196 172 270 0
167 78 270 0
230 86 270 0
448 266 270 0
2 L5
14 L5
585 327 69 0
12 63 69 0
269 62 69 0
264 250 69 0
481 156 69 0
194 202 69 0
269 147 69 0
16 67 69 0
114 346 69 0
134 311 69 0
372 303 69 0
1 269 69 0
10 293 69 0
2 202 69 0
2 U2
216 0 63 51
216 0 573 104
14 U2
216 0 398 345
216 0 415 91
216 0 78 76
216 0 330 310
216 0 200 216
216 0 7 74
216 0 352 328
216 0 93 87
216 0 275 308
216 0 216 287
216 0 81 118
216 0 263 187
216 0 455 218
216 0 246 56
2 U4
289 0 544 80
289 0 434 51
14 U4
289 0 268 117
289 0 215 286
289 0 167 191
289 0 439 120
289 0 96 68
289 0 525 288
289 0 353 210
289 0 17 99
289 0 95 132
289 0 573 187
289 0 543 187
289 0 87 313
289 0 59 103
289 0 407 104
11
64 58 28 77
27 328 368 217
585 327 101 350
10 231 191 144
218 240 597 166
12 63 91 91
499 162 66 146
445 267 548 231
269 62 329 67
70 85 194 299
339 213 377 64
