4
3
L1 52 0
U2 162 0
L3 310 0
15
230 215
288 247
182 36
416 11
121 347
317 284
293 232
421 348
361 150
558 138
517 59
308 64
574 177
524 319
454 313
2 L1
10 L1
319 118 52 0
56 245 52 0
518 348 52 0
332 195 52 0
156 211 52 0
265 131 52 0
314 314 52 0
517 148 52 0
528 280 52 0
572 63 52 0
2 L3
10 L3
583 100 310 0
490 170 310 0
50 205 310 0
108 340 310 0
373 132 310 0
476 336 310 0
361 290 310 0
454 181 310 0
461 61 310 0
182 122 310 0
2 U2
162 0 130 64
162 0 254 133
10 U2
162 0 39 153
162 0 281 329
162 0 145 350
162 0 36 318
162 0 585 221
162 0 181 171
162 0 268 62
162 0 169 109
162 0 107 270
162 0 567 324
5
319 118 424 88
583 100 407 73
56 245 199 162
490 170 444 308
518 348 563 101
