4
4
L1 35 0
U2 318 0
L3 401 0
U4 83 0
20
383 187
310 147
314 215
465 0
335 40
93 112
80 138
168 253
509 50
158 280
128 286
78 195
99 346
277 326
270 36
331 49
190 140
185 252
144 267
10 342
2 L1
22 L1
267 66 35 0
104 276 35 0
477 269 35 0
285 143 35 0
474 310 35 0
20 273 35 0
400 175 35 0
406 159 35 0
146 63 35 0
385 78 35 0
573 269 35 0
245 279 35 0
329 119 35 0
455 231 35 0
280 78 35 0
397 211 35 0
204 247 35 0
387 102 35 0
168 73 35 0
594 216 35 0
519 229 35 0
399 178 35 0
2 L3
22 L3
118 263 401 0
500 221 401 0
326 173 401 0
447 144 401 0
591 97 401 0
310 270 401 0
165 332 401 0
54 266 401 0
148 251 401 0
48 161 401 0
190 254 401 0
523 321 401 0
373 215 401 0
459 128 401 0
186 324 401 0
32 245 401 0
414 54 401 0
95 192 401 0
269 117 401 0
502 97 401 0
85 179 401 0
4 84 401 0
2 U2
318 0 599 270
318 0 478 308
22 U2
318 0 25 62
318 0 107 242
318 0 204 237
318 0 257 325
318 0 241 151
318 0 65 288
318 0 417 261
318 0 513 143
318 0 202 186
318 0 524 268
318 0 217 235
318 0 145 169
318 0 337 306
318 0 332 127
318 0 531 246
318 0 355 85
318 0 379 184
318 0 328 180
318 0 72 92
318 0 351 126
318 0 6 212
318 0 530 63
2 U4
83 0 8 59
83 0 293 59
22 U4
83 0 152 102
83 0 516 305
83 0 255 276
83 0 550 338
83 0 314 176
83 0 163 222
83 0 387 139
83 0 302 330
83 0 557 80
83 0 348 223
83 0 424 294
83 0 576 332
83 0 540 79
83 0 253 52
83 0 147 294
83 0 346 142
83 0 157 149
83 0 459 216
83 0 110 350
83 0 274 219
83 0 412 140
83 0 242 178
9
267 66 257 314
118 263 93 214
104 276 379 169
500 221 594 167
477 269 90 286
326 173 570 179
285 143 253 94
447 144 250 238
474 310 497 268
