4
5
L1 254 0
U2 576 0
L3 139 0
U4 335 0
L5 434 0
25
283 292
59 98
353 271
242 127
500 257
330 90
315 206
148 225
572 215
159 175
255 346
397 4
283 298
504 99
359 161
394 94
219 238
489 33
321 232
99 349
256 337
101 250
503 85
367 22
113 107
2 L1
22 L1
93 72 254 0
50 339 254 0
539 275 254 0
43 56 254 0
438 305 254 0
78 95 254 0
3 72 254 0
152 237 254 0
129 142 254 0
406 110 254 0
189 171 254 0
37 335 254 0
476 130 254 0
416 305 254 0
70 141 254 0
255 161 254 0
68 345 254 0
560 51 254 0
363 349 254 0
454 67 254 0
286 163 254 0
422 230 254 0
2 L3
22 L3
13 87 139 0
74 63 139 0
232 127 139 0
13 142 139 0
578 250 139 0
130 191 139 0
174 341 139 0
391 76 139 0
58 339 139 0
130 91 139 0
562 187 139 0
85 231 139 0
474 235 139 0
573 59 139 0
325 256 139 0
529 338 139 0
518 80 139 0
495 103 139 0
384 59 139 0
405 338 139 0
575 72 139 0
520 218 139 0
2 L5
22 L5
200 155 434 0
309 198 434 0
468 240 434 0
349 339 434 0
501 305 434 0
570 218 434 0
219 232 434 0
75 156 434 0
559 268 434 0
522 174 434 0
308 180 434 0
335 261 434 0
357 192 434 0
344 67 434 0
127 156 434 0
222 346 434 0
312 60 434 0
158 198 434 0
15 104 434 0
192 205 434 0
103 148 434 0
469 268 434 0
2 U2
576 0 249 82
576 0 535 70
22 U2
576 0 191 273
576 0 342 52
576 0 362 130
576 0 103 172
576 0 278 289
576 0 324 232
576 0 4 84
576 0 444 269
576 0 225 309
576 0 232 252
576 0 61 167
576 0 23 282
576 0 282 84
576 0 433 72
576 0 503 125
576 0 255 78
576 0 322 61
576 0 94 167
576 0 78 338
576 0 70 165
576 0 274 332
576 0 427 111
2 U4
335 0 510 336
335 0 455 221
22 U4
335 0 285 350
335 0 198 255
335 0 254 312
335 0 585 346
335 0 3 241
335 0 272 204
335 0 413 217
335 0 584 248
335 0 451 56
335 0 10 257
335 0 268 296
335 0 304 64
335 0 89 236
335 0 470 316
335 0 528 234
335 0 314 221
335 0 100 230
335 0 445 190
335 0 468 62
335 0 252 346
335 0 37 206
335 0 462 139
17
93 72 276 205
13 87 562 64
200 155 1 288
50 339 332 209
74 63 590 126
309 198 406 312
539 275 373 128
232 127 373 243
468 240 434 280
43 56 351 234
13 142 294 174
349 339 220 272
438 305 83 146
578 250 195 68
501 305 522 144
78 95 57 123
130 191 517 182
