4
5
L1 321 0
U2 482 0
L3 125 0
U4 106 0
L5 101 0
25
62 278
587 283
64 244
485 148
219 275
466 157
383 189
356 217
406 135
513 229
23 311
190 278
61 143
95 297
516 126
489 201
70 228
183 256
219 175
288 317
76 270
292 272
183 331
580 46
108 203
2 L1
14 L1
281 259 321 0
178 76 321 0
428 308 321 0
249 148 321 0
254 170 321 0
537 207 321 0
307 133 321 0
48 91 321 0
250 178 321 0
279 84 321 0
57 187 321 0
213 100 321 0
172 264 321 0
317 350 321 0
2 L3
14 L3
359 325 125 0
467 350 125 0
41 88 125 0
81 80 125 0
542 272 125 0
306 241 125 0
219 240 125 0
133 120 125 0
182 228 125 0
456 219 125 0
55 73 125 0
131 51 125 0
325 65 125 0
554 189 125 0
2 L5
14 L5
580 261 101 0
128 90 101 0
127 305 101 0
343 115 101 0
591 91 101 0
277 88 101 0
399 343 101 0
256 93 101 0
553 254 101 0
438 329 101 0
500 287 101 0
436 52 101 0
467 245 101 0
88 258 101 0
2 U2
482 0 174 271
482 0 389 220
14 U2
482 0 216 163
482 0 561 320
482 0 466 219
482 0 556 137
482 0 510 153
482 0 186 306
482 0 583 265
482 0 461 324
482 0 451 61
482 0 166 264
482 0 313 277
482 0 199 180
482 0 423 313
482 0 161 190
2 U4
106 0 254 227
106 0 42 127
14 U4
106 0 296 60
106 0 426 261
106 0 10 98
106 0 551 209
106 0 81 191
106 0 591 208
106 0 327 65
106 0 465 266
106 0 80 228
106 0 19 226
106 0 457 139
106 0 109 232
106 0 58 125
106 0 370 73
7
281 259 323 324
359 325 333 306
580 261 309 95
178 76 254 195
467 350 373 258
128 90 62 139
428 308 374 154
