3
4
L1 270 0
U2 481 0
L3 487 0
U4 430 0
16
257 162
212 33
203 117
444 125
344 176
154 178
128 209
25 201
29 238
416 149
179 7
469 128
224 310
429 100
7 295
71 46
1 L1
10 L1
485 72 270 0
312 120 270 0
209 88 270 0
132 334 270 0
314 320 270 0
500 57 270 0
515 241 270 0
585 183 270 0
423 329 270 0
28 75 270 0
1 L3
10 L3
71 169 487 0
589 243 487 0
136 226 487 0
282 137 487 0
140 182 487 0
434 169 487 0
440 143 487 0
137 243 487 0
400 330 487 0
136 133 487 0
1 U2
481 0 478 217
10 U2
481 0 211 66
481 0 590 272
481 0 114 283
481 0 227 76
481 0 326 155
481 0 360 140
481 0 319 69
481 0 536 103
481 0 8 161
481 0 553 232
1 U4
430 0 435 213
10 U4
430 0 336 195
430 0 70 247
430 0 20 194
430 0 399 53
430 0 82 58
430 0 439 213
430 0 440 76
430 0 12 55
430 0 296 83
430 0 471 265
6
485 72 556 214
71 169 555 296
312 120 179 219
589 243 200 87
209 88 424 138
136 226 400 58
