3
3
L1 453 0
U2 123 0
L3 201 0
9
33 258
87 330
561 129
61 51
214 269
349 81
373 96
421 207
431 315
1 L1
10 L1
362 88 453 0
391 248 453 0
388 171 453 0
285 154 453 0
31 223 453 0
85 84 453 0
21 121 453 0
377 292 453 0
199 107 453 0
466 217 453 0
1 L3
10 L3
214 59 201 0
149 210 201 0
1 154 201 0
319 312 201 0
465 222 201 0
560 66 201 0
95 168 201 0
522 257 201 0
245 187 201 0
316 124 201 0
1 U2
123 0 131 191
10 U2
123 0 355 148
123 0 454 267
123 0 424 99
123 0 163 119
123 0 27 311
123 0 170 196
123 0 437 216
123 0 533 214
123 0 366 290
123 0 90 334
2
362 88 388 58
214 59 180 87
