4
5
L1 579 0
U2 548 0
L3 455 0
U4 299 0
L5 406 0
15
32 115
115 213
426 217
526 19
572 12
300 29
376 244
196 114
579 84
82 62
301 52
322 168
224 151
255 152
445 308
2 L1
10 L1
407 193 579 0
78 136 579 0
574 68 579 0
236 83 579 0
483 158 579 0
102 129 579 0
372 85 579 0
90 206 579 0
83 85 579 0
346 74 579 0
2 L3
10 L3
87 77 455 0
317 160 455 0
324 311 455 0
18 58 455 0
88 151 455 0
266 247 455 0
315 298 455 0
469 88 455 0
471 337 455 0
361 348 455 0
2 L5
10 L5
77 212 406 0
463 188 406 0
438 61 406 0
45 240 406 0
229 67 406 0
232 174 406 0
3 115 406 0
466 93 406 0
169 334 406 0
564 323 406 0
2 U2
548 0 594 294
548 0 503 85
10 U2
548 0 124 178
548 0 526 146
548 0 24 143
548 0 175 124
548 0 539 309
548 0 178 299
548 0 335 239
548 0 329 56
548 0 340 72
548 0 252 332
2 U4
299 0 456 334
299 0 363 114
10 U4
299 0 85 122
299 0 466 249
299 0 117 333
299 0 115 205
299 0 133 330
299 0 129 116
299 0 454 348
299 0 194 279
299 0 307 278
299 0 279 183
8
407 193 355 80
87 77 249 184
77 212 304 146
78 136 353 60
317 160 255 241
463 188 282 56
574 68 71 80
324 311 190 248
