3
6
L1 567 0
U2 399 0
L3 502 0
U4 280 0
L5 102 0
U6 98 0
30
304 246
164 73
574 323
255 68
399 30
30 281
559 111
117 277
233 320
337 17
133 209
115 160
296 341
410 267
64 246
291 50
24 228
297 277
161 138
291 0
419 311
13 274
594 234
314 128
444 273
526 284
580 129
480 240
99 65
77 197
1 L1
18 L1
395 184 567 0
217 101 567 0
262 286 567 0
367 258 567 0
67 281 567 0
279 299 567 0
186 87 567 0
49 308 567 0
585 297 567 0
329 218 567 0
428 150 567 0
330 198 567 0
553 208 567 0
351 251 567 0
406 149 567 0
343 300 567 0
375 283 567 0
506 276 567 0
1 L3
18 L3
491 108 502 0
267 153 502 0
123 212 502 0
534 323 502 0
384 332 502 0
189 56 502 0
285 207 502 0
305 270 502 0
198 150 502 0
382 152 502 0
374 340 502 0
34 336 502 0
320 107 502 0
335 176 502 0
200 124 502 0
148 121 502 0
556 259 502 0
236 174 502 0
1 L5
18 L5
99 303 102 0
145 150 102 0
116 297 102 0
540 244 102 0
252 161 102 0
542 136 102 0
125 127 102 0
387 183 102 0
455 319 102 0
144 127 102 0
575 215 102 0
134 326 102 0
323 267 102 0
502 111 102 0
455 151 102 0
66 290 102 0
385 187 102 0
297 259 102 0
1 U2
399 0 223 287
18 U2
399 0 511 289
399 0 224 136
399 0 304 112
399 0 61 281
399 0 9 297
399 0 469 116
399 0 400 333
399 0 193 250
399 0 109 144
399 0 292 305
399 0 162 206
399 0 293 202
399 0 35 175
399 0 472 114
399 0 48 68
399 0 274 240
399 0 484 283
399 0 390 340
1 U4
280 0 63 292
18 U4
280 0 333 284
280 0 265 168
280 0 251 209
280 0 578 346
280 0 343 102
280 0 401 83
280 0 476 153
280 0 486 281
280 0 559 73
280 0 222 253
280 0 252 277
280 0 55 263
280 0 48 178
280 0 179 177
280 0 363 159
280 0 474 59
280 0 472 319
280 0 145 90
1 U6
98 0 115 152
18 U6
98 0 235 207
98 0 441 53
98 0 334 171
98 0 32 312
98 0 75 244
98 0 490 122
98 0 4 167
98 0 248 77
98 0 300 347
98 0 527 293
98 0 289 84
98 0 583 328
98 0 377 76
98 0 66 232
98 0 362 113
98 0 305 242
98 0 479 185
98 0 405 174
17
395 184 381 243
491 108 469 324
99 303 105 249
217 101 526 288
267 153 149 211
145 150 326 61
262 286 262 231
123 212 120 71
116 297 424 132
367 258 148 55
534 323 364 286
540 244 496 189
67 281 364 319
384 332 142 52
252 161 428 185
279 299 370 212
189 56 518 311
