3
6
L1 53 0
U2 496 0
L3 363 0
U4 494 0
L5 411 0
U6 500 0
18
199 119
551 147
91 191
567 301
427 184
26 134
118 71
309 55
187 206
557 258
598 197
0 95
48 340
137 3
435 47
378 208
102 133
489 328
1 L1
18 L1
574 347 53 0
338 211 53 0
452 211 53 0
366 185 53 0
472 206 53 0
441 340 53 0
367 295 53 0
444 172 53 0
565 125 53 0
357 63 53 0
217 347 53 0
550 322 53 0
361 320 53 0
306 338 53 0
497 287 53 0
513 244 53 0
3 124 53 0
202 103 53 0
1 L3
18 L3
312 326 363 0
144 206 363 0
559 145 363 0
575 171 363 0
462 329 363 0
215 250 363 0
367 221 363 0
239 207 363 0
113 173 363 0
522 93 363 0
261 65 363 0
180 234 363 0
306 299 363 0
552 165 363 0
202 298 363 0
247 267 363 0
288 255 363 0
374 250 363 0
1 L5
18 L5
220 314 411 0
188 107 411 0
562 92 411 0
341 339 411 0
272 314 411 0
413 269 411 0
191 158 411 0
430 53 411 0
391 102 411 0
396 219 411 0
356 114 411 0
260 225 411 0
380 72 411 0
87 62 411 0
271 265 411 0
508 199 411 0
66 333 411 0
4 303 411 0
1 U2
496 0 549 193
18 U2
496 0 404 322
496 0 80 64
496 0 451 108
496 0 234 293
496 0 213 306
496 0 152 184
496 0 453 105
496 0 377 118
496 0 295 65
496 0 3 247
496 0 368 151
496 0 47 249
496 0 585 209
496 0 13 219
496 0 572 297
496 0 404 254
496 0 522 102
496 0 135 282
1 U4
494 0 419 80
18 U4
494 0 59 195
494 0 591 84
494 0 276 322
494 0 151 335
494 0 576 341
494 0 132 134
494 0 594 281
494 0 320 334
494 0 504 319
494 0 435 68
494 0 598 144
494 0 395 265
494 0 122 347
494 0 325 336
494 0 447 138
494 0 110 256
494 0 492 163
494 0 474 259
1 U6
500 0 7 244
18 U6
500 0 160 208
500 0 149 161
500 0 285 53
500 0 141 327
500 0 66 300
500 0 439 157
500 0 573 287
500 0 75 208
500 0 513 80
500 0 235 111
500 0 291 116
500 0 255 299
500 0 478 285
500 0 244 52
500 0 2 286
500 0 65 159
500 0 41 149
500 0 209 71
17
574 347 509 329
312 326 86 346
220 314 477 214
338 211 155 260
144 206 86 133
188 107 535 236
452 211 232 210
559 145 137 214
562 92 89 270
366 185 434 92
575 171 64 114
341 339 437 178
472 206 245 200
462 329 254 188
272 314 411 249
441 340 465 318
215 250 124 262
