4
4
L1 18 0
U2 523 0
L3 75 0
U4 317 0
20
500 263
576 238
94 51
209 244
87 287
185 185
130 224
21 14
187 220
499 189
486 320
584 30
288 213
10 92
563 64
408 63
481 199
505 26
161 105
72 115
2 L1
14 L1
64 119 18 0
50 308 18 0
531 70 18 0
105 274 18 0
157 231 18 0
516 198 18 0
12 75 18 0
129 172 18 0
361 136 18 0
231 328 18 0
297 171 18 0
16 310 18 0
519 237 18 0
3 204 18 0
2 L3
14 L3
308 310 75 0
323 95 75 0
289 301 75 0
539 72 75 0
422 137 75 0
586 338 75 0
251 347 75 0
368 323 75 0
490 202 75 0
434 247 75 0
61 120 75 0
572 318 75 0
552 61 75 0
106 283 75 0
2 U2
523 0 583 121
523 0 254 161
14 U2
523 0 110 173
523 0 497 273
523 0 367 65
523 0 293 92
523 0 237 228
523 0 351 257
523 0 92 244
523 0 527 255
523 0 81 228
523 0 155 199
523 0 79 185
523 0 561 98
523 0 515 175
523 0 172 287
2 U4
317 0 221 130
317 0 140 248
14 U4
317 0 19 274
317 0 106 85
317 0 139 240
317 0 550 251
317 0 555 234
317 0 11 173
317 0 480 222
317 0 266 128
317 0 365 157
317 0 563 218
317 0 350 186
317 0 420 217
317 0 187 171
317 0 324 150
3
64 119 128 259
308 310 410 244
50 308 331 225
