4
4
L1 142 0
U2 183 0
L3 255 0
U4 532 0
16
510 290
58 346
448 40
316 85
308 158
589 273
310 188
208 179
590 73
296 293
321 147
399 124
450 129
571 171
288 155
3 302
2 L1
18 L1
589 293 142 0
461 138 142 0
440 95 142 0
192 171 142 0
290 57 142 0
333 309 142 0
76 271 142 0
459 251 142 0
418 349 142 0
211 344 142 0
435 310 142 0
272 242 142 0
524 248 142 0
170 93 142 0
444 324 142 0
430 252 142 0
208 109 142 0
336 272 142 0
2 L3
18 L3
244 210 255 0
360 315 255 0
381 173 255 0
434 107 255 0
360 262 255 0
82 53 255 0
240 188 255 0
259 203 255 0
295 245 255 0
533 64 255 0
357 164 255 0
147 216 255 0
410 208 255 0
221 273 255 0
380 199 255 0
108 69 255 0
579 252 255 0
385 221 255 0
2 U2
183 0 386 123
183 0 251 321
18 U2
183 0 182 107
183 0 61 84
183 0 486 343
183 0 389 307
183 0 231 69
183 0 348 97
183 0 411 267
183 0 439 127
183 0 222 196
183 0 435 295
183 0 10 178
183 0 252 329
183 0 27 226
183 0 13 235
183 0 523 348
183 0 258 259
183 0 4 102
183 0 49 152
2 U4
532 0 294 297
532 0 402 212
18 U4
532 0 104 269
532 0 352 151
532 0 134 314
532 0 348 110
532 0 44 235
532 0 70 283
532 0 126 305
532 0 108 142
532 0 32 210
532 0 77 213
532 0 352 326
532 0 223 186
532 0 45 70
532 0 370 348
532 0 191 320
532 0 534 136
532 0 44 265
532 0 426 64
11
589 293 93 335
244 210 460 301
461 138 35 251
360 315 387 58
440 95 511 95
381 173 254 293
192 171 392 345
434 107 75 206
290 57 530 199
360 262 47 97
333 309 348 178
