3
5
L1 14 0
U2 32 0
L3 498 0
U4 56 0
L5 124 0
20
514 343
300 29
582 258
24 252
550 65
5 119
326 109
344 108
103 304
53 313
276 311
293 243
244 78
16 228
40 147
400 136
592 223
405 8
371 197
64 270
1 L1
22 L1
545 175 14 0
519 256 14 0
351 145 14 0
426 238 14 0
474 344 14 0
435 287 14 0
302 277 14 0
176 269 14 0
82 341 14 0
113 205 14 0
102 139 14 0
340 288 14 0
571 258 14 0
129 251 14 0
282 57 14 0
574 288 14 0
526 247 14 0
403 300 14 0
354 203 14 0
276 244 14 0
213 177 14 0
547 259 14 0
1 L3
22 L3
239 248 498 0
22 90 498 0
214 297 498 0
488 267 498 0
39 188 498 0
146 203 498 0
222 101 498 0
184 88 498 0
455 271 498 0
229 100 498 0
49 140 498 0
374 321 498 0
107 144 498 0
147 262 498 0
342 212 498 0
253 264 498 0
482 315 498 0
150 170 498 0
557 151 498 0
319 107 498 0
537 325 498 0
140 138 498 0
1 L5
22 L5
119 56 124 0
400 285 124 0
19 211 124 0
160 318 124 0
288 248 124 0
346 241 124 0
21 200 124 0
519 277 124 0
562 207 124 0
173 208 124 0
342 50 124 0
79 255 124 0
137 271 124 0
180 55 124 0
117 201 124 0
448 215 124 0
554 199 124 0
431 309 124 0
276 240 124 0
383 316 124 0
473 191 124 0
179 252 124 0
1 U2
32 0 448 340
22 U2
32 0 449 282
32 0 212 250
32 0 340 226
32 0 368 221
32 0 340 274
32 0 176 64
32 0 539 233
32 0 85 173
32 0 193 53
32 0 473 107
32 0 412 78
32 0 141 339
32 0 543 123
32 0 183 197
32 0 461 147
32 0 492 335
32 0 462 203
32 0 234 298
32 0 37 86
32 0 434 174
32 0 512 212
32 0 425 80
1 U4
56 0 210 109
22 U4
56 0 434 97
56 0 500 246
56 0 400 339
56 0 535 334
56 0 339 276
56 0 444 240
56 0 306 314
56 0 320 111
56 0 547 109
56 0 141 69
56 0 473 297
56 0 467 108
56 0 495 152
56 0 410 190
56 0 131 87
56 0 286 237
56 0 262 165
56 0 368 97
56 0 383 108
56 0 379 315
56 0 67 195
56 0 377 152
6
545 175 523 80
239 248 539 54
119 56 71 178
519 256 177 148
22 90 128 90
400 285 565 102
