3
5
L1 578 0
U2 272 0
L3 404 0
U4 8 0
L5 244 0
25
527 350
322 300
196 340
118 147
380 296
304 1
65 275
268 333
297 206
68 87
158 248
435 297
373 106
497 24
428 213
437 26
127 295
350 233
359 195
273 176
4 228
426 284
517 143
212 18
133 43
1 L1
10 L1
30 163 578 0
360 294 578 0
65 62 578 0
57 338 578 0
588 176 578 0
435 66 578 0
224 94 578 0
251 143 578 0
67 74 578 0
425 200 578 0
1 L3
10 L3
452 103 404 0
367 228 404 0
221 262 404 0
416 184 404 0
572 298 404 0
303 305 404 0
431 249 404 0
557 267 404 0
591 165 404 0
36 301 404 0
1 L5
10 L5
34 137 244 0
292 283 244 0
475 158 244 0
230 267 244 0
97 139 244 0
107 217 244 0
190 213 244 0
63 240 244 0
203 273 244 0
537 224 244 0
1 U2
272 0 317 64
10 U2
272 0 235 210
272 0 509 116
272 0 219 53
272 0 275 291
272 0 561 264
272 0 355 235
272 0 359 292
272 0 466 195
272 0 60 257
272 0 435 236
1 U4
8 0 107 229
10 U4
8 0 198 212
8 0 46 158
8 0 61 227
8 0 566 167
8 0 182 161
8 0 535 195
8 0 25 344
8 0 6 141
8 0 500 253
8 0 232 109
8
30 163 196 274
452 103 146 75
34 137 456 196
360 294 495 164
367 228 575 256
292 283 408 190
65 62 241 162
221 262 1 160
