5
3
L1 310 0
U2 403 0
L3 292 0
12
220 65
262 232
48 20
486 17
24 247
236 41
189 269
381 278
188 30
295 76
80 139
303 27
2 L1
10 L1
287 163 310 0
541 341 310 0
524 128 310 0
571 330 310 0
443 245 310 0
254 273 310 0
83 132 310 0
192 324 310 0
522 107 310 0
38 237 310 0
2 L3
10 L3
352 67 292 0
138 70 292 0
309 212 292 0
24 251 292 0
319 113 292 0
351 233 292 0
312 235 292 0
319 240 292 0
225 122 292 0
385 165 292 0
2 U2
403 0 521 219
403 0 403 306
10 U2
403 0 13 217
403 0 216 84
403 0 37 262
403 0 596 346
403 0 265 173
403 0 73 179
403 0 342 319
403 0 41 329
403 0 524 215
403 0 548 121
3
287 163 393 299
352 67 184 232
541 341 133 127
