4
4
L1 185 0
U2 17 0
L3 537 0
U4 53 0
12
247 182
196 272
288 195
98 231
318 236
465 134
521 221
541 261
554 41
502 343
586 55
175 202
2 L1
18 L1
202 255 185 0
580 221 185 0
4 292 185 0
379 62 185 0
249 212 185 0
95 232 185 0
540 132 185 0
577 310 185 0
119 250 185 0
326 137 185 0
590 148 185 0
61 67 185 0
568 51 185 0
364 187 185 0
305 223 185 0
459 280 185 0
359 223 185 0
36 71 185 0
2 L3
18 L3
237 51 537 0
324 323 537 0
428 96 537 0
182 267 537 0
214 125 537 0
224 74 537 0
24 239 537 0
432 57 537 0
566 255 537 0
440 305 537 0
576 210 537 0
567 203 537 0
133 333 537 0
506 329 537 0
129 296 537 0
495 245 537 0
11 195 537 0
121 128 537 0
2 U2
17 0 301 148
17 0 517 93
18 U2
17 0 550 130
17 0 527 213
17 0 37 206
17 0 567 341
17 0 175 308
17 0 371 102
17 0 563 83
17 0 322 236
17 0 110 103
17 0 84 248
17 0 20 237
17 0 264 101
17 0 291 83
17 0 367 227
17 0 84 59
17 0 571 166
17 0 25 150
17 0 86 58
2 U4
53 0 399 232
53 0 66 218
18 U4
53 0 174 292
53 0 593 257
53 0 545 195
53 0 138 346
53 0 421 188
53 0 365 286
53 0 501 245
53 0 557 80
53 0 454 196
53 0 409 318
53 0 355 320
53 0 247 317
53 0 123 176
53 0 381 265
53 0 96 223
53 0 492 299
53 0 472 112
53 0 495 289
11
202 255 516 171
237 51 142 187
580 221 491 284
324 323 192 131
4 292 305 244
428 96 133 149
379 62 254 180
182 267 444 114
249 212 562 259
214 125 180 103
95 232 42 181
