4
3
L1 448 0
U2 81 0
L3 44 0
15
104 239
100 192
160 141
398 178
187 159
115 133
104 316
468 34
260 286
412 194
74 309
37 55
192 161
233 292
221 227
2 L1
22 L1
21 294 448 0
328 89 448 0
279 279 448 0
110 143 448 0
122 342 448 0
220 143 448 0
130 245 448 0
6 109 448 0
324 56 448 0
458 276 448 0
36 266 448 0
439 210 448 0
225 99 448 0
452 161 448 0
549 269 448 0
305 67 448 0
595 179 448 0
541 132 448 0
334 84 448 0
536 255 448 0
370 350 448 0
504 340 448 0
2 L3
22 L3
555 226 44 0
474 173 44 0
430 282 44 0
166 208 44 0
327 109 44 0
18 95 44 0
27 251 44 0
486 77 44 0
136 274 44 0
534 254 44 0
278 163 44 0
560 314 44 0
369 105 44 0
55 240 44 0
351 107 44 0
329 160 44 0
558 194 44 0
437 293 44 0
320 151 44 0
536 318 44 0
288 84 44 0
430 335 44 0
2 U2
81 0 73 95
81 0 494 199
22 U2
81 0 101 272
81 0 525 209
81 0 161 144
81 0 420 50
81 0 95 190
81 0 208 216
81 0 237 248
81 0 471 155
81 0 299 280
81 0 93 272
81 0 66 57
81 0 145 181
81 0 439 132
81 0 366 199
81 0 331 61
81 0 544 296
81 0 152 101
81 0 75 151
81 0 341 252
81 0 124 87
81 0 54 247
81 0 513 209
4
21 294 379 135
555 226 520 291
328 89 91 160
474 173 502 89
