3
3
L1 335 0
U2 378 0
L3 519 0
15
477 98
427 80
474 228
575 337
422 37
122 204
357 261
232 100
173 14
477 257
524 280
84 273
274 182
315 321
108 40
1 L1
18 L1
211 64 335 0
385 101 335 0
327 227 335 0
195 205 335 0
188 272 335 0
296 88 335 0
229 155 335 0
288 124 335 0
231 76 335 0
183 62 335 0
61 256 335 0
543 317 335 0
0 202 335 0
522 246 335 0
125 176 335 0
594 80 335 0
552 213 335 0
193 215 335 0
1 L3
18 L3
429 117 519 0
125 323 519 0
567 323 519 0
392 276 519 0
60 298 519 0
293 336 519 0
380 315 519 0
509 241 519 0
247 110 519 0
163 320 519 0
360 344 519 0
566 282 519 0
132 253 519 0
369 217 519 0
377 273 519 0
124 276 519 0
426 342 519 0
237 52 519 0
1 U2
378 0 336 262
18 U2
378 0 536 148
378 0 46 276
378 0 94 264
378 0 589 288
378 0 126 255
378 0 362 170
378 0 181 332
378 0 571 120
378 0 570 329
378 0 177 152
378 0 380 134
378 0 391 219
378 0 345 130
378 0 150 117
378 0 268 149
378 0 37 68
378 0 372 268
378 0 460 50
9
211 64 504 96
429 117 599 348
385 101 197 162
125 323 108 185
327 227 179 170
567 323 392 348
195 205 91 262
392 276 286 124
188 272 10 252
