4
4
L1 49 0
U2 9 0
L3 163 0
U4 50 0
20
168 133
93 328
251 21
463 144
53 221
170 41
311 0
34 105
68 128
371 339
238 245
82 254
65 151
289 198
295 290
365 22
388 72
408 349
234 251
553 78
2 L1
10 L1
545 123 49 0
346 296 49 0
465 252 49 0
540 275 49 0
386 63 49 0
403 207 49 0
359 141 49 0
490 96 49 0
554 261 49 0
386 267 49 0
2 L3
10 L3
225 237 163 0
429 124 163 0
339 147 163 0
143 77 163 0
391 197 163 0
229 280 163 0
492 238 163 0
91 317 163 0
598 202 163 0
548 66 163 0
2 U2
9 0 43 114
9 0 243 150
10 U2
9 0 20 237
9 0 405 289
9 0 325 105
9 0 125 165
9 0 435 137
9 0 427 302
9 0 121 216
9 0 472 252
9 0 553 288
9 0 544 275
2 U4
50 0 437 85
50 0 104 72
10 U4
50 0 467 232
50 0 92 168
50 0 368 344
50 0 54 121
50 0 559 249
50 0 44 135
50 0 68 345
50 0 431 100
50 0 460 97
50 0 252 266
4
545 123 306 190
225 237 543 230
346 296 127 129
429 124 301 258
