4
3
L1 60 0
U2 524 0
L3 192 0
12
451 232
63 159
377 233
472 53
87 267
290 137
222 227
132 36
507 281
164 80
317 59
253 342
2 L1
14 L1
480 236 60 0
119 216 60 0
220 171 60 0
217 182 60 0
360 239 60 0
460 260 60 0
131 257 60 0
377 93 60 0
208 274 60 0
76 136 60 0
143 284 60 0
176 274 60 0
227 279 60 0
512 219 60 0
2 L3
14 L3
179 87 192 0
67 129 192 0
513 248 192 0
566 103 192 0
254 64 192 0
59 210 192 0
70 91 192 0
36 77 192 0
179 117 192 0
394 313 192 0
72 148 192 0
348 108 192 0
158 111 192 0
216 180 192 0
2 U2
524 0 23 98
524 0 531 142
14 U2
524 0 415 188
524 0 155 255
524 0 219 79
524 0 179 101
524 0 504 300
524 0 7 331
524 0 222 236
524 0 503 164
524 0 119 155
524 0 324 328
524 0 119 327
524 0 573 57
524 0 491 132
524 0 566 159
7
480 236 445 149
179 87 164 147
119 216 556 52
67 129 20 233
220 171 236 186
513 248 47 213
217 182 22 267
