3
5
L1 410 0
U2 98 0
L3 533 0
U4 28 0
L5 213 0
15
118 213
293 148
543 91
426 20
518 94
285 0
411 292
457 104
548 139
271 311
126 261
23 212
289 308
252 213
316 331
1 L1
22 L1
545 350 410 0
166 193 410 0
39 202 410 0
309 337 410 0
517 207 410 0
50 162 410 0
414 146 410 0
558 258 410 0
446 316 410 0
471 85 410 0
272 141 410 0
503 218 410 0
104 322 410 0
378 127 410 0
484 175 410 0
414 188 410 0
539 113 410 0
556 156 410 0
101 294 410 0
401 202 410 0
263 277 410 0
260 247 410 0
1 L3
22 L3
537 168 533 0
541 181 533 0
184 85 533 0
383 195 533 0
414 237 533 0
247 337 533 0
34 287 533 0
442 337 533 0
196 98 533 0
252 149 533 0
220 293 533 0
204 219 533 0
429 306 533 0
243 334 533 0
228 183 533 0
389 244 533 0
400 118 533 0
140 158 533 0
467 76 533 0
283 86 533 0
61 82 533 0
6 311 533 0
1 L5
22 L5
198 198 213 0
47 138 213 0
361 86 213 0
56 57 213 0
264 336 213 0
371 205 213 0
290 279 213 0
102 237 213 0
92 93 213 0
420 138 213 0
358 208 213 0
263 102 213 0
570 269 213 0
571 331 213 0
353 325 213 0
462 81 213 0
234 245 213 0
299 281 213 0
376 72 213 0
546 211 213 0
509 269 213 0
361 195 213 0
1 U2
98 0 138 97
22 U2
98 0 91 66
98 0 297 321
98 0 152 230
98 0 471 125
98 0 67 138
98 0 458 316
98 0 36 148
98 0 16 315
98 0 361 122
98 0 400 79
98 0 432 128
98 0 139 99
98 0 136 159
98 0 200 348
98 0 163 102
98 0 575 303
98 0 165 179
98 0 356 325
98 0 366 90
98 0 466 115
98 0 319 50
98 0 340 193
1 U4
28 0 229 65
22 U4
28 0 287 85
28 0 61 85
28 0 450 336
28 0 241 57
28 0 541 229
28 0 18 70
28 0 172 95
28 0 531 229
28 0 309 79
28 0 84 106
28 0 474 157
28 0 350 174
28 0 32 158
28 0 588 141
28 0 336 50
28 0 178 202
28 0 514 196
28 0 91 110
28 0 220 153
28 0 362 257
28 0 94 104
28 0 528 85
11
545 350 522 152
537 168 22 103
198 198 159 273
166 193 539 206
541 181 151 151
47 138 105 207
39 202 225 249
184 85 541 222
361 86 574 177
309 337 349 87
383 195 0 162
