4
3
L1 512 0
U2 515 0
L3 134 0
12
19 252
107 126
352 277
163 88
528 25
379 82
240 93
320 159
111 55
542 290
426 133
458 135
2 L1
10 L1
171 295 512 0
401 193 512 0
364 104 512 0
134 68 512 0
126 85 512 0
490 263 512 0
333 219 512 0
585 313 512 0
341 232 512 0
72 188 512 0
2 L3
10 L3
228 68 134 0
417 126 134 0
486 56 134 0
128 237 134 0
18 72 134 0
403 215 134 0
580 96 134 0
508 294 134 0
267 195 134 0
170 156 134 0
2 U2
515 0 149 161
515 0 466 132
10 U2
515 0 375 67
515 0 251 202
515 0 154 334
515 0 76 154
515 0 524 194
515 0 91 65
515 0 138 93
515 0 136 112
515 0 441 318
515 0 268 329
3
171 295 486 227
228 68 441 325
401 193 578 337
