3
6
L1 444 0
U2 44 0
L3 547 0
U4 149 0
L5 326 0
U6 233 0
18
331 344
459 63
361 249
567 18
587 150
55 331
308 279
409 62
281 319
324 310
453 266
167 141
240 235
575 122
145 111
106 308
161 116
298 142
1 L1
22 L1
99 206 444 0
153 253 444 0
311 107 444 0
554 56 444 0
342 71 444 0
548 145 444 0
585 241 444 0
359 169 444 0
307 126 444 0
595 232 444 0
470 194 444 0
487 271 444 0
263 106 444 0
363 119 444 0
35 246 444 0
223 338 444 0
149 329 444 0
62 302 444 0
93 57 444 0
217 309 444 0
585 201 444 0
153 348 444 0
1 L3
22 L3
449 109 547 0
214 166 547 0
93 271 547 0
289 126 547 0
264 125 547 0
555 80 547 0
226 210 547 0
427 299 547 0
491 141 547 0
307 214 547 0
597 179 547 0
39 281 547 0
45 280 547 0
122 72 547 0
223 177 547 0
282 85 547 0
162 268 547 0
566 53 547 0
181 238 547 0
532 301 547 0
195 66 547 0
37 287 547 0
1 L5
22 L5
316 282 326 0
219 200 326 0
544 105 326 0
462 270 326 0
227 194 326 0
468 283 326 0
561 338 326 0
281 231 326 0
135 65 326 0
532 326 326 0
357 235 326 0
226 219 326 0
183 250 326 0
489 206 326 0
541 76 326 0
482 294 326 0
525 64 326 0
550 141 326 0
109 328 326 0
142 115 326 0
229 322 326 0
223 235 326 0
1 U2
44 0 332 321
22 U2
44 0 360 88
44 0 57 218
44 0 513 50
44 0 426 183
44 0 375 286
44 0 457 138
44 0 445 162
44 0 230 290
44 0 18 336
44 0 54 319
44 0 8 265
44 0 580 166
44 0 506 334
44 0 520 67
44 0 584 158
44 0 204 91
44 0 352 280
44 0 325 286
44 0 134 168
44 0 514 331
44 0 543 233
44 0 153 317
1 U4
149 0 299 182
22 U4
149 0 376 340
149 0 135 152
149 0 291 260
149 0 192 327
149 0 402 287
149 0 223 58
149 0 568 91
149 0 504 146
149 0 211 241
149 0 73 131
149 0 559 331
149 0 402 248
149 0 528 155
149 0 35 246
149 0 313 247
149 0 494 90
149 0 208 131
149 0 215 245
149 0 579 166
149 0 29 203
149 0 93 232
149 0 385 205
1 U6
233 0 399 93
22 U6
233 0 138 134
233 0 109 182
233 0 36 186
233 0 235 241
233 0 361 92
233 0 314 260
233 0 187 194
233 0 354 278
233 0 175 189
233 0 415 239
233 0 589 234
233 0 9 290
233 0 297 192
233 0 237 262
233 0 475 167
233 0 294 344
233 0 283 285
233 0 428 94
233 0 483 237
233 0 443 214
233 0 251 256
233 0 41 298
14
99 206 547 90
449 109 255 183
316 282 9 218
153 253 336 265
214 166 13 255
219 200 301 116
311 107 322 199
93 271 106 297
544 105 297 344
554 56 239 252
289 126 241 296
462 270 339 337
342 71 34 165
264 125 408 313
