5
6
L1 344 0
U2 364 0
L3 226 0
U4 232 0
L5 23 0
U6 304 0
18
462 331
221 322
333 281
12 137
413 347
146 24
536 99
553 317
437 162
4 118
356 148
293 325
64 214
116 42
261 184
380 134
368 92
434 55
2 L1
14 L1
419 240 344 0
285 57 344 0
508 177 344 0
395 178 344 0
242 260 344 0
200 168 344 0
68 107 344 0
105 138 344 0
552 148 344 0
123 52 344 0
235 324 344 0
110 250 344 0
1 95 344 0
567 301 344 0
2 L3
14 L3
404 243 226 0
430 257 226 0
239 307 226 0
383 184 226 0
52 110 226 0
377 66 226 0
169 57 226 0
314 179 226 0
258 141 226 0
515 297 226 0
186 94 226 0
288 269 226 0
42 227 226 0
166 160 226 0
2 L5
14 L5
402 66 23 0
143 321 23 0
433 163 23 0
35 149 23 0
214 172 23 0
341 245 23 0
467 108 23 0
14 186 23 0
308 88 23 0
81 221 23 0
553 157 23 0
209 209 23 0
246 105 23 0
145 259 23 0
2 U2
364 0 254 107
364 0 58 202
14 U2
364 0 408 299
364 0 371 164
364 0 580 175
364 0 228 257
364 0 346 245
364 0 536 144
364 0 7 91
364 0 340 276
364 0 171 80
364 0 10 91
364 0 7 292
364 0 360 179
364 0 221 294
364 0 246 171
2 U4
232 0 274 308
232 0 71 132
14 U4
232 0 561 108
232 0 68 175
232 0 184 177
232 0 191 245
232 0 70 299
232 0 47 209
232 0 513 68
232 0 473 214
232 0 263 148
232 0 137 333
232 0 144 344
232 0 339 186
232 0 253 207
232 0 154 132
2 U6
304 0 532 91
304 0 169 346
14 U6
304 0 104 331
304 0 261 92
304 0 543 258
304 0 594 233
304 0 415 67
304 0 275 226
304 0 375 163
304 0 347 272
304 0 501 309
304 0 74 263
304 0 140 279
304 0 319 341
304 0 545 111
304 0 138 350
5
419 240 533 249
404 243 508 105
402 66 174 261
285 57 199 126
430 257 50 185
