4
3
L1 175 0
U2 354 0
L3 60 0
9
112 317
40 86
398 70
497 321
142 52
296 195
357 1
209 328
340 174
2 L1
18 L1
361 219 175 0
177 95 175 0
483 166 175 0
148 59 175 0
283 228 175 0
277 258 175 0
313 338 175 0
129 235 175 0
135 142 175 0
370 234 175 0
338 328 175 0
520 70 175 0
222 256 175 0
507 348 175 0
170 315 175 0
197 98 175 0
27 235 175 0
497 289 175 0
2 L3
18 L3
367 164 60 0
398 349 60 0
421 218 60 0
112 230 60 0
495 243 60 0
450 340 60 0
342 278 60 0
326 291 60 0
80 201 60 0
141 115 60 0
399 98 60 0
210 196 60 0
529 245 60 0
228 170 60 0
421 301 60 0
118 227 60 0
405 149 60 0
288 294 60 0
2 U2
354 0 358 306
354 0 307 282
18 U2
354 0 411 270
354 0 185 295
354 0 568 285
354 0 226 346
354 0 265 94
354 0 83 267
354 0 70 274
354 0 389 338
354 0 560 294
354 0 76 135
354 0 284 158
354 0 487 143
354 0 118 64
354 0 28 255
354 0 520 217
354 0 341 75
354 0 304 223
354 0 24 137
3
361 219 213 205
367 164 345 84
177 95 460 97
