5
5
L1 146 0
U2 159 0
L3 129 0
U4 444 0
L5 60 0
15
180 44
306 39
27 226
162 126
348 299
127 252
26 47
381 341
193 238
380 92
578 60
334 147
396 174
255 66
513 233
2 L1
14 L1
108 240 146 0
429 57 146 0
11 324 146 0
348 339 146 0
460 84 146 0
375 145 146 0
517 57 146 0
48 211 146 0
407 189 146 0
544 295 146 0
118 224 146 0
349 313 146 0
230 72 146 0
411 234 146 0
2 L3
14 L3
121 292 129 0
130 278 129 0
554 137 129 0
384 178 129 0
278 204 129 0
566 230 129 0
32 256 129 0
585 231 129 0
63 219 129 0
516 322 129 0
487 327 129 0
569 295 129 0
37 322 129 0
541 204 129 0
2 L5
14 L5
388 80 60 0
319 105 60 0
62 98 60 0
144 54 60 0
9 196 60 0
204 305 60 0
430 171 60 0
211 174 60 0
562 164 60 0
43 156 60 0
408 149 60 0
9 149 60 0
255 211 60 0
417 228 60 0
2 U2
159 0 306 107
159 0 426 60
14 U2
159 0 516 299
159 0 487 254
159 0 233 115
159 0 341 85
159 0 297 266
159 0 461 315
159 0 581 109
159 0 330 235
159 0 508 62
159 0 404 55
159 0 162 299
159 0 368 164
159 0 272 249
159 0 370 233
2 U4
444 0 551 182
444 0 314 65
14 U4
444 0 389 138
444 0 279 311
444 0 402 231
444 0 371 293
444 0 116 68
444 0 195 119
444 0 148 95
444 0 336 201
444 0 170 56
444 0 108 199
444 0 204 291
444 0 180 238
444 0 79 264
444 0 282 344
4
108 240 224 78
121 292 545 190
388 80 43 205
429 57 122 298
