5
4
L1 561 0
U2 220 0
L3 469 0
U4 42 0
12
156 98
578 318
504 266
492 211
275 28
543 89
494 98
413 16
486 61
371 272
216 218
253 132
2 L1
22 L1
292 279 561 0
316 328 561 0
103 275 561 0
521 95 561 0
302 75 561 0
532 67 561 0
268 164 561 0
132 333 561 0
253 128 561 0
124 87 561 0
114 205 561 0
151 197 561 0
115 234 561 0
400 60 561 0
555 209 561 0
311 72 561 0
156 242 561 0
543 89 561 0
276 252 561 0
123 279 561 0
489 97 561 0
255 310 561 0
2 L3
22 L3
1 170 469 0
229 303 469 0
220 217 469 0
390 128 469 0
66 213 469 0
357 193 469 0
302 276 469 0
58 334 469 0
0 66 469 0
308 177 469 0
467 336 469 0
243 233 469 0
142 207 469 0
158 65 469 0
129 116 469 0
581 209 469 0
426 293 469 0
591 94 469 0
410 307 469 0
356 263 469 0
418 97 469 0
187 319 469 0
2 U2
220 0 573 235
220 0 238 255
22 U2
220 0 521 78
220 0 246 85
220 0 214 312
220 0 213 118
220 0 97 66
220 0 124 121
220 0 421 281
220 0 136 51
220 0 177 280
220 0 282 216
220 0 80 94
220 0 20 328
220 0 261 209
220 0 140 243
220 0 517 285
220 0 31 246
220 0 107 347
220 0 275 129
220 0 368 79
220 0 163 166
220 0 442 298
220 0 104 269
2 U4
42 0 587 52
42 0 122 133
22 U4
42 0 318 140
42 0 366 171
42 0 510 284
42 0 130 298
42 0 459 224
42 0 539 51
42 0 311 189
42 0 451 241
42 0 100 145
42 0 509 295
42 0 569 190
42 0 524 61
42 0 293 329
42 0 202 333
42 0 465 88
42 0 104 86
42 0 179 347
42 0 379 146
42 0 499 202
42 0 570 262
42 0 88 92
42 0 529 338
14
292 279 53 50
1 170 285 206
316 328 297 67
229 303 174 296
103 275 456 261
220 217 120 181
521 95 466 302
390 128 272 150
302 75 491 204
66 213 270 119
532 67 296 68
357 193 310 178
268 164 512 133
302 276 337 101
