4
3
L1 325 0
U2 15 0
L3 252 0
12
254 256
351 291
172 172
176 262
319 294
122 285
57 96
483 24
415 219
196 96
425 39
174 246
2 L1
10 L1
564 238 325 0
454 75 325 0
382 206 325 0
254 237 325 0
405 349 325 0
254 232 325 0
548 130 325 0
181 236 325 0
115 121 325 0
154 90 325 0
2 L3
10 L3
306 105 252 0
557 261 252 0
247 199 252 0
223 210 252 0
104 120 252 0
175 322 252 0
198 101 252 0
391 113 252 0
364 94 252 0
161 206 252 0
2 U2
15 0 387 334
15 0 566 60
10 U2
15 0 106 170
15 0 239 237
15 0 428 330
15 0 320 334
15 0 334 235
15 0 79 64
15 0 34 178
15 0 539 76
15 0 35 203
15 0 371 321
2
564 238 189 84
306 105 331 66
