4
4
L1 47 0
U2 544 0
L3 598 0
U4 26 0
12
563 4
243 23
525 66
588 211
414 10
3 78
162 228
115 156
422 123
474 161
459 139
361 151
2 L1
18 L1
367 83 47 0
36 350 47 0
108 348 47 0
28 70 47 0
69 331 47 0
411 262 47 0
318 212 47 0
262 126 47 0
464 68 47 0
267 316 47 0
234 73 47 0
165 273 47 0
473 216 47 0
577 258 47 0
563 255 47 0
43 346 47 0
208 52 47 0
565 249 47 0
2 L3
18 L3
417 80 598 0
532 328 598 0
16 288 598 0
127 330 598 0
537 208 598 0
501 252 598 0
535 114 598 0
165 334 598 0
189 143 598 0
315 146 598 0
336 155 598 0
110 242 598 0
530 253 598 0
551 68 598 0
280 285 598 0
581 161 598 0
102 88 598 0
425 179 598 0
2 U2
544 0 276 248
544 0 362 100
18 U2
544 0 190 199
544 0 44 236
544 0 562 259
544 0 437 151
544 0 554 92
544 0 38 145
544 0 439 231
544 0 5 272
544 0 350 207
544 0 491 159
544 0 135 156
544 0 587 71
544 0 281 298
544 0 455 280
544 0 415 65
544 0 476 221
544 0 60 246
544 0 165 346
2 U4
26 0 106 193
26 0 483 127
18 U4
26 0 16 224
26 0 366 233
26 0 138 261
26 0 527 281
26 0 524 233
26 0 224 149
26 0 254 109
26 0 202 113
26 0 175 81
26 0 145 245
26 0 175 228
26 0 50 124
26 0 590 240
26 0 212 118
26 0 195 216
26 0 371 309
26 0 224 236
26 0 257 248
4
367 83 103 219
417 80 574 145
36 350 558 320
532 328 17 158
