4
3
L1 126 0
U2 115 0
L3 588 0
12
209 277
447 75
510 127
272 41
9 45
446 269
382 209
385 99
221 203
523 137
147 18
11 144
2 L1
10 L1
449 347 126 0
353 155 126 0
103 226 126 0
128 226 126 0
131 339 126 0
589 57 126 0
438 153 126 0
372 340 126 0
163 331 126 0
516 61 126 0
2 L3
10 L3
367 149 588 0
505 288 588 0
85 105 588 0
145 334 588 0
116 90 588 0
33 88 588 0
381 328 588 0
233 200 588 0
521 77 588 0
324 215 588 0
2 U2
115 0 391 195
115 0 321 107
10 U2
115 0 505 224
115 0 47 51
115 0 375 277
115 0 143 259
115 0 393 123
115 0 36 228
115 0 600 95
115 0 386 259
115 0 477 198
115 0 596 293
5
449 347 225 192
367 149 364 283
353 155 368 132
505 288 202 300
103 226 129 114
