5
3
L1 134 0
U2 69 0
L3 588 0
9
120 82
505 66
293 179
449 327
71 187
555 125
411 177
201 21
116 245
2 L1
18 L1
592 319 134 0
133 117 134 0
130 238 134 0
232 315 134 0
273 302 134 0
348 65 134 0
41 185 134 0
135 211 134 0
204 265 134 0
4 176 134 0
100 259 134 0
272 123 134 0
44 96 134 0
107 272 134 0
200 325 134 0
255 246 134 0
362 162 134 0
590 239 134 0
2 L3
18 L3
600 137 588 0
587 106 588 0
163 289 588 0
118 309 588 0
332 310 588 0
71 85 588 0
91 247 588 0
46 254 588 0
409 138 588 0
101 284 588 0
284 67 588 0
51 84 588 0
329 144 588 0
186 179 588 0
135 258 588 0
591 350 588 0
335 211 588 0
359 291 588 0
2 U2
69 0 380 62
69 0 471 326
18 U2
69 0 421 241
69 0 439 342
69 0 573 247
69 0 248 103
69 0 554 265
69 0 85 161
69 0 177 244
69 0 128 134
69 0 12 134
69 0 306 274
69 0 305 308
69 0 442 74
69 0 529 228
69 0 93 77
69 0 78 155
69 0 566 79
69 0 286 244
69 0 591 177
9
592 319 405 141
600 137 579 267
133 117 191 261
587 106 566 160
130 238 511 117
163 289 142 350
232 315 152 320
118 309 556 114
273 302 430 182
