3
6
L1 347 0
U2 389 0
L3 447 0
U4 18 0
L5 561 0
U6 306 0
24
514 39
194 294
149 100
278 252
553 154
399 175
190 6
531 40
307 207
188 285
53 143
213 233
173 172
334 228
394 134
349 221
483 241
546 269
189 158
55 40
199 67
41 224
188 202
280 110
1 L1
10 L1
395 328 347 0
455 308 347 0
153 336 347 0
285 324 347 0
293 50 347 0
301 124 347 0
223 87 347 0
94 307 347 0
329 346 347 0
246 98 347 0
1 L3
10 L3
339 309 447 0
118 263 447 0
168 318 447 0
27 232 447 0
233 280 447 0
313 258 447 0
121 332 447 0
478 251 447 0
260 187 447 0
533 327 447 0
1 L5
10 L5
391 276 561 0
419 51 561 0
387 309 561 0
369 257 561 0
467 75 561 0
316 236 561 0
272 208 561 0
214 266 561 0
567 259 561 0
265 217 561 0
1 U2
389 0 396 76
10 U2
389 0 201 293
389 0 18 115
389 0 593 185
389 0 264 118
389 0 286 272
389 0 496 342
389 0 337 202
389 0 11 125
389 0 447 246
389 0 486 155
1 U4
18 0 179 263
10 U4
18 0 387 144
18 0 538 168
18 0 312 138
18 0 323 156
18 0 466 315
18 0 570 323
18 0 121 347
18 0 571 80
18 0 164 209
18 0 109 292
1 U6
306 0 543 282
10 U6
306 0 555 346
306 0 172 315
306 0 533 115
306 0 468 145
306 0 126 102
306 0 37 251
306 0 160 176
306 0 265 154
306 0 132 338
306 0 423 298
9
395 328 483 142
339 309 570 121
391 276 576 68
455 308 396 278
118 263 420 147
419 51 577 141
153 336 354 265
168 318 348 128
387 309 327 190
