4
5
L1 46 0
U2 197 0
L3 92 0
U4 50 0
L5 119 0
20
26 140
205 32
578 71
433 211
120 161
430 237
400 20
503 200
132 229
102 295
77 345
225 243
458 29
68 265
330 253
262 89
57 58
592 189
167 221
562 293
2 L1
18 L1
64 77 46 0
348 61 46 0
49 286 46 0
451 161 46 0
234 250 46 0
259 87 46 0
489 108 46 0
475 311 46 0
297 332 46 0
542 339 46 0
272 340 46 0
176 313 46 0
264 325 46 0
120 285 46 0
497 130 46 0
593 84 46 0
283 320 46 0
121 347 46 0
2 L3
18 L3
194 233 92 0
502 302 92 0
269 349 92 0
472 282 92 0
71 318 92 0
490 296 92 0
469 195 92 0
333 257 92 0
96 311 92 0
161 289 92 0
453 225 92 0
452 181 92 0
356 313 92 0
336 136 92 0
543 82 92 0
249 256 92 0
289 238 92 0
54 174 92 0
2 L5
18 L5
398 215 119 0
66 131 119 0
224 342 119 0
491 70 119 0
415 213 119 0
317 274 119 0
248 346 119 0
136 287 119 0
184 282 119 0
334 69 119 0
36 271 119 0
579 287 119 0
93 172 119 0
202 170 119 0
548 179 119 0
383 315 119 0
204 328 119 0
49 55 119 0
2 U2
197 0 412 98
197 0 399 138
18 U2
197 0 554 161
197 0 420 65
197 0 392 199
197 0 68 88
197 0 368 53
197 0 261 154
197 0 52 135
197 0 173 268
197 0 204 217
197 0 273 291
197 0 421 192
197 0 320 308
197 0 525 201
197 0 509 140
197 0 296 294
197 0 585 310
197 0 316 255
197 0 488 322
2 U4
50 0 288 340
50 0 540 62
18 U4
50 0 102 75
50 0 543 239
50 0 440 342
50 0 296 77
50 0 361 301
50 0 410 110
50 0 463 115
50 0 52 239
50 0 422 266
50 0 158 260
50 0 474 251
50 0 306 179
50 0 173 253
50 0 48 263
50 0 474 122
50 0 526 205
50 0 60 279
50 0 117 273
5
64 77 539 132
194 233 524 169
398 215 379 145
348 61 7 302
502 302 44 262
