3
6
L1 131 0
U2 45 0
L3 50 0
U4 513 0
L5 250 0
U6 176 0
18
577 291
11 295
518 205
519 295
142 202
229 186
94 268
358 256
258 57
336 53
13 334
230 0
352 37
289 163
448 100
190 195
374 259
363 11
1 L1
10 L1
494 190 131 0
501 247 131 0
12 86 131 0
138 76 131 0
293 226 131 0
204 130 131 0
141 195 131 0
55 110 131 0
40 326 131 0
571 113 131 0
1 L3
10 L3
147 55 50 0
389 329 50 0
282 179 50 0
41 219 50 0
261 93 50 0
51 135 50 0
333 133 50 0
7 311 50 0
97 293 50 0
384 300 50 0
1 L5
10 L5
394 296 250 0
105 311 250 0
319 68 250 0
245 273 250 0
466 163 250 0
255 286 250 0
376 87 250 0
561 259 250 0
305 108 250 0
441 148 250 0
1 U2
45 0 312 149
10 U2
45 0 140 64
45 0 455 73
45 0 365 150
45 0 434 350
45 0 330 185
45 0 501 277
45 0 267 59
45 0 579 222
45 0 22 118
45 0 366 281
1 U4
513 0 193 145
10 U4
513 0 459 250
513 0 493 123
513 0 318 200
513 0 418 312
513 0 114 136
513 0 526 170
513 0 177 148
513 0 447 79
513 0 471 50
513 0 326 349
1 U6
176 0 539 251
10 U6
176 0 106 346
176 0 13 185
176 0 381 335
176 0 371 130
176 0 11 320
176 0 206 216
176 0 106 343
176 0 312 329
176 0 547 317
176 0 312 320
3
494 190 17 93
147 55 43 222
394 296 255 341
