5
4
L1 273 0
U2 279 0
L3 283 0
U4 398 0
20
528 36
135 225
175 320
583 140
572 155
516 62
239 253
126 42
513 203
73 273
182 234
425 80
378 66
128 106
168 36
67 124
7 60
73 209
256 215
200 262
2 L1
14 L1
577 313 273 0
384 248 273 0
558 93 273 0
210 118 273 0
389 196 273 0
311 68 273 0
263 112 273 0
346 189 273 0
57 119 273 0
76 202 273 0
520 244 273 0
439 153 273 0
480 294 273 0
451 336 273 0
2 L3
14 L3
459 117 283 0
268 153 283 0
569 218 283 0
215 81 283 0
62 184 283 0
78 245 283 0
415 280 283 0
5 178 283 0
183 310 283 0
217 307 283 0
397 187 283 0
442 310 283 0
277 117 283 0
381 318 283 0
2 U2
279 0 491 211
279 0 123 66
14 U2
279 0 412 81
279 0 258 161
279 0 553 199
279 0 9 275
279 0 450 254
279 0 252 337
279 0 325 123
279 0 169 310
279 0 364 260
279 0 165 236
279 0 267 232
279 0 225 302
279 0 286 303
279 0 209 118
2 U4
398 0 240 59
398 0 562 344
14 U4
398 0 484 239
398 0 491 224
398 0 163 307
398 0 397 94
398 0 193 210
398 0 586 72
398 0 88 127
398 0 370 118
398 0 135 302
398 0 247 314
398 0 7 152
398 0 530 144
398 0 173 136
398 0 442 77
9
577 313 195 313
459 117 114 131
384 248 234 200
268 153 455 105
558 93 536 153
569 218 215 302
210 118 48 324
215 81 291 214
389 196 361 120
