4
3
L1 301 0
U2 519 0
L3 200 0
12
587 49
340 146
585 193
124 278
238 331
310 24
509 329
230 24
469 245
53 286
128 323
304 230
2 L1
14 L1
570 268 301 0
110 96 301 0
340 325 301 0
271 342 301 0
70 159 301 0
75 109 301 0
555 186 301 0
60 60 301 0
125 113 301 0
462 327 301 0
272 244 301 0
345 117 301 0
560 263 301 0
168 250 301 0
2 L3
14 L3
498 282 200 0
30 235 200 0
116 349 200 0
312 167 200 0
590 78 200 0
329 130 200 0
128 295 200 0
219 202 200 0
471 198 200 0
542 58 200 0
106 85 200 0
579 222 200 0
21 321 200 0
444 294 200 0
2 U2
519 0 163 196
519 0 265 70
14 U2
519 0 189 92
519 0 437 208
519 0 584 320
519 0 4 193
519 0 171 325
519 0 322 259
519 0 368 223
519 0 540 197
519 0 150 228
519 0 41 87
519 0 113 269
519 0 425 69
519 0 50 317
519 0 100 208
3
570 268 42 163
498 282 258 261
110 96 438 347
