5
5
L1 390 0
U2 282 0
L3 113 0
U4 359 0
L5 503 0
15
144 198
261 91
589 136
453 116
578 334
493 147
229 50
77 243
480 267
306 349
123 125
290 278
62 87
286 49
66 169
2 L1
22 L1
366 178 390 0
7 247 390 0
333 253 390 0
29 148 390 0
491 222 390 0
104 325 390 0
85 240 390 0
193 86 390 0
178 79 390 0
229 78 390 0
97 204 390 0
396 113 390 0
529 72 390 0
78 59 390 0
178 270 390 0
551 272 390 0
257 91 390 0
200 297 390 0
292 68 390 0
308 111 390 0
14 252 390 0
182 275 390 0
2 L3
22 L3
327 150 113 0
339 333 113 0
581 98 113 0
593 251 113 0
52 122 113 0
232 145 113 0
554 219 113 0
472 316 113 0
370 307 113 0
362 74 113 0
10 85 113 0
73 188 113 0
584 325 113 0
247 100 113 0
414 224 113 0
73 155 113 0
280 182 113 0
517 330 113 0
33 58 113 0
354 215 113 0
171 192 113 0
243 107 113 0
2 L5
22 L5
222 249 503 0
335 98 503 0
467 305 503 0
502 65 503 0
286 249 503 0
400 265 503 0
317 89 503 0
266 195 503 0
37 160 503 0
459 170 503 0
305 162 503 0
57 82 503 0
103 177 503 0
34 125 503 0
348 56 503 0
331 190 503 0
351 337 503 0
304 199 503 0
434 224 503 0
358 205 503 0
215 305 503 0
66 50 503 0
2 U2
282 0 531 52
282 0 159 59
22 U2
282 0 34 144
282 0 300 75
282 0 195 271
282 0 179 166
282 0 339 71
282 0 98 238
282 0 323 265
282 0 189 107
282 0 390 101
282 0 166 266
282 0 460 140
282 0 39 332
282 0 366 330
282 0 320 73
282 0 569 97
282 0 119 178
282 0 219 283
282 0 1 242
282 0 264 54
282 0 391 325
282 0 230 227
282 0 84 252
2 U4
359 0 135 71
359 0 436 196
22 U4
359 0 407 225
359 0 375 338
359 0 591 205
359 0 502 64
359 0 153 254
359 0 227 241
359 0 538 157
359 0 144 241
359 0 184 233
359 0 67 275
359 0 247 329
359 0 519 304
359 0 63 226
359 0 205 167
359 0 209 269
359 0 319 220
359 0 403 150
359 0 600 163
359 0 220 129
359 0 191 111
359 0 144 199
359 0 387 262
17
366 178 438 285
327 150 500 217
222 249 462 131
7 247 488 65
339 333 128 240
335 98 368 190
333 253 26 121
581 98 10 290
467 305 123 264
29 148 277 144
593 251 559 233
502 65 410 192
491 222 266 292
52 122 59 263
286 249 83 121
104 325 488 320
232 145 482 346
