3
6
L1 475 0
U2 142 0
L3 120 0
U4 324 0
L5 271 0
U6 77 0
30
295 117
558 131
23 71
340 249
197 214
361 139
28 290
479 271
121 191
108 44
188 158
319 157
457 195
562 171
592 175
508 41
299 217
533 88
543 324
369 230
480 25
521 111
526 149
253 74
235 108
560 30
165 196
594 284
50 296
357 27
1 L1
14 L1
159 232 475 0
526 63 475 0
54 73 475 0
14 254 475 0
560 313 475 0
392 284 475 0
537 61 475 0
202 274 475 0
150 283 475 0
539 190 475 0
424 235 475 0
245 97 475 0
469 126 475 0
22 297 475 0
1 L3
14 L3
472 155 120 0
432 272 120 0
564 277 120 0
121 79 120 0
159 100 120 0
369 111 120 0
7 240 120 0
425 243 120 0
446 68 120 0
135 273 120 0
505 241 120 0
35 211 120 0
14 165 120 0
245 284 120 0
1 L5
14 L5
368 326 271 0
57 319 271 0
224 105 271 0
100 209 271 0
460 72 271 0
545 237 271 0
7 181 271 0
401 278 271 0
404 66 271 0
546 128 271 0
312 254 271 0
389 256 271 0
22 131 271 0
451 348 271 0
1 U2
142 0 419 85
14 U2
142 0 373 252
142 0 270 145
142 0 532 124
142 0 179 145
142 0 534 79
142 0 327 153
142 0 573 332
142 0 429 85
142 0 119 260
142 0 337 163
142 0 155 316
142 0 480 131
142 0 539 210
142 0 352 107
1 U4
324 0 429 297
14 U4
324 0 251 184
324 0 458 327
324 0 526 95
324 0 334 198
324 0 585 132
324 0 333 269
324 0 220 171
324 0 329 130
324 0 562 103
324 0 177 113
324 0 82 108
324 0 71 57
324 0 426 132
324 0 65 119
1 U6
77 0 113 340
14 U6
77 0 341 341
77 0 109 71
77 0 437 137
77 0 185 305
77 0 521 177
77 0 429 231
77 0 384 166
77 0 73 325
77 0 426 291
77 0 41 122
77 0 361 109
77 0 2 223
77 0 561 92
77 0 345 295
5
159 232 555 57
472 155 159 344
368 326 7 208
526 63 170 303
432 272 368 306
