5
3
L1 83 0
U2 279 0
L3 129 0
12
183 162
401 320
219 158
110 314
26 325
464 315
336 186
548 317
364 215
333 51
485 301
2 311
2 L1
14 L1
148 82 83 0
430 167 83 0
223 241 83 0
102 304 83 0
269 122 83 0
46 216 83 0
438 104 83 0
131 192 83 0
25 111 83 0
580 101 83 0
194 58 83 0
562 298 83 0
288 106 83 0
58 218 83 0
2 L3
14 L3
433 85 129 0
291 117 129 0
335 120 129 0
122 149 129 0
444 57 129 0
122 177 129 0
158 178 129 0
580 150 129 0
23 143 129 0
284 259 129 0
216 95 129 0
566 110 129 0
250 62 129 0
178 113 129 0
2 U2
279 0 509 336
279 0 427 198
14 U2
279 0 211 337
279 0 318 235
279 0 559 68
279 0 578 190
279 0 79 342
279 0 226 60
279 0 59 99
279 0 50 157
279 0 315 295
279 0 501 234
279 0 378 118
279 0 349 302
279 0 597 277
279 0 301 253
7
148 82 522 316
433 85 60 252
430 167 549 105
291 117 123 154
223 241 234 89
335 120 420 101
102 304 359 334
