3
4
L1 448 0
U2 486 0
L3 327 0
U4 574 0
16
70 150
533 102
413 108
100 88
490 250
368 34
426 245
591 106
217 346
202 149
75 303
167 47
341 327
487 303
101 234
462 348
1 L1
10 L1
47 108 448 0
158 318 448 0
247 231 448 0
556 325 448 0
20 110 448 0
139 70 448 0
38 101 448 0
503 197 448 0
137 115 448 0
217 317 448 0
1 L3
10 L3
385 305 327 0
456 342 327 0
185 344 327 0
77 265 327 0
419 257 327 0
329 135 327 0
83 281 327 0
360 299 327 0
536 89 327 0
426 180 327 0
1 U2
486 0 36 294
10 U2
486 0 260 210
486 0 242 213
486 0 77 55
486 0 597 223
486 0 318 214
486 0 102 107
486 0 194 157
486 0 264 200
486 0 283 313
486 0 356 101
1 U4
574 0 301 151
10 U4
574 0 199 303
574 0 531 139
574 0 27 161
574 0 68 238
574 0 45 67
574 0 42 136
574 0 274 229
574 0 491 94
574 0 501 147
574 0 435 234
2
47 108 561 105
385 305 549 293
