3
6
L1 389 0
U2 100 0
L3 516 0
U4 31 0
L5 89 0
U6 554 0
18
358 288
370 61
416 11
265 187
408 16
189 340
430 288
479 299
231 320
154 49
369 141
211 18
138 236
310 162
147 110
240 232
271 316
137 94
1 L1
10 L1
484 146 389 0
209 181 389 0
566 146 389 0
181 322 389 0
113 318 389 0
273 79 389 0
549 305 389 0
511 101 389 0
326 62 389 0
478 97 389 0
1 L3
10 L3
345 88 516 0
292 257 516 0
207 225 516 0
388 175 516 0
413 52 516 0
574 345 516 0
154 108 516 0
273 212 516 0
56 317 516 0
233 115 516 0
1 L5
10 L5
480 284 89 0
550 298 89 0
497 269 89 0
203 162 89 0
467 167 89 0
288 311 89 0
289 92 89 0
253 189 89 0
159 188 89 0
336 187 89 0
1 U2
100 0 78 310
10 U2
100 0 326 326
100 0 249 314
100 0 225 137
100 0 171 268
100 0 90 341
100 0 159 303
100 0 370 335
100 0 344 109
100 0 162 124
100 0 82 306
1 U4
31 0 279 112
10 U4
31 0 93 259
31 0 148 117
31 0 522 202
31 0 183 189
31 0 530 71
31 0 508 285
31 0 489 174
31 0 337 192
31 0 459 52
31 0 442 55
1 U6
554 0 49 331
10 U6
554 0 453 226
554 0 299 230
554 0 182 249
554 0 253 162
554 0 143 222
554 0 318 51
554 0 131 134
554 0 40 125
554 0 387 197
554 0 109 209
9
484 146 308 101
345 88 568 184
480 284 411 146
209 181 204 291
292 257 176 332
550 298 472 162
566 146 128 62
207 225 187 167
497 269 123 141
