4
5
L1 37 0
U2 36 0
L3 28 0
U4 500 0
L5 59 0
15
144 164
564 242
468 165
312 76
440 206
40 280
100 48
352 94
309 342
305 144
21 203
123 198
357 73
21 223
593 213
2 L1
18 L1
270 300 37 0
163 156 37 0
500 342 37 0
220 83 37 0
282 297 37 0
355 157 37 0
541 252 37 0
8 281 37 0
425 88 37 0
580 136 37 0
524 290 37 0
55 334 37 0
19 221 37 0
203 81 37 0
570 100 37 0
561 202 37 0
241 79 37 0
364 260 37 0
2 L3
18 L3
586 124 28 0
477 292 28 0
321 179 28 0
174 155 28 0
375 230 28 0
120 265 28 0
89 103 28 0
0 207 28 0
527 170 28 0
540 179 28 0
257 158 28 0
579 256 28 0
288 85 28 0
545 346 28 0
290 244 28 0
568 269 28 0
109 295 28 0
52 223 28 0
2 L5
18 L5
501 269 59 0
248 207 59 0
385 158 59 0
360 109 59 0
347 99 59 0
563 67 59 0
14 300 59 0
543 86 59 0
196 202 59 0
548 177 59 0
447 219 59 0
324 239 59 0
29 91 59 0
119 294 59 0
466 323 59 0
249 154 59 0
369 59 59 0
135 287 59 0
2 U2
36 0 312 286
36 0 313 144
18 U2
36 0 167 88
36 0 212 179
36 0 506 129
36 0 498 222
36 0 398 145
36 0 557 305
36 0 336 334
36 0 148 280
36 0 328 113
36 0 17 229
36 0 393 252
36 0 242 224
36 0 214 348
36 0 40 334
36 0 375 167
36 0 308 189
36 0 152 74
36 0 183 328
2 U4
500 0 428 342
500 0 104 190
18 U4
500 0 13 174
500 0 281 182
500 0 359 71
500 0 489 213
500 0 553 212
500 0 512 77
500 0 61 306
500 0 57 318
500 0 431 89
500 0 495 76
500 0 437 310
500 0 454 53
500 0 410 146
500 0 442 269
500 0 81 318
500 0 180 135
500 0 317 201
500 0 556 319
5
270 300 4 196
586 124 548 304
501 269 235 308
163 156 34 285
477 292 486 267
