4
5
L1 6 0
U2 221 0
L3 83 0
U4 415 0
L5 336 0
25
260 278
1 130
51 185
318 98
416 33
100 83
126 182
425 188
141 220
236 221
373 66
497 61
547 213
84 161
585 231
105 51
389 44
141 235
584 343
232 157
294 175
125 286
154 238
439 259
528 235
2 L1
14 L1
102 120 6 0
185 119 6 0
464 304 6 0
207 333 6 0
284 253 6 0
429 305 6 0
66 348 6 0
357 300 6 0
183 142 6 0
180 275 6 0
373 272 6 0
553 289 6 0
62 278 6 0
215 247 6 0
2 L3
14 L3
127 289 83 0
20 87 83 0
50 314 83 0
190 113 83 0
528 276 83 0
572 220 83 0
436 183 83 0
228 152 83 0
64 248 83 0
402 333 83 0
352 189 83 0
433 312 83 0
582 184 83 0
531 173 83 0
2 L5
14 L5
258 222 336 0
124 290 336 0
478 174 336 0
326 312 336 0
437 257 336 0
407 162 336 0
304 195 336 0
116 197 336 0
593 181 336 0
75 72 336 0
523 119 336 0
442 122 336 0
298 271 336 0
37 259 336 0
2 U2
221 0 478 281
221 0 458 59
14 U2
221 0 170 52
221 0 94 238
221 0 397 193
221 0 490 135
221 0 36 142
221 0 438 157
221 0 482 257
221 0 221 82
221 0 431 66
221 0 195 303
221 0 295 340
221 0 96 200
221 0 213 249
221 0 55 107
2 U4
415 0 383 316
415 0 480 57
14 U4
415 0 237 308
415 0 574 52
415 0 260 225
415 0 335 160
415 0 563 334
415 0 148 106
415 0 59 130
415 0 355 204
415 0 399 257
415 0 561 301
415 0 68 331
415 0 584 99
415 0 550 260
415 0 129 219
4
102 120 90 181
127 289 214 89
258 222 256 190
185 119 51 71
