5
6
L1 539 0
U2 258 0
L3 374 0
U4 329 0
L5 191 0
U6 363 0
24
556 255
88 108
368 66
149 246
156 167
141 72
386 162
567 75
147 232
354 6
543 63
432 4
337 128
378 36
117 205
597 256
170 124
546 52
524 90
591 260
497 2
250 61
100 66
499 39
2 L1
14 L1
39 336 539 0
277 96 539 0
467 295 539 0
74 322 539 0
478 348 539 0
241 191 539 0
294 181 539 0
432 95 539 0
358 264 539 0
65 155 539 0
266 263 539 0
498 133 539 0
466 151 539 0
272 270 539 0
2 L3
14 L3
412 319 374 0
492 190 374 0
226 178 374 0
27 313 374 0
102 339 374 0
567 313 374 0
281 118 374 0
106 227 374 0
293 252 374 0
537 236 374 0
462 190 374 0
415 102 374 0
162 338 374 0
483 103 374 0
2 L5
14 L5
375 104 191 0
432 152 191 0
374 106 191 0
445 100 191 0
285 204 191 0
227 148 191 0
545 312 191 0
188 198 191 0
102 161 191 0
90 332 191 0
330 257 191 0
255 152 191 0
132 298 191 0
76 233 191 0
2 U2
258 0 504 50
258 0 49 139
14 U2
258 0 218 320
258 0 49 59
258 0 3 306
258 0 249 57
258 0 470 258
258 0 299 190
258 0 262 51
258 0 455 111
258 0 192 120
258 0 242 200
258 0 563 136
258 0 476 114
258 0 373 191
258 0 460 243
2 U4
329 0 546 134
329 0 1 127
14 U4
329 0 240 54
329 0 148 252
329 0 191 204
329 0 85 152
329 0 341 242
329 0 79 86
329 0 258 262
329 0 257 235
329 0 225 57
329 0 61 303
329 0 483 342
329 0 320 248
329 0 68 309
329 0 17 134
2 U6
363 0 164 156
363 0 444 164
14 U6
363 0 271 109
363 0 573 265
363 0 21 196
363 0 543 272
363 0 311 186
363 0 357 284
363 0 530 154
363 0 1 178
363 0 596 293
363 0 379 254
363 0 34 221
363 0 596 174
363 0 371 335
363 0 283 187
5
39 336 332 75
412 319 315 147
375 104 421 307
277 96 574 259
492 190 44 186
