4
4
L1 73 0
U2 414 0
L3 344 0
U4 8 0
16
49 299
36 279
274 294
95 134
163 346
538 259
113 1
316 210
213 17
178 325
149 193
146 52
349 48
477 158
196 17
58 198
2 L1
14 L1
444 321 73 0
280 226 73 0
560 88 73 0
508 339 73 0
470 159 73 0
431 68 73 0
386 114 73 0
47 297 73 0
56 282 73 0
596 92 73 0
173 181 73 0
485 103 73 0
112 234 73 0
541 184 73 0
2 L3
14 L3
361 71 344 0
496 162 344 0
305 199 344 0
538 283 344 0
529 151 344 0
529 280 344 0
79 79 344 0
153 286 344 0
302 191 344 0
463 111 344 0
82 61 344 0
311 209 344 0
75 102 344 0
380 222 344 0
2 U2
414 0 370 100
414 0 433 136
14 U2
414 0 547 255
414 0 272 112
414 0 334 154
414 0 266 65
414 0 225 274
414 0 431 307
414 0 435 276
414 0 73 184
414 0 251 65
414 0 39 288
414 0 505 160
414 0 380 300
414 0 49 343
414 0 510 226
2 U4
8 0 456 267
8 0 181 147
14 U4
8 0 337 148
8 0 220 55
8 0 390 344
8 0 126 214
8 0 125 177
8 0 558 205
8 0 20 125
8 0 466 304
8 0 575 190
8 0 18 195
8 0 461 124
8 0 264 156
8 0 323 131
8 0 95 312
6
444 321 585 123
361 71 171 273
280 226 43 75
496 162 15 71
560 88 448 60
305 199 391 149
