4
4
L1 6 0
U2 571 0
L3 234 0
U4 4 0
16
459 9
312 215
120 194
373 34
22 289
195 40
107 245
544 270
361 203
39 110
509 246
492 145
68 239
204 99
517 297
393 319
2 L1
18 L1
428 174 6 0
599 322 6 0
586 304 6 0
592 126 6 0
152 324 6 0
59 89 6 0
374 131 6 0
80 203 6 0
292 291 6 0
49 77 6 0
532 96 6 0
536 326 6 0
282 50 6 0
36 339 6 0
560 139 6 0
69 258 6 0
18 88 6 0
390 336 6 0
2 L3
18 L3
513 258 234 0
100 314 234 0
98 120 234 0
580 118 234 0
269 124 234 0
506 151 234 0
313 177 234 0
546 240 234 0
41 261 234 0
48 330 234 0
297 260 234 0
531 309 234 0
56 311 234 0
561 349 234 0
76 212 234 0
378 322 234 0
218 283 234 0
316 262 234 0
2 U2
571 0 556 220
571 0 197 232
18 U2
571 0 43 330
571 0 579 50
571 0 199 161
571 0 526 59
571 0 204 121
571 0 459 96
571 0 302 175
571 0 29 163
571 0 119 72
571 0 258 115
571 0 165 248
571 0 563 211
571 0 331 314
571 0 574 299
571 0 356 191
571 0 513 50
571 0 116 221
571 0 493 267
2 U4
4 0 238 294
4 0 543 333
18 U4
4 0 339 174
4 0 139 325
4 0 4 186
4 0 545 338
4 0 568 85
4 0 49 321
4 0 129 240
4 0 244 196
4 0 196 81
4 0 85 104
4 0 167 162
4 0 575 83
4 0 393 242
4 0 538 208
4 0 241 319
4 0 100 287
4 0 199 328
4 0 83 120
4
428 174 93 251
513 258 421 269
599 322 192 244
100 314 22 275
