4
6
L1 247 0
U2 56 0
L3 599 0
U4 13 0
L5 386 0
U6 484 0
30
406 163
265 154
454 48
487 324
347 234
15 146
225 271
162 241
162 49
413 269
326 217
333 260
330 223
145 254
48 269
148 20
465 313
62 93
594 303
491 25
506 95
184 91
173 10
42 67
545 136
428 282
322 146
436 215
397 227
334 195
2 L1
14 L1
569 348 247 0
87 108 247 0
185 330 247 0
197 114 247 0
312 246 247 0
172 345 247 0
337 100 247 0
128 210 247 0
279 265 247 0
223 214 247 0
589 156 247 0
444 168 247 0
436 50 247 0
259 184 247 0
2 L3
14 L3
92 250 599 0
57 207 599 0
595 172 599 0
358 113 599 0
185 88 599 0
65 282 599 0
421 218 599 0
540 316 599 0
47 79 599 0
538 134 599 0
573 320 599 0
82 196 599 0
103 151 599 0
94 81 599 0
2 L5
14 L5
247 229 386 0
299 182 386 0
172 85 386 0
198 202 386 0
3 50 386 0
599 210 386 0
298 318 386 0
424 156 386 0
417 68 386 0
50 331 386 0
227 60 386 0
287 119 386 0
98 345 386 0
543 127 386 0
2 U2
56 0 312 307
56 0 175 101
14 U2
56 0 474 105
56 0 574 119
56 0 174 291
56 0 379 321
56 0 573 301
56 0 507 348
56 0 172 256
56 0 539 285
56 0 558 261
56 0 434 65
56 0 508 253
56 0 496 307
56 0 482 95
56 0 147 296
2 U4
13 0 519 211
13 0 518 341
14 U4
13 0 257 276
13 0 231 84
13 0 236 142
13 0 8 158
13 0 23 137
13 0 387 174
13 0 5 325
13 0 488 240
13 0 33 124
13 0 412 339
13 0 572 302
13 0 312 220
13 0 379 316
13 0 118 167
2 U6
484 0 490 249
484 0 573 74
14 U6
484 0 108 317
484 0 369 68
484 0 568 66
484 0 454 303
484 0 528 151
484 0 420 316
484 0 205 244
484 0 68 182
484 0 443 350
484 0 411 317
484 0 72 195
484 0 83 115
484 0 292 280
484 0 478 77
5
569 348 365 300
92 250 152 72
247 229 324 211
87 108 401 106
57 207 443 254
