4
5
L1 440 0
U2 116 0
L3 0 0
U4 362 0
L5 435 0
15
14 157
401 284
323 102
418 305
335 75
6 335
5 117
288 95
566 147
470 320
170 178
366 117
26 252
190 315
320 249
2 L1
10 L1
246 161 440 0
533 212 440 0
302 282 440 0
204 330 440 0
181 73 440 0
184 211 440 0
413 204 440 0
569 57 440 0
51 103 440 0
378 275 440 0
2 L3
10 L3
260 174 0 0
154 220 0 0
127 56 0 0
540 53 0 0
71 293 0 0
164 283 0 0
523 173 0 0
534 303 0 0
452 57 0 0
349 136 0 0
2 L5
10 L5
426 258 435 0
553 59 435 0
201 263 435 0
556 319 435 0
86 106 435 0
205 216 435 0
92 93 435 0
258 278 435 0
158 299 435 0
525 92 435 0
2 U2
116 0 92 108
116 0 57 213
10 U2
116 0 494 256
116 0 11 190
116 0 511 216
116 0 69 116
116 0 149 226
116 0 413 235
116 0 481 197
116 0 539 221
116 0 247 184
116 0 38 304
2 U4
362 0 539 335
362 0 4 235
10 U4
362 0 538 320
362 0 278 87
362 0 365 163
362 0 116 127
362 0 89 153
362 0 256 324
362 0 282 226
362 0 372 87
362 0 283 269
362 0 212 82
3
246 161 417 87
260 174 17 323
426 258 213 307
