3
5
L1 45 0
U2 475 0
L3 392 0
U4 234 0
L5 540 0
15
197 277
246 123
91 249
359 99
599 292
490 328
290 98
143 186
126 155
15 69
413 99
290 207
544 335
67 34
220 178
1 L1
18 L1
136 83 45 0
546 107 45 0
230 81 45 0
505 139 45 0
390 171 45 0
536 322 45 0
326 110 45 0
550 115 45 0
403 343 45 0
301 113 45 0
447 77 45 0
556 122 45 0
100 198 45 0
473 143 45 0
276 294 45 0
243 111 45 0
323 276 45 0
572 59 45 0
1 L3
18 L3
137 229 392 0
212 185 392 0
467 271 392 0
272 237 392 0
544 320 392 0
590 230 392 0
32 141 392 0
311 162 392 0
228 69 392 0
467 140 392 0
125 223 392 0
445 155 392 0
328 224 392 0
567 260 392 0
257 210 392 0
361 333 392 0
221 312 392 0
189 282 392 0
1 L5
18 L5
450 67 540 0
177 174 540 0
490 304 540 0
112 266 540 0
217 268 540 0
570 153 540 0
258 221 540 0
292 127 540 0
73 165 540 0
456 335 540 0
522 207 540 0
292 211 540 0
296 60 540 0
403 202 540 0
277 164 540 0
196 247 540 0
171 203 540 0
72 332 540 0
1 U2
475 0 45 270
18 U2
475 0 167 234
475 0 454 243
475 0 177 304
475 0 552 262
475 0 238 66
475 0 196 319
475 0 312 314
475 0 171 349
475 0 437 120
475 0 3 163
475 0 308 321
475 0 19 50
475 0 41 246
475 0 535 220
475 0 139 58
475 0 44 122
475 0 174 229
475 0 135 81
1 U4
234 0 116 112
18 U4
234 0 121 249
234 0 449 331
234 0 42 142
234 0 489 90
234 0 544 182
234 0 259 258
234 0 374 161
234 0 585 60
234 0 100 296
234 0 511 213
234 0 164 301
234 0 316 93
234 0 50 53
234 0 30 302
234 0 87 86
234 0 547 146
234 0 417 304
234 0 105 221
5
136 83 116 333
137 229 143 83
450 67 531 290
546 107 533 319
212 185 67 128
