5
3
L1 304 0
U2 268 0
L3 335 0
12
466 211
295 225
272 35
352 323
477 350
441 257
225 35
443 67
594 222
546 266
160 153
138 41
2 L1
22 L1
19 251 304 0
545 205 304 0
278 135 304 0
273 241 304 0
49 303 304 0
226 339 304 0
108 117 304 0
324 308 304 0
461 252 304 0
355 268 304 0
120 331 304 0
584 129 304 0
262 64 304 0
392 73 304 0
311 149 304 0
209 55 304 0
405 167 304 0
591 278 304 0
581 256 304 0
93 266 304 0
114 153 304 0
189 288 304 0
2 L3
22 L3
325 333 335 0
394 70 335 0
378 112 335 0
265 296 335 0
437 126 335 0
590 118 335 0
240 112 335 0
353 171 335 0
61 132 335 0
38 329 335 0
6 307 335 0
210 218 335 0
2 284 335 0
271 228 335 0
112 234 335 0
465 109 335 0
139 315 335 0
301 177 335 0
424 145 335 0
91 290 335 0
127 52 335 0
567 287 335 0
2 U2
268 0 353 268
268 0 2 332
22 U2
268 0 386 78
268 0 29 59
268 0 512 321
268 0 581 155
268 0 507 349
268 0 260 68
268 0 262 139
268 0 76 272
268 0 464 130
268 0 229 68
268 0 328 240
268 0 312 121
268 0 324 94
268 0 567 307
268 0 429 228
268 0 235 199
268 0 199 200
268 0 98 72
268 0 179 55
268 0 128 84
268 0 127 136
268 0 108 129
10
19 251 338 60
325 333 44 83
545 205 37 102
394 70 314 269
278 135 14 290
378 112 564 137
273 241 258 249
265 296 227 309
49 303 393 343
437 126 9 171
