4
4
L1 517 0
U2 310 0
L3 344 0
U4 105 0
16
495 65
274 144
591 273
425 240
108 336
413 117
461 129
61 46
350 116
451 161
577 201
424 317
574 199
579 108
329 136
567 48
2 L1
10 L1
156 58 517 0
539 193 517 0
552 244 517 0
223 119 517 0
505 304 517 0
418 225 517 0
60 262 517 0
470 289 517 0
391 195 517 0
283 259 517 0
2 L3
10 L3
482 105 344 0
380 253 344 0
107 158 344 0
96 345 344 0
390 342 344 0
496 339 344 0
599 56 344 0
501 51 344 0
344 63 344 0
355 52 344 0
2 U2
310 0 343 73
310 0 151 310
10 U2
310 0 538 174
310 0 249 307
310 0 18 220
310 0 202 146
310 0 500 159
310 0 163 58
310 0 483 53
310 0 111 141
310 0 182 108
310 0 555 125
2 U4
105 0 179 334
105 0 586 313
10 U4
105 0 57 300
105 0 15 275
105 0 453 55
105 0 555 168
105 0 209 286
105 0 473 112
105 0 45 277
105 0 116 339
105 0 577 79
105 0 292 271
2
156 58 590 270
482 105 127 142
