4
4
L1 305 0
U2 79 0
L3 65 0
U4 345 0
16
136 192
307 255
394 194
59 107
594 0
359 145
394 174
49 340
569 30
344 316
38 350
7 95
154 331
299 320
184 24
32 286
2 L1
18 L1
458 67 305 0
383 169 305 0
317 67 305 0
481 227 305 0
153 152 305 0
386 343 305 0
16 349 305 0
44 223 305 0
346 317 305 0
158 283 305 0
461 117 305 0
566 306 305 0
269 342 305 0
515 272 305 0
290 105 305 0
155 346 305 0
595 274 305 0
204 67 305 0
2 L3
18 L3
380 349 65 0
419 224 65 0
30 245 65 0
443 233 65 0
408 286 65 0
189 336 65 0
22 65 65 0
336 289 65 0
402 326 65 0
92 308 65 0
111 301 65 0
384 287 65 0
454 289 65 0
287 304 65 0
28 328 65 0
20 308 65 0
572 169 65 0
494 315 65 0
2 U2
79 0 269 273
79 0 498 54
18 U2
79 0 92 140
79 0 132 133
79 0 551 280
79 0 12 70
79 0 348 102
79 0 101 229
79 0 116 333
79 0 174 138
79 0 407 50
79 0 456 156
79 0 214 181
79 0 274 149
79 0 423 92
79 0 574 302
79 0 73 335
79 0 46 322
79 0 112 282
79 0 102 87
2 U4
345 0 370 68
345 0 165 170
18 U4
345 0 301 188
345 0 449 169
345 0 490 174
345 0 259 260
345 0 58 64
345 0 348 126
345 0 2 89
345 0 31 197
345 0 89 106
345 0 508 120
345 0 236 186
345 0 52 341
345 0 222 309
345 0 322 60
345 0 546 90
345 0 343 214
345 0 407 270
345 0 172 78
8
458 67 413 258
380 349 505 162
383 169 574 225
419 224 104 296
317 67 321 97
30 245 493 128
481 227 554 214
443 233 71 285
