5
3
L1 75 0
U2 375 0
L3 474 0
15
178 298
229 215
225 89
280 48
498 238
25 176
326 300
350 298
111 231
538 46
518 90
428 115
2 58
120 228
522 90
2 L1
10 L1
565 164 75 0
90 268 75 0
163 116 75 0
170 139 75 0
203 115 75 0
93 83 75 0
262 343 75 0
190 244 75 0
397 278 75 0
0 263 75 0
2 L3
10 L3
447 254 474 0
415 189 474 0
285 127 474 0
278 88 474 0
35 241 474 0
95 155 474 0
328 115 474 0
282 153 474 0
373 289 474 0
286 341 474 0
2 U2
375 0 375 323
375 0 191 242
10 U2
375 0 452 97
375 0 110 183
375 0 491 349
375 0 438 291
375 0 476 305
375 0 574 152
375 0 486 90
375 0 485 296
375 0 78 73
375 0 416 223
5
565 164 341 141
447 254 380 56
90 268 358 156
415 189 497 286
163 116 324 149
