4
3
L1 566 0
U2 400 0
L3 313 0
15
512 177
89 131
72 264
370 311
443 233
583 284
259 136
9 17
514 181
591 211
546 25
2 254
25 260
157 48
97 21
2 L1
18 L1
305 296 566 0
350 343 566 0
100 249 566 0
31 265 566 0
550 158 566 0
27 218 566 0
334 111 566 0
151 151 566 0
510 310 566 0
329 275 566 0
593 156 566 0
416 212 566 0
34 242 566 0
567 192 566 0
304 129 566 0
546 170 566 0
302 58 566 0
528 129 566 0
2 L3
18 L3
462 314 313 0
5 158 313 0
239 216 313 0
93 232 313 0
523 161 313 0
287 154 313 0
492 251 313 0
394 348 313 0
165 183 313 0
391 54 313 0
94 246 313 0
416 116 313 0
466 233 313 0
229 242 313 0
196 180 313 0
327 121 313 0
425 187 313 0
382 84 313 0
2 U2
400 0 150 244
400 0 152 231
18 U2
400 0 421 86
400 0 484 259
400 0 587 208
400 0 573 248
400 0 492 51
400 0 595 159
400 0 535 314
400 0 191 283
400 0 541 329
400 0 518 284
400 0 576 294
400 0 431 291
400 0 35 72
400 0 341 109
400 0 284 223
400 0 38 236
400 0 392 158
400 0 363 70
9
305 296 187 285
462 314 337 250
350 343 167 288
5 158 498 235
100 249 281 265
239 216 407 240
31 265 478 135
93 232 93 175
550 158 463 99
