4
3
L1 439 0
U2 291 0
L3 413 0
12
331 147
190 258
387 337
387 116
513 186
583 36
596 188
229 89
169 266
233 82
144 215
469 287
2 L1
22 L1
386 220 439 0
314 97 439 0
187 303 439 0
363 314 439 0
397 298 439 0
48 208 439 0
21 280 439 0
317 105 439 0
151 166 439 0
580 224 439 0
19 218 439 0
413 269 439 0
91 127 439 0
16 107 439 0
82 275 439 0
208 56 439 0
377 221 439 0
6 161 439 0
354 275 439 0
377 256 439 0
370 339 439 0
358 59 439 0
2 L3
22 L3
273 160 413 0
115 105 413 0
231 341 413 0
437 104 413 0
428 125 413 0
394 98 413 0
218 163 413 0
72 204 413 0
251 243 413 0
424 340 413 0
284 87 413 0
408 185 413 0
231 257 413 0
112 245 413 0
23 235 413 0
569 340 413 0
353 290 413 0
293 193 413 0
319 146 413 0
515 311 413 0
235 229 413 0
262 268 413 0
2 U2
291 0 387 273
291 0 397 114
22 U2
291 0 493 51
291 0 139 320
291 0 326 332
291 0 518 51
291 0 41 310
291 0 263 316
291 0 18 218
291 0 177 153
291 0 208 247
291 0 403 63
291 0 161 208
291 0 356 52
291 0 37 96
291 0 128 250
291 0 162 124
291 0 277 270
291 0 33 268
291 0 382 215
291 0 53 183
291 0 174 341
291 0 285 234
291 0 136 71
4
386 220 265 209
273 160 135 106
314 97 49 293
115 105 530 91
