5
6
L1 249 0
U2 342 0
L3 399 0
U4 283 0
L5 511 0
U6 292 0
30
81 268
474 312
132 84
15 220
446 11
191 253
561 214
482 175
598 131
299 82
107 81
441 182
480 84
570 146
421 182
380 336
19 339
283 110
435 85
9 341
293 103
317 277
188 55
273 141
208 32
591 336
68 215
127 11
250 349
520 114
2 L1
22 L1
261 297 249 0
481 106 249 0
505 232 249 0
277 165 249 0
443 160 249 0
564 199 249 0
4 111 249 0
356 141 249 0
243 125 249 0
490 77 249 0
552 95 249 0
526 235 249 0
519 219 249 0
299 272 249 0
134 182 249 0
9 50 249 0
146 209 249 0
541 53 249 0
140 241 249 0
45 317 249 0
144 142 249 0
84 261 249 0
2 L3
22 L3
299 140 399 0
294 139 399 0
404 79 399 0
577 164 399 0
223 131 399 0
249 313 399 0
16 158 399 0
317 298 399 0
413 231 399 0
595 157 399 0
151 175 399 0
362 132 399 0
135 100 399 0
25 327 399 0
122 344 399 0
424 321 399 0
356 131 399 0
125 146 399 0
503 113 399 0
61 216 399 0
119 142 399 0
343 58 399 0
2 L5
22 L5
130 309 511 0
497 210 511 0
227 75 511 0
590 224 511 0
339 319 511 0
124 206 511 0
450 227 511 0
230 104 511 0
437 207 511 0
57 231 511 0
387 310 511 0
514 97 511 0
365 260 511 0
447 312 511 0
535 73 511 0
588 100 511 0
32 118 511 0
224 220 511 0
258 302 511 0
401 280 511 0
331 233 511 0
532 306 511 0
2 U2
342 0 66 337
342 0 220 298
22 U2
342 0 212 287
342 0 284 177
342 0 219 243
342 0 453 112
342 0 154 73
342 0 566 331
342 0 500 74
342 0 407 117
342 0 424 281
342 0 208 287
342 0 66 243
342 0 243 197
342 0 372 197
342 0 569 239
342 0 169 151
342 0 111 303
342 0 96 184
342 0 342 271
342 0 448 198
342 0 419 54
342 0 469 295
342 0 199 247
2 U4
283 0 200 140
283 0 590 71
22 U4
283 0 298 209
283 0 338 52
283 0 324 55
283 0 125 156
283 0 43 113
283 0 262 344
283 0 393 148
283 0 147 53
283 0 536 186
283 0 232 59
283 0 523 68
283 0 85 218
283 0 301 134
283 0 261 322
283 0 338 201
283 0 378 198
283 0 520 99
283 0 67 243
283 0 169 68
283 0 192 254
283 0 571 169
283 0 322 228
2 U6
292 0 46 248
292 0 495 228
22 U6
292 0 599 118
292 0 87 221
292 0 292 191
292 0 497 200
292 0 502 171
292 0 527 83
292 0 207 179
292 0 351 197
292 0 531 126
292 0 235 195
292 0 11 345
292 0 564 219
292 0 92 349
292 0 458 61
292 0 231 285
292 0 533 304
292 0 444 139
292 0 415 96
292 0 58 150
292 0 562 99
292 0 512 287
292 0 308 192
20
261 297 244 64
299 140 132 282
130 309 424 274
481 106 586 235
294 139 293 184
497 210 322 170
505 232 473 245
404 79 328 341
227 75 83 169
277 165 8 88
577 164 96 129
590 224 36 329
443 160 586 240
223 131 112 75
339 319 498 114
564 199 225 282
249 313 151 226
124 206 419 68
4 111 565 134
16 158 174 87
