4
3
L1 322 0
U2 173 0
L3 548 0
9
569 269
125 239
231 18
351 21
68 52
179 266
555 306
296 191
436 237
2 L1
22 L1
217 52 322 0
492 207 322 0
222 204 322 0
55 87 322 0
386 82 322 0
145 224 322 0
501 69 322 0
271 346 322 0
261 97 322 0
312 283 322 0
338 247 322 0
93 61 322 0
372 233 322 0
515 242 322 0
52 76 322 0
232 94 322 0
100 230 322 0
158 53 322 0
443 165 322 0
540 243 322 0
90 95 322 0
199 54 322 0
2 L3
22 L3
127 310 548 0
566 66 548 0
458 160 548 0
460 293 548 0
565 250 548 0
364 103 548 0
192 125 548 0
534 182 548 0
458 253 548 0
497 277 548 0
235 73 548 0
384 110 548 0
127 283 548 0
80 264 548 0
121 84 548 0
191 187 548 0
436 206 548 0
455 146 548 0
32 157 548 0
212 146 548 0
375 54 548 0
372 55 548 0
2 U2
173 0 18 232
173 0 587 71
22 U2
173 0 204 187
173 0 422 205
173 0 19 307
173 0 176 331
173 0 255 193
173 0 505 88
173 0 471 187
173 0 386 52
173 0 12 337
173 0 180 74
173 0 393 163
173 0 463 89
173 0 480 219
173 0 420 347
173 0 315 52
173 0 127 218
173 0 483 338
173 0 588 201
173 0 129 160
173 0 161 267
173 0 230 241
173 0 580 164
7
217 52 591 317
127 310 337 239
492 207 365 129
566 66 172 131
222 204 167 67
458 160 192 301
55 87 170 106
