4
3
L1 379 0
U2 530 0
L3 381 0
15
49 60
357 68
398 112
405 274
213 92
412 68
403 27
32 231
92 337
398 48
262 123
85 165
227 338
132 72
306 20
2 L1
14 L1
450 116 379 0
111 126 379 0
32 51 379 0
80 186 379 0
266 179 379 0
131 146 379 0
243 191 379 0
4 224 379 0
597 179 379 0
455 121 379 0
291 109 379 0
131 263 379 0
345 340 379 0
529 64 379 0
2 L3
14 L3
245 311 381 0
453 122 381 0
370 69 381 0
338 349 381 0
467 136 381 0
392 104 381 0
523 343 381 0
157 79 381 0
6 272 381 0
56 156 381 0
502 137 381 0
270 315 381 0
177 112 381 0
298 85 381 0
2 U2
530 0 289 157
530 0 456 258
14 U2
530 0 323 317
530 0 161 342
530 0 382 205
530 0 313 58
530 0 108 178
530 0 99 255
530 0 405 79
530 0 369 176
530 0 278 223
530 0 508 64
530 0 432 54
530 0 41 127
530 0 330 162
530 0 177 265
5
450 116 540 225
245 311 34 161
111 126 65 285
453 122 398 310
32 51 510 73
