3
3
L1 323 0
U2 572 0
L3 229 0
12
397 214
224 142
514 35
500 348
108 127
281 69
38 255
107 185
105 319
304 233
201 183
34 243
1 L1
22 L1
321 191 323 0
144 348 323 0
74 256 323 0
27 81 323 0
6 183 323 0
493 132 323 0
135 223 323 0
536 345 323 0
127 156 323 0
300 94 323 0
485 340 323 0
571 78 323 0
86 217 323 0
442 188 323 0
94 136 323 0
259 230 323 0
133 346 323 0
570 276 323 0
126 128 323 0
410 302 323 0
557 151 323 0
53 88 323 0
1 L3
22 L3
565 291 229 0
105 339 229 0
287 142 229 0
231 154 229 0
565 324 229 0
412 133 229 0
219 250 229 0
307 296 229 0
439 164 229 0
56 241 229 0
73 294 229 0
140 94 229 0
589 179 229 0
163 231 229 0
428 255 229 0
407 333 229 0
584 322 229 0
339 252 229 0
140 86 229 0
313 318 229 0
35 109 229 0
160 120 229 0
1 U2
572 0 57 238
22 U2
572 0 330 197
572 0 34 71
572 0 73 53
572 0 177 260
572 0 107 275
572 0 126 214
572 0 292 155
572 0 276 298
572 0 425 350
572 0 141 346
572 0 164 225
572 0 349 105
572 0 296 250
572 0 101 144
572 0 550 142
572 0 470 192
572 0 124 116
572 0 402 339
572 0 414 85
572 0 40 331
572 0 63 240
572 0 119 61
10
321 191 585 270
565 291 13 244
144 348 257 138
105 339 370 299
74 256 431 120
287 142 169 283
27 81 111 85
231 154 254 218
6 183 526 90
565 324 362 271
