3
4
L1 517 0
U2 172 0
L3 9 0
U4 93 0
20
408 247
127 47
158 34
326 138
549 2
12 350
558 293
305 254
345 207
584 217
0 96
415 126
428 88
469 8
212 59
50 16
294 187
259 157
529 184
45 215
1 L1
10 L1
399 86 517 0
346 322 517 0
486 277 517 0
562 127 517 0
313 73 517 0
14 94 517 0
94 202 517 0
16 233 517 0
471 350 517 0
350 273 517 0
1 L3
10 L3
314 157 9 0
79 176 9 0
421 261 9 0
429 280 9 0
31 181 9 0
290 189 9 0
160 214 9 0
86 309 9 0
31 328 9 0
587 195 9 0
1 U2
172 0 15 143
10 U2
172 0 584 108
172 0 153 344
172 0 438 210
172 0 252 234
172 0 311 234
172 0 208 125
172 0 122 68
172 0 313 182
172 0 299 319
172 0 325 298
1 U4
93 0 90 189
10 U4
93 0 409 112
93 0 246 164
93 0 103 323
93 0 60 305
93 0 474 342
93 0 62 243
93 0 314 344
93 0 259 103
93 0 211 320
93 0 305 209
4
399 86 354 67
314 157 10 220
346 322 109 207
79 176 351 330
