4
6
L1 340 0
U2 401 0
L3 191 0
U4 468 0
L5 559 0
U6 166 0
24
585 114
399 45
290 53
223 187
2 176
178 61
293 329
418 35
427 233
318 81
388 260
353 62
326 274
8 96
333 278
518 338
234 55
309 166
86 285
540 319
175 241
414 162
468 68
528 41
2 L1
18 L1
209 225 340 0
575 50 340 0
469 95 340 0
525 345 340 0
576 65 340 0
384 284 340 0
506 148 340 0
421 143 340 0
192 320 340 0
288 209 340 0
570 144 340 0
340 145 340 0
128 295 340 0
354 185 340 0
466 237 340 0
2 332 340 0
147 161 340 0
540 197 340 0
2 L3
18 L3
177 92 191 0
451 64 191 0
27 240 191 0
179 155 191 0
319 304 191 0
424 346 191 0
414 213 191 0
124 83 191 0
375 67 191 0
75 91 191 0
472 254 191 0
437 213 191 0
342 197 191 0
55 285 191 0
164 269 191 0
338 50 191 0
161 339 191 0
590 278 191 0
2 L5
18 L5
93 171 559 0
473 120 559 0
207 107 559 0
154 347 559 0
148 175 559 0
308 271 559 0
187 91 559 0
242 318 559 0
75 125 559 0
163 148 559 0
82 105 559 0
378 50 559 0
264 85 559 0
433 248 559 0
130 66 559 0
301 299 559 0
116 208 559 0
514 146 559 0
2 U2
401 0 512 75
401 0 0 258
18 U2
401 0 26 316
401 0 425 291
401 0 100 95
401 0 78 318
401 0 69 73
401 0 456 166
401 0 201 324
401 0 454 242
401 0 42 97
401 0 101 159
401 0 149 329
401 0 463 173
401 0 373 124
401 0 575 150
401 0 509 297
401 0 103 116
401 0 81 185
401 0 232 321
2 U4
468 0 212 167
468 0 464 294
18 U4
468 0 499 229
468 0 541 85
468 0 281 224
468 0 51 341
468 0 36 350
468 0 373 345
468 0 435 166
468 0 517 283
468 0 79 342
468 0 125 55
468 0 189 283
468 0 569 271
468 0 127 145
468 0 531 54
468 0 326 256
468 0 131 305
468 0 141 56
468 0 581 342
2 U6
166 0 356 282
166 0 451 185
18 U6
166 0 13 145
166 0 464 273
166 0 19 112
166 0 143 62
166 0 98 143
166 0 35 96
166 0 526 183
166 0 164 85
166 0 220 267
166 0 440 268
166 0 548 72
166 0 351 270
166 0 589 233
166 0 513 102
166 0 375 155
166 0 477 195
166 0 596 201
166 0 508 187
6
209 225 179 267
177 92 445 291
93 171 75 230
575 50 391 102
451 64 548 129
473 120 410 202
