4
4
L1 313 0
U2 464 0
L3 325 0
U4 334 0
12
357 90
100 260
471 238
498 210
3 222
496 345
472 89
174 251
351 272
87 347
435 30
197 260
2 L1
10 L1
285 300 313 0
11 171 313 0
56 54 313 0
332 95 313 0
462 288 313 0
377 233 313 0
354 333 313 0
342 240 313 0
485 214 313 0
74 97 313 0
2 L3
10 L3
103 58 325 0
517 262 325 0
46 78 325 0
231 197 325 0
570 174 325 0
532 345 325 0
264 271 325 0
559 342 325 0
389 317 325 0
512 197 325 0
2 U2
464 0 82 209
464 0 474 65
10 U2
464 0 468 161
464 0 445 248
464 0 244 212
464 0 466 96
464 0 254 235
464 0 524 274
464 0 434 173
464 0 456 268
464 0 86 328
464 0 112 111
2 U4
334 0 335 63
334 0 483 181
10 U4
334 0 31 255
334 0 29 111
334 0 93 206
334 0 150 56
334 0 359 66
334 0 225 343
334 0 317 102
334 0 370 264
334 0 189 160
334 0 149 131
4
285 300 343 337
103 58 279 233
11 171 181 135
517 262 476 182
