4
4
L1 355 0
U2 495 0
L3 237 0
U4 333 0
12
71 247
159 129
469 297
283 300
590 156
307 153
129 328
105 228
261 118
157 169
323 295
231 108
2 L1
10 L1
260 224 355 0
132 265 355 0
170 76 355 0
102 57 355 0
28 270 355 0
155 345 355 0
350 279 355 0
396 106 355 0
572 167 355 0
8 259 355 0
2 L3
10 L3
443 212 237 0
54 236 237 0
442 82 237 0
68 120 237 0
423 278 237 0
587 50 237 0
470 106 237 0
435 345 237 0
233 54 237 0
560 310 237 0
2 U2
495 0 65 289
495 0 178 85
10 U2
495 0 574 116
495 0 93 140
495 0 212 65
495 0 417 174
495 0 117 148
495 0 505 157
495 0 160 134
495 0 514 259
495 0 461 335
495 0 364 50
2 U4
333 0 303 204
333 0 201 147
10 U4
333 0 387 333
333 0 557 106
333 0 84 240
333 0 193 221
333 0 353 342
333 0 188 51
333 0 444 290
333 0 548 148
333 0 65 221
333 0 437 257
6
260 224 351 177
443 212 135 286
132 265 154 170
54 236 82 147
170 76 238 97
442 82 503 154
