3
5
L1 137 0
U2 296 0
L3 519 0
U4 483 0
L5 166 0
20
589 52
485 344
304 263
584 340
14 291
372 67
175 93
130 11
123 325
9 233
527 174
575 315
582 328
491 119
456 182
325 309
23 61
332 139
558 189
263 306
1 L1
22 L1
463 350 137 0
359 76 137 0
274 205 137 0
326 306 137 0
420 139 137 0
52 277 137 0
316 286 137 0
157 278 137 0
557 86 137 0
277 74 137 0
23 87 137 0
389 140 137 0
182 263 137 0
569 217 137 0
46 141 137 0
370 78 137 0
203 228 137 0
291 239 137 0
3 262 137 0
299 117 137 0
69 83 137 0
250 197 137 0
1 L3
22 L3
487 231 519 0
383 173 519 0
394 265 519 0
158 168 519 0
23 168 519 0
473 183 519 0
312 321 519 0
533 201 519 0
353 66 519 0
345 95 519 0
312 130 519 0
364 255 519 0
423 106 519 0
198 189 519 0
44 313 519 0
431 86 519 0
76 349 519 0
296 169 519 0
471 321 519 0
365 314 519 0
96 331 519 0
53 50 519 0
1 L5
22 L5
63 165 166 0
263 340 166 0
145 118 166 0
148 173 166 0
543 141 166 0
70 71 166 0
251 299 166 0
447 131 166 0
141 295 166 0
350 75 166 0
573 164 166 0
169 57 166 0
553 52 166 0
142 226 166 0
281 215 166 0
404 307 166 0
267 121 166 0
103 296 166 0
109 285 166 0
554 58 166 0
546 135 166 0
400 264 166 0
1 U2
296 0 491 101
22 U2
296 0 183 328
296 0 551 103
296 0 128 345
296 0 429 236
296 0 589 175
296 0 587 87
296 0 468 108
296 0 152 112
296 0 554 97
296 0 357 296
296 0 101 64
296 0 483 144
296 0 100 346
296 0 354 264
296 0 21 323
296 0 170 167
296 0 158 227
296 0 243 203
296 0 268 100
296 0 122 222
296 0 132 222
296 0 562 246
1 U4
483 0 494 268
22 U4
483 0 506 267
483 0 113 231
483 0 590 149
483 0 232 318
483 0 44 185
483 0 171 302
483 0 549 211
483 0 290 77
483 0 88 191
483 0 279 147
483 0 341 192
483 0 272 303
483 0 215 231
483 0 532 208
483 0 555 270
483 0 547 81
483 0 492 331
483 0 109 107
483 0 37 253
483 0 374 132
483 0 3 265
483 0 332 276
11
463 350 57 264
487 231 95 265
63 165 400 66
359 76 528 70
383 173 91 91
263 340 134 170
274 205 337 333
394 265 166 92
145 118 359 85
326 306 562 299
158 168 488 160
