5
5
L1 386 0
U2 493 0
L3 398 0
U4 258 0
L5 250 0
15
553 73
256 334
272 284
582 147
399 84
63 107
119 59
159 122
571 218
386 7
392 159
339 98
346 247
297 110
319 37
2 L1
18 L1
133 122 386 0
519 330 386 0
188 327 386 0
124 132 386 0
524 156 386 0
128 267 386 0
357 131 386 0
198 77 386 0
39 112 386 0
491 183 386 0
329 276 386 0
351 274 386 0
33 190 386 0
478 150 386 0
487 83 386 0
412 111 386 0
39 154 386 0
455 81 386 0
2 L3
18 L3
450 112 398 0
445 109 398 0
403 257 398 0
353 309 398 0
306 141 398 0
28 170 398 0
306 88 398 0
483 296 398 0
317 319 398 0
213 94 398 0
87 93 398 0
105 247 398 0
70 269 398 0
297 103 398 0
336 54 398 0
201 164 398 0
399 259 398 0
540 264 398 0
2 L5
18 L5
90 223 250 0
566 53 250 0
332 169 250 0
252 313 250 0
323 223 250 0
590 319 250 0
134 119 250 0
278 243 250 0
179 321 250 0
415 245 250 0
445 168 250 0
40 97 250 0
319 56 250 0
8 310 250 0
216 118 250 0
351 237 250 0
299 210 250 0
240 147 250 0
2 U2
493 0 384 115
493 0 417 174
18 U2
493 0 352 303
493 0 281 209
493 0 204 318
493 0 571 330
493 0 541 148
493 0 462 206
493 0 267 222
493 0 130 282
493 0 205 159
493 0 508 323
493 0 329 227
493 0 536 283
493 0 45 329
493 0 304 149
493 0 317 307
493 0 273 248
493 0 27 167
493 0 541 139
2 U4
258 0 173 121
258 0 536 117
18 U4
258 0 536 157
258 0 571 54
258 0 231 60
258 0 325 129
258 0 63 106
258 0 65 331
258 0 376 195
258 0 440 100
258 0 356 190
258 0 267 211
258 0 140 247
258 0 351 348
258 0 382 103
258 0 597 236
258 0 410 203
258 0 265 268
258 0 144 79
258 0 501 95
9
133 122 181 249
450 112 136 68
90 223 224 78
519 330 378 102
445 109 147 167
566 53 73 87
188 327 85 81
403 257 483 233
332 169 464 348
