4
5
L1 548 0
U2 546 0
L3 4 0
U4 576 0
L5 440 0
20
236 284
386 296
213 169
1 109
488 157
256 239
470 180
162 260
311 46
452 75
195 23
355 322
408 74
272 100
153 279
573 120
91 224
10 207
360 5
540 19
2 L1
10 L1
70 257 548 0
230 57 548 0
513 158 548 0
47 123 548 0
241 189 548 0
212 195 548 0
34 210 548 0
339 236 548 0
462 317 548 0
379 314 548 0
2 L3
10 L3
145 322 4 0
203 269 4 0
251 149 4 0
476 138 4 0
237 112 4 0
232 344 4 0
237 315 4 0
171 195 4 0
143 97 4 0
13 139 4 0
2 L5
10 L5
24 99 440 0
375 326 440 0
216 176 440 0
496 248 440 0
119 163 440 0
0 89 440 0
547 350 440 0
515 260 440 0
533 315 440 0
510 198 440 0
2 U2
546 0 462 74
546 0 226 77
10 U2
546 0 363 119
546 0 513 234
546 0 412 255
546 0 513 54
546 0 196 143
546 0 543 294
546 0 362 231
546 0 516 300
546 0 475 135
546 0 107 172
2 U4
576 0 103 222
576 0 570 193
10 U4
576 0 476 293
576 0 177 284
576 0 503 164
576 0 294 211
576 0 276 151
576 0 2 190
576 0 519 193
576 0 203 137
576 0 412 109
576 0 283 122
3
70 257 329 186
145 322 176 86
24 99 62 209
