5
3
L1 279 0
U2 178 0
L3 40 0
12
309 121
28 36
311 182
352 267
565 172
498 95
364 108
12 104
577 249
73 349
14 63
562 220
2 L1
18 L1
46 303 279 0
393 125 279 0
107 236 279 0
521 114 279 0
539 323 279 0
9 258 279 0
414 153 279 0
125 161 279 0
447 131 279 0
201 259 279 0
389 297 279 0
236 316 279 0
595 146 279 0
434 64 279 0
517 98 279 0
109 252 279 0
359 94 279 0
530 256 279 0
2 L3
18 L3
7 182 40 0
227 257 40 0
125 256 40 0
532 146 40 0
344 67 40 0
530 314 40 0
393 258 40 0
370 163 40 0
107 326 40 0
294 80 40 0
305 155 40 0
576 64 40 0
12 99 40 0
230 281 40 0
308 181 40 0
188 289 40 0
405 221 40 0
226 210 40 0
2 U2
178 0 463 301
178 0 344 169
18 U2
178 0 43 247
178 0 13 89
178 0 191 146
178 0 214 208
178 0 146 252
178 0 63 260
178 0 389 239
178 0 443 254
178 0 121 65
178 0 143 240
178 0 41 261
178 0 302 238
178 0 234 336
178 0 476 344
178 0 390 50
178 0 593 320
178 0 142 343
178 0 288 118
6
46 303 105 226
7 182 530 281
393 125 444 273
227 257 296 182
107 236 450 201
125 256 151 155
