4
6
L1 451 0
U2 590 0
L3 256 0
U4 285 0
L5 263 0
U6 238 0
18
114 51
258 48
109 322
240 54
298 317
528 258
405 223
444 91
99 334
109 182
228 43
128 150
593 216
548 296
509 350
361 30
513 169
466 177
2 L1
18 L1
69 304 451 0
37 229 451 0
251 276 451 0
41 69 451 0
536 57 451 0
558 127 451 0
38 71 451 0
47 236 451 0
334 117 451 0
100 231 451 0
530 186 451 0
157 318 451 0
578 336 451 0
139 253 451 0
541 304 451 0
270 86 451 0
360 215 451 0
36 188 451 0
2 L3
18 L3
578 336 256 0
553 103 256 0
309 107 256 0
384 327 256 0
345 300 256 0
154 231 256 0
298 54 256 0
286 166 256 0
324 193 256 0
501 116 256 0
0 329 256 0
573 347 256 0
493 167 256 0
424 66 256 0
374 319 256 0
137 317 256 0
430 214 256 0
48 191 256 0
2 L5
18 L5
164 232 263 0
185 135 263 0
104 205 263 0
174 193 263 0
438 255 263 0
158 92 263 0
125 253 263 0
371 297 263 0
120 135 263 0
543 221 263 0
237 196 263 0
444 233 263 0
410 272 263 0
38 224 263 0
440 190 263 0
369 250 263 0
85 252 263 0
96 219 263 0
2 U2
590 0 349 83
590 0 536 311
18 U2
590 0 320 236
590 0 331 290
590 0 589 200
590 0 421 320
590 0 312 307
590 0 517 59
590 0 517 177
590 0 397 290
590 0 147 188
590 0 547 344
590 0 30 75
590 0 50 311
590 0 553 177
590 0 494 231
590 0 407 70
590 0 114 241
590 0 20 194
590 0 107 285
2 U4
285 0 263 84
285 0 77 162
18 U4
285 0 282 187
285 0 325 239
285 0 128 304
285 0 557 203
285 0 200 277
285 0 431 133
285 0 442 117
285 0 121 176
285 0 202 184
285 0 207 234
285 0 549 76
285 0 319 72
285 0 230 349
285 0 175 239
285 0 338 169
285 0 54 306
285 0 325 229
285 0 339 207
2 U6
238 0 452 123
238 0 376 317
18 U6
238 0 532 280
238 0 560 179
238 0 169 140
238 0 6 145
238 0 336 277
238 0 208 93
238 0 458 74
238 0 386 218
238 0 362 308
238 0 402 77
238 0 472 274
238 0 398 154
238 0 238 230
238 0 360 326
238 0 398 278
238 0 353 231
238 0 518 145
238 0 397 227
17
69 304 407 60
578 336 292 336
164 232 474 270
37 229 221 172
553 103 14 200
185 135 48 198
251 276 347 83
309 107 6 275
104 205 19 307
41 69 496 91
384 327 193 341
174 193 439 215
536 57 531 205
345 300 460 324
438 255 143 247
558 127 308 257
154 231 252 244
