3
4
L1 384 0
U2 108 0
L3 89 0
U4 6 0
12
158 60
417 152
416 290
417 142
228 270
417 338
258 110
312 158
52 135
176 28
407 118
255 166
1 L1
22 L1
543 96 384 0
15 201 384 0
46 79 384 0
315 238 384 0
172 240 384 0
576 143 384 0
20 165 384 0
287 182 384 0
585 224 384 0
189 254 384 0
190 311 384 0
292 347 384 0
306 56 384 0
219 331 384 0
419 119 384 0
192 151 384 0
70 186 384 0
517 241 384 0
251 79 384 0
434 202 384 0
597 77 384 0
316 335 384 0
1 L3
22 L3
154 295 89 0
292 297 89 0
18 121 89 0
144 162 89 0
294 139 89 0
547 268 89 0
112 328 89 0
473 256 89 0
370 79 89 0
128 193 89 0
403 245 89 0
198 88 89 0
382 297 89 0
139 336 89 0
86 114 89 0
449 101 89 0
151 50 89 0
16 242 89 0
446 126 89 0
105 77 89 0
329 316 89 0
500 149 89 0
1 U2
108 0 147 119
22 U2
108 0 339 316
108 0 24 153
108 0 304 167
108 0 418 65
108 0 541 274
108 0 430 105
108 0 274 190
108 0 24 154
108 0 173 268
108 0 486 340
108 0 101 89
108 0 478 261
108 0 495 249
108 0 372 292
108 0 480 86
108 0 478 65
108 0 99 156
108 0 427 285
108 0 323 119
108 0 545 57
108 0 388 132
108 0 386 294
1 U4
6 0 532 54
22 U4
6 0 233 77
6 0 269 207
6 0 216 76
6 0 328 189
6 0 496 274
6 0 482 174
6 0 170 193
6 0 365 254
6 0 564 235
6 0 212 135
6 0 558 131
6 0 559 202
6 0 571 270
6 0 477 209
6 0 451 157
6 0 25 73
6 0 3 63
6 0 569 210
6 0 114 219
6 0 128 117
6 0 291 116
6 0 112 168
9
543 96 188 61
154 295 595 50
15 201 259 190
292 297 100 111
46 79 521 308
18 121 296 299
315 238 598 300
144 162 164 342
172 240 479 252
