5
5
L1 67 0
U2 72 0
L3 347 0
U4 291 0
L5 262 0
25
77 106
82 106
45 164
444 320
77 135
299 323
509 229
320 159
298 108
215 227
129 327
375 30
302 216
273 169
453 326
270 248
600 182
424 311
522 162
293 47
340 20
281 29
17 74
336 12
1 184
2 L1
22 L1
576 155 67 0
552 124 67 0
179 123 67 0
438 114 67 0
188 137 67 0
14 350 67 0
591 134 67 0
149 123 67 0
3 257 67 0
512 340 67 0
541 319 67 0
176 266 67 0
386 234 67 0
123 180 67 0
371 298 67 0
403 254 67 0
224 294 67 0
34 258 67 0
75 150 67 0
314 198 67 0
439 223 67 0
536 231 67 0
2 L3
22 L3
45 292 347 0
318 92 347 0
1 85 347 0
142 219 347 0
225 326 347 0
24 234 347 0
171 307 347 0
76 110 347 0
380 144 347 0
41 85 347 0
119 55 347 0
194 190 347 0
73 296 347 0
150 263 347 0
192 241 347 0
330 76 347 0
440 108 347 0
17 283 347 0
254 114 347 0
46 304 347 0
340 279 347 0
179 98 347 0
2 L5
22 L5
77 243 262 0
234 304 262 0
159 256 262 0
575 115 262 0
356 337 262 0
34 270 262 0
517 300 262 0
310 139 262 0
121 156 262 0
589 118 262 0
593 75 262 0
580 292 262 0
332 56 262 0
346 241 262 0
455 184 262 0
79 84 262 0
490 274 262 0
517 132 262 0
219 70 262 0
324 191 262 0
379 54 262 0
214 93 262 0
2 U2
72 0 48 197
72 0 108 253
22 U2
72 0 584 188
72 0 371 216
72 0 352 254
72 0 412 287
72 0 67 99
72 0 32 203
72 0 0 220
72 0 96 326
72 0 381 68
72 0 387 168
72 0 383 70
72 0 421 172
72 0 538 89
72 0 567 55
72 0 495 322
72 0 133 334
72 0 461 229
72 0 137 219
72 0 125 205
72 0 286 293
72 0 122 192
72 0 332 84
2 U4
291 0 459 126
291 0 598 191
22 U4
291 0 441 81
291 0 388 297
291 0 251 57
291 0 310 141
291 0 332 291
291 0 541 162
291 0 547 125
291 0 337 59
291 0 409 211
291 0 559 81
291 0 200 207
291 0 529 138
291 0 446 110
291 0 330 207
291 0 303 297
291 0 29 275
291 0 164 170
291 0 527 316
291 0 587 164
291 0 103 236
291 0 542 344
291 0 155 99
6
576 155 189 90
45 292 495 148
77 243 333 100
552 124 313 238
318 92 445 141
234 304 210 260
