5
5
L1 492 0
U2 276 0
L3 78 0
U4 440 0
L5 572 0
20
553 257
341 271
150 175
247 137
219 235
481 309
529 324
413 282
282 175
426 297
472 186
428 346
302 289
208 270
433 224
282 307
349 165
266 320
482 341
181 97
2 L1
22 L1
142 182 492 0
132 90 492 0
149 191 492 0
600 318 492 0
355 91 492 0
300 182 492 0
5 147 492 0
301 321 492 0
194 255 492 0
166 243 492 0
234 121 492 0
202 271 492 0
99 83 492 0
304 227 492 0
578 284 492 0
118 167 492 0
550 265 492 0
92 113 492 0
347 268 492 0
573 53 492 0
526 90 492 0
472 54 492 0
2 L3
22 L3
237 237 78 0
277 230 78 0
188 134 78 0
447 283 78 0
479 239 78 0
4 167 78 0
83 193 78 0
151 271 78 0
480 74 78 0
185 88 78 0
590 161 78 0
83 52 78 0
507 92 78 0
74 202 78 0
564 51 78 0
430 86 78 0
94 125 78 0
562 55 78 0
567 179 78 0
76 208 78 0
163 93 78 0
284 172 78 0
2 L5
22 L5
302 101 572 0
338 164 572 0
188 272 572 0
24 271 572 0
232 119 572 0
229 261 572 0
356 153 572 0
164 260 572 0
53 200 572 0
185 225 572 0
449 96 572 0
84 58 572 0
279 185 572 0
566 151 572 0
276 212 572 0
170 248 572 0
86 116 572 0
297 259 572 0
548 90 572 0
374 186 572 0
594 275 572 0
308 91 572 0
2 U2
276 0 73 292
276 0 533 320
22 U2
276 0 41 317
276 0 565 281
276 0 81 57
276 0 218 69
276 0 569 50
276 0 148 316
276 0 247 318
276 0 314 306
276 0 525 245
276 0 100 200
276 0 276 72
276 0 132 223
276 0 371 223
276 0 66 99
276 0 110 98
276 0 56 75
276 0 338 184
276 0 465 140
276 0 223 103
276 0 142 290
276 0 120 96
276 0 242 78
2 U4
440 0 106 66
440 0 165 147
22 U4
440 0 299 85
440 0 566 111
440 0 392 151
440 0 300 328
440 0 581 241
440 0 568 131
440 0 285 152
440 0 170 201
440 0 267 127
440 0 362 168
440 0 200 61
440 0 343 196
440 0 130 102
440 0 378 106
440 0 370 262
440 0 372 179
440 0 394 261
440 0 482 82
440 0 303 232
440 0 139 161
440 0 245 251
440 0 594 323
11
142 182 483 62
237 237 586 83
302 101 314 301
132 90 19 182
277 230 598 342
338 164 43 69
149 191 21 157
188 134 308 162
188 272 553 214
600 318 91 312
447 283 90 275
