4
3
L1 76 0
U2 519 0
L3 526 0
9
588 217
427 37
243 3
80 55
231 13
420 234
345 138
43 92
518 160
2 L1
14 L1
48 296 76 0
257 117 76 0
584 225 76 0
271 285 76 0
286 71 76 0
424 228 76 0
51 146 76 0
94 117 76 0
468 268 76 0
188 348 76 0
195 249 76 0
254 177 76 0
157 109 76 0
5 314 76 0
2 L3
14 L3
0 53 526 0
187 310 526 0
340 160 526 0
585 80 526 0
448 62 526 0
505 293 526 0
140 330 526 0
321 176 526 0
379 346 526 0
239 252 526 0
406 333 526 0
140 62 526 0
141 152 526 0
79 194 526 0
2 U2
519 0 425 69
519 0 216 57
14 U2
519 0 229 336
519 0 484 75
519 0 17 146
519 0 174 324
519 0 306 74
519 0 377 131
519 0 567 345
519 0 549 155
519 0 542 162
519 0 304 88
519 0 532 86
519 0 100 287
519 0 283 322
519 0 152 194
5
48 296 461 215
0 53 365 347
257 117 75 335
187 310 320 341
584 225 159 236
