4
4
L1 143 0
U2 97 0
L3 134 0
U4 455 0
16
314 179
534 190
441 281
436 27
522 11
45 206
144 322
575 290
469 65
445 281
37 204
418 260
444 218
314 322
493 107
173 230
2 L1
22 L1
552 252 143 0
34 315 143 0
396 260 143 0
110 124 143 0
200 308 143 0
342 142 143 0
406 130 143 0
278 239 143 0
302 325 143 0
450 305 143 0
54 316 143 0
331 228 143 0
102 70 143 0
134 187 143 0
439 168 143 0
557 189 143 0
474 239 143 0
357 172 143 0
180 327 143 0
569 103 143 0
578 56 143 0
590 147 143 0
2 L3
22 L3
170 160 134 0
598 186 134 0
439 131 134 0
154 215 134 0
467 282 134 0
286 135 134 0
66 193 134 0
594 164 134 0
437 140 134 0
281 136 134 0
304 93 134 0
364 327 134 0
476 224 134 0
480 99 134 0
31 206 134 0
587 191 134 0
54 84 134 0
29 172 134 0
592 298 134 0
563 245 134 0
496 78 134 0
349 94 134 0
2 U2
97 0 149 147
97 0 477 61
22 U2
97 0 111 240
97 0 88 146
97 0 597 246
97 0 324 144
97 0 15 89
97 0 93 344
97 0 182 189
97 0 292 321
97 0 98 77
97 0 338 64
97 0 237 92
97 0 152 95
97 0 393 156
97 0 110 303
97 0 340 174
97 0 550 223
97 0 427 161
97 0 82 97
97 0 599 283
97 0 238 131
97 0 447 182
97 0 304 198
2 U4
455 0 18 324
455 0 452 154
22 U4
455 0 253 230
455 0 558 338
455 0 119 82
455 0 231 128
455 0 433 335
455 0 454 282
455 0 321 328
455 0 554 332
455 0 522 248
455 0 580 132
455 0 261 281
455 0 254 188
455 0 356 235
455 0 234 130
455 0 288 335
455 0 144 140
455 0 466 254
455 0 333 282
455 0 370 158
455 0 197 328
455 0 176 211
455 0 386 60
9
552 252 366 68
170 160 91 291
34 315 216 124
598 186 555 332
396 260 389 155
439 131 41 296
110 124 532 341
154 215 293 114
200 308 160 117
