3
6
L1 84 0
U2 416 0
L3 38 0
U4 537 0
L5 359 0
U6 274 0
24
241 48
361 163
437 40
366 77
64 318
96 260
572 199
512 133
425 162
516 59
45 296
434 45
584 324
504 320
284 243
394 341
261 25
315 119
490 153
86 312
410 99
181 16
532 34
6 258
1 L1
10 L1
194 204 84 0
98 203 84 0
157 93 84 0
498 79 84 0
416 60 84 0
525 64 84 0
114 204 84 0
245 104 84 0
521 203 84 0
373 320 84 0
1 L3
10 L3
288 176 38 0
474 130 38 0
491 120 38 0
305 266 38 0
324 171 38 0
277 107 38 0
504 336 38 0
254 91 38 0
486 279 38 0
430 60 38 0
1 L5
10 L5
155 262 359 0
523 229 359 0
328 87 359 0
588 238 359 0
61 228 359 0
499 331 359 0
98 327 359 0
148 78 359 0
363 167 359 0
214 56 359 0
1 U2
416 0 20 105
10 U2
416 0 588 334
416 0 275 289
416 0 559 70
416 0 309 122
416 0 368 243
416 0 45 50
416 0 203 85
416 0 147 83
416 0 85 167
416 0 579 128
1 U4
537 0 390 348
10 U4
537 0 384 65
537 0 332 257
537 0 501 63
537 0 426 135
537 0 184 280
537 0 413 345
537 0 29 116
537 0 187 314
537 0 313 314
537 0 348 293
1 U6
274 0 447 259
10 U6
274 0 48 119
274 0 274 54
274 0 178 141
274 0 559 284
274 0 539 197
274 0 385 89
274 0 325 51
274 0 405 137
274 0 326 346
274 0 41 338
6
194 204 79 311
288 176 553 94
155 262 247 185
98 203 538 71
474 130 579 332
523 229 310 61
