5
4
L1 356 0
U2 94 0
L3 562 0
U4 253 0
16
223 135
196 191
167 208
58 77
151 78
522 157
590 103
389 11
577 273
377 332
472 303
171 203
362 52
261 113
75 235
314 331
2 L1
22 L1
217 63 356 0
577 139 356 0
38 78 356 0
227 284 356 0
136 224 356 0
59 264 356 0
31 345 356 0
378 106 356 0
162 68 356 0
53 290 356 0
401 118 356 0
283 177 356 0
499 201 356 0
343 174 356 0
361 328 356 0
268 130 356 0
514 62 356 0
466 263 356 0
210 292 356 0
499 184 356 0
235 165 356 0
249 221 356 0
2 L3
22 L3
346 319 562 0
127 258 562 0
426 312 562 0
310 318 562 0
7 139 562 0
411 142 562 0
598 58 562 0
104 231 562 0
244 323 562 0
188 308 562 0
121 146 562 0
438 173 562 0
123 319 562 0
561 80 562 0
162 264 562 0
318 310 562 0
46 189 562 0
520 78 562 0
2 270 562 0
478 266 562 0
42 93 562 0
464 272 562 0
2 U2
94 0 585 223
94 0 416 324
22 U2
94 0 466 134
94 0 492 316
94 0 182 175
94 0 468 147
94 0 198 76
94 0 101 327
94 0 317 109
94 0 326 283
94 0 211 70
94 0 75 130
94 0 79 72
94 0 509 59
94 0 368 167
94 0 238 287
94 0 67 165
94 0 80 209
94 0 504 230
94 0 281 225
94 0 125 171
94 0 462 295
94 0 193 342
94 0 148 251
2 U4
253 0 96 183
253 0 412 173
22 U4
253 0 198 201
253 0 441 253
253 0 352 249
253 0 267 240
253 0 206 127
253 0 307 147
253 0 319 149
253 0 570 246
253 0 408 148
253 0 243 186
253 0 466 262
253 0 41 148
253 0 406 203
253 0 21 164
253 0 576 131
253 0 450 218
253 0 566 296
253 0 371 184
253 0 361 283
253 0 55 57
253 0 410 86
253 0 37 317
9
217 63 395 291
346 319 192 285
577 139 89 211
127 258 523 338
38 78 506 277
426 312 584 265
227 284 100 307
310 318 251 283
136 224 100 50
