5
6
L1 205 0
U2 444 0
L3 300 0
U4 193 0
L5 464 0
U6 202 0
24
96 322
189 112
85 347
120 232
189 328
261 194
365 309
47 273
112 29
93 140
93 249
472 114
578 309
125 294
221 259
468 2
8 284
180 305
144 153
190 7
561 61
18 322
355 203
366 134
2 L1
18 L1
564 320 205 0
388 114 205 0
1 171 205 0
430 198 205 0
463 281 205 0
90 213 205 0
369 225 205 0
90 338 205 0
537 280 205 0
418 339 205 0
64 275 205 0
37 280 205 0
109 171 205 0
497 79 205 0
531 348 205 0
439 217 205 0
450 210 205 0
527 160 205 0
2 L3
18 L3
274 280 300 0
566 173 300 0
395 153 300 0
409 95 300 0
292 196 300 0
272 80 300 0
176 230 300 0
13 146 300 0
148 135 300 0
39 202 300 0
351 94 300 0
160 251 300 0
124 76 300 0
242 309 300 0
315 130 300 0
591 87 300 0
321 111 300 0
32 177 300 0
2 L5
18 L5
215 194 464 0
426 178 464 0
173 342 464 0
463 187 464 0
470 62 464 0
235 131 464 0
41 116 464 0
247 172 464 0
530 102 464 0
64 341 464 0
300 253 464 0
70 228 464 0
228 189 464 0
393 118 464 0
380 271 464 0
23 247 464 0
579 348 464 0
367 152 464 0
2 U2
444 0 130 229
444 0 88 320
18 U2
444 0 237 112
444 0 546 72
444 0 330 207
444 0 267 143
444 0 15 175
444 0 29 224
444 0 21 267
444 0 225 281
444 0 3 286
444 0 61 342
444 0 268 286
444 0 261 204
444 0 307 168
444 0 191 274
444 0 450 233
444 0 374 326
444 0 202 343
444 0 248 188
2 U4
193 0 53 53
193 0 589 102
18 U4
193 0 71 221
193 0 442 216
193 0 58 173
193 0 444 335
193 0 399 54
193 0 353 86
193 0 215 120
193 0 77 79
193 0 477 168
193 0 484 244
193 0 235 217
193 0 158 256
193 0 523 315
193 0 108 179
193 0 59 232
193 0 420 219
193 0 356 177
193 0 533 269
2 U6
202 0 192 201
202 0 418 330
18 U6
202 0 273 76
202 0 61 344
202 0 222 233
202 0 403 311
202 0 215 50
202 0 502 298
202 0 159 73
202 0 223 81
202 0 599 163
202 0 433 271
202 0 381 237
202 0 461 204
202 0 571 227
202 0 193 281
202 0 329 292
202 0 24 62
202 0 465 134
202 0 50 231
6
564 320 43 150
274 280 379 98
215 194 587 210
388 114 155 340
566 173 20 74
426 178 210 146
