4
5
L1 323 0
U2 410 0
L3 145 0
U4 507 0
L5 506 0
15
236 130
81 160
534 6
255 123
373 191
470 334
575 245
360 162
230 71
542 140
580 174
80 115
21 104
576 134
150 1
2 L1
22 L1
548 227 323 0
89 269 323 0
484 184 323 0
52 255 323 0
94 169 323 0
133 294 323 0
499 108 323 0
216 113 323 0
464 238 323 0
253 204 323 0
321 55 323 0
242 117 323 0
200 62 323 0
526 160 323 0
188 264 323 0
222 332 323 0
46 340 323 0
480 208 323 0
177 303 323 0
140 92 323 0
35 79 323 0
397 216 323 0
2 L3
22 L3
493 112 145 0
238 150 145 0
101 164 145 0
316 296 145 0
536 166 145 0
555 56 145 0
421 185 145 0
15 237 145 0
507 211 145 0
164 99 145 0
493 303 145 0
43 103 145 0
307 148 145 0
300 239 145 0
281 327 145 0
314 172 145 0
25 252 145 0
93 105 145 0
360 275 145 0
573 226 145 0
217 216 145 0
487 200 145 0
2 L5
22 L5
297 193 506 0
393 114 506 0
110 260 506 0
135 317 506 0
483 87 506 0
278 346 506 0
108 224 506 0
503 155 506 0
257 84 506 0
368 272 506 0
564 170 506 0
528 134 506 0
194 193 506 0
279 199 506 0
228 297 506 0
14 290 506 0
335 220 506 0
546 115 506 0
499 125 506 0
256 90 506 0
289 137 506 0
131 178 506 0
2 U2
410 0 461 123
410 0 180 325
22 U2
410 0 225 252
410 0 479 124
410 0 130 182
410 0 396 180
410 0 451 152
410 0 415 83
410 0 225 245
410 0 280 143
410 0 111 89
410 0 522 300
410 0 386 221
410 0 107 107
410 0 428 286
410 0 548 53
410 0 512 298
410 0 267 140
410 0 283 273
410 0 7 284
410 0 2 329
410 0 136 337
410 0 26 110
410 0 539 207
2 U4
507 0 499 277
507 0 451 61
22 U4
507 0 283 247
507 0 480 93
507 0 455 228
507 0 371 90
507 0 501 77
507 0 287 51
507 0 558 137
507 0 500 323
507 0 131 93
507 0 267 250
507 0 233 110
507 0 237 204
507 0 407 342
507 0 308 190
507 0 113 59
507 0 157 241
507 0 3 57
507 0 77 264
507 0 182 340
507 0 244 160
507 0 66 343
507 0 83 147
11
548 227 357 56
493 112 442 115
297 193 172 337
89 269 216 298
238 150 84 281
393 114 325 115
484 184 219 59
101 164 95 345
110 260 234 82
52 255 330 122
316 296 169 303
