3
6
L1 202 0
U2 287 0
L3 535 0
U4 462 0
L5 169 0
U6 479 0
18
532 32
297 79
393 115
268 245
362 296
49 16
50 295
502 259
168 179
475 117
46 289
517 134
195 94
593 164
194 132
135 224
197 59
332 252
1 L1
10 L1
271 339 202 0
117 56 202 0
94 52 202 0
337 325 202 0
201 314 202 0
489 287 202 0
145 129 202 0
372 347 202 0
598 270 202 0
434 245 202 0
1 L3
10 L3
151 77 535 0
135 317 535 0
293 347 535 0
330 60 535 0
71 263 535 0
140 158 535 0
399 323 535 0
270 182 535 0
489 84 535 0
279 193 535 0
1 L5
10 L5
25 137 169 0
14 136 169 0
387 274 169 0
386 274 169 0
474 299 169 0
39 302 169 0
523 251 169 0
72 96 169 0
110 250 169 0
324 121 169 0
1 U2
287 0 176 281
10 U2
287 0 534 253
287 0 494 206
287 0 112 257
287 0 29 234
287 0 459 214
287 0 119 185
287 0 243 80
287 0 267 336
287 0 40 136
287 0 287 319
1 U4
462 0 593 324
10 U4
462 0 138 62
462 0 12 70
462 0 543 100
462 0 470 93
462 0 297 339
462 0 157 235
462 0 15 200
462 0 535 208
462 0 483 51
462 0 236 169
1 U6
479 0 444 220
10 U6
479 0 485 345
479 0 419 321
479 0 194 283
479 0 306 213
479 0 223 279
479 0 559 295
479 0 31 235
479 0 408 265
479 0 548 172
479 0 45 89
6
271 339 53 309
151 77 152 205
25 137 574 260
117 56 371 156
135 317 135 179
14 136 69 121
