5
4
L1 75 0
U2 243 0
L3 240 0
U4 519 0
12
244 296
76 163
406 40
549 199
494 316
590 250
493 321
376 95
584 330
324 282
525 89
281 36
2 L1
22 L1
594 283 75 0
200 240 75 0
125 77 75 0
387 234 75 0
262 240 75 0
598 101 75 0
22 105 75 0
525 116 75 0
296 310 75 0
466 156 75 0
39 189 75 0
595 105 75 0
426 193 75 0
84 318 75 0
521 156 75 0
475 183 75 0
199 127 75 0
519 242 75 0
434 331 75 0
472 310 75 0
295 295 75 0
2 295 75 0
2 L3
22 L3
122 305 240 0
232 236 240 0
184 164 240 0
96 345 240 0
334 96 240 0
556 131 240 0
527 72 240 0
567 232 240 0
214 175 240 0
415 252 240 0
84 100 240 0
155 276 240 0
19 167 240 0
128 308 240 0
237 57 240 0
403 143 240 0
558 54 240 0
309 145 240 0
569 302 240 0
109 314 240 0
527 216 240 0
598 134 240 0
2 U2
243 0 414 87
243 0 318 147
22 U2
243 0 462 64
243 0 380 63
243 0 36 186
243 0 506 72
243 0 237 129
243 0 306 303
243 0 287 343
243 0 329 181
243 0 560 199
243 0 568 344
243 0 97 113
243 0 295 244
243 0 57 103
243 0 200 334
243 0 131 151
243 0 500 155
243 0 240 82
243 0 255 164
243 0 371 61
243 0 173 142
243 0 107 75
243 0 276 305
2 U4
519 0 585 210
519 0 226 120
22 U4
519 0 205 321
519 0 461 215
519 0 53 209
519 0 366 292
519 0 28 228
519 0 22 145
519 0 418 314
519 0 397 175
519 0 202 291
519 0 466 71
519 0 109 285
519 0 253 81
519 0 249 96
519 0 87 204
519 0 340 94
519 0 212 263
519 0 377 101
519 0 568 77
519 0 344 240
519 0 410 210
519 0 477 88
519 0 435 262
9
594 283 141 286
122 305 285 170
200 240 494 92
232 236 475 203
125 77 133 171
184 164 217 73
387 234 171 202
96 345 257 65
262 240 372 140
