5
6
L1 489 0
U2 41 0
L3 17 0
U4 403 0
L5 390 0
U6 95 0
18
449 202
579 293
367 228
399 144
101 136
103 119
386 188
132 250
101 350
388 165
547 189
487 189
427 197
236 170
381 244
556 76
196 331
257 319
2 L1
18 L1
274 127 489 0
297 234 489 0
569 326 489 0
504 114 489 0
298 319 489 0
52 73 489 0
108 86 489 0
64 314 489 0
460 218 489 0
407 147 489 0
577 233 489 0
34 334 489 0
406 155 489 0
408 265 489 0
342 194 489 0
311 220 489 0
117 78 489 0
370 219 489 0
2 L3
18 L3
41 152 17 0
546 98 17 0
227 211 17 0
75 234 17 0
288 129 17 0
554 189 17 0
210 207 17 0
279 132 17 0
560 117 17 0
111 166 17 0
114 288 17 0
305 174 17 0
352 332 17 0
10 304 17 0
336 219 17 0
5 249 17 0
211 204 17 0
571 171 17 0
2 L5
18 L5
397 283 390 0
299 96 390 0
12 99 390 0
84 143 390 0
522 102 390 0
419 199 390 0
131 142 390 0
456 73 390 0
136 180 390 0
395 302 390 0
156 230 390 0
12 262 390 0
211 225 390 0
138 234 390 0
269 54 390 0
47 303 390 0
19 120 390 0
480 168 390 0
2 U2
41 0 87 188
41 0 311 182
18 U2
41 0 241 181
41 0 365 184
41 0 99 142
41 0 32 298
41 0 21 169
41 0 423 160
41 0 41 82
41 0 462 180
41 0 18 170
41 0 99 239
41 0 279 349
41 0 161 260
41 0 142 319
41 0 163 150
41 0 153 132
41 0 453 109
41 0 44 287
41 0 436 146
2 U4
403 0 49 347
403 0 312 329
18 U4
403 0 389 228
403 0 297 235
403 0 42 350
403 0 147 280
403 0 537 207
403 0 218 138
403 0 283 334
403 0 115 62
403 0 354 167
403 0 279 94
403 0 236 67
403 0 500 309
403 0 510 92
403 0 59 110
403 0 27 56
403 0 169 295
403 0 442 150
403 0 547 217
2 U6
95 0 125 332
95 0 425 232
18 U6
95 0 540 193
95 0 402 173
95 0 154 336
95 0 424 214
95 0 571 174
95 0 139 211
95 0 535 317
95 0 366 178
95 0 532 150
95 0 424 265
95 0 455 154
95 0 181 283
95 0 542 111
95 0 525 160
95 0 247 61
95 0 267 224
95 0 39 233
95 0 240 303
17
274 127 399 296
41 152 315 240
397 283 583 230
297 234 38 339
546 98 554 121
299 96 392 165
569 326 396 130
227 211 296 131
12 99 390 212
504 114 248 89
75 234 532 174
84 143 269 147
298 319 101 334
288 129 576 311
522 102 74 328
52 73 509 159
554 189 49 167
