3
4
L1 467 0
U2 44 0
L3 109 0
U4 466 0
20
299 109
281 284
198 211
306 67
481 228
408 17
596 82
550 214
178 315
327 64
392 213
125 332
415 274
155 101
12 74
65 174
540 97
133 307
411 13
435 108
1 L1
10 L1
471 206 467 0
201 109 467 0
470 147 467 0
215 159 467 0
150 202 467 0
128 333 467 0
77 112 467 0
316 136 467 0
67 113 467 0
18 289 467 0
1 L3
10 L3
212 329 109 0
489 207 109 0
175 333 109 0
150 154 109 0
81 336 109 0
310 135 109 0
198 212 109 0
48 132 109 0
167 190 109 0
463 131 109 0
1 U2
44 0 311 287
10 U2
44 0 160 192
44 0 280 141
44 0 437 200
44 0 119 281
44 0 178 267
44 0 153 307
44 0 10 162
44 0 390 80
44 0 444 251
44 0 142 329
1 U4
466 0 41 292
10 U4
466 0 261 244
466 0 166 335
466 0 399 62
466 0 562 203
466 0 440 257
466 0 124 79
466 0 525 162
466 0 7 60
466 0 155 73
466 0 260 264
2
471 206 471 300
212 329 155 121
