4
4
L1 376 0
U2 414 0
L3 422 0
U4 171 0
20
568 293
393 211
31 201
438 190
122 83
150 107
73 280
126 151
219 276
289 271
413 249
596 24
267 132
126 75
596 254
493 139
228 346
124 99
184 196
29 126
2 L1
18 L1
1 243 376 0
279 209 376 0
422 97 376 0
102 246 376 0
195 181 376 0
257 269 376 0
224 238 376 0
96 98 376 0
385 113 376 0
480 133 376 0
365 201 376 0
306 173 376 0
365 130 376 0
269 294 376 0
34 207 376 0
327 206 376 0
402 239 376 0
553 239 376 0
2 L3
18 L3
474 247 422 0
335 117 422 0
566 342 422 0
98 170 422 0
203 196 422 0
66 255 422 0
299 104 422 0
579 282 422 0
504 271 422 0
564 63 422 0
404 95 422 0
484 322 422 0
489 75 422 0
113 290 422 0
266 80 422 0
55 240 422 0
411 90 422 0
455 71 422 0
2 U2
414 0 540 241
414 0 328 96
18 U2
414 0 92 319
414 0 104 260
414 0 482 54
414 0 79 260
414 0 366 131
414 0 40 87
414 0 86 60
414 0 205 98
414 0 148 85
414 0 86 150
414 0 115 51
414 0 436 321
414 0 271 247
414 0 557 321
414 0 9 310
414 0 520 296
414 0 364 116
414 0 363 195
2 U4
171 0 241 288
171 0 190 153
18 U4
171 0 148 339
171 0 52 226
171 0 32 326
171 0 380 252
171 0 410 296
171 0 535 51
171 0 132 60
171 0 587 337
171 0 196 237
171 0 6 115
171 0 218 296
171 0 31 153
171 0 167 142
171 0 531 265
171 0 239 285
171 0 401 231
171 0 78 266
171 0 46 85
4
1 243 436 300
474 247 597 247
279 209 53 179
335 117 370 325
