4
3
L1 371 0
U2 52 0
L3 465 0
9
471 287
388 96
518 238
241 261
260 227
187 158
9 127
511 244
110 88
2 L1
22 L1
438 339 371 0
174 196 371 0
485 348 371 0
246 69 371 0
325 322 371 0
62 282 371 0
192 156 371 0
198 244 371 0
129 304 371 0
265 66 371 0
169 178 371 0
398 135 371 0
563 159 371 0
347 212 371 0
369 253 371 0
363 55 371 0
321 119 371 0
499 162 371 0
345 98 371 0
56 122 371 0
473 137 371 0
404 120 371 0
2 L3
22 L3
438 229 465 0
194 344 465 0
35 256 465 0
418 246 465 0
485 81 465 0
355 237 465 0
511 265 465 0
135 256 465 0
503 119 465 0
56 170 465 0
465 174 465 0
395 234 465 0
139 64 465 0
136 254 465 0
97 117 465 0
134 339 465 0
369 120 465 0
530 73 465 0
316 83 465 0
533 220 465 0
490 135 465 0
549 158 465 0
2 U2
52 0 87 269
52 0 43 276
22 U2
52 0 589 331
52 0 413 60
52 0 440 146
52 0 571 103
52 0 130 267
52 0 490 110
52 0 539 322
52 0 158 320
52 0 173 103
52 0 265 248
52 0 482 103
52 0 225 64
52 0 465 250
52 0 36 280
52 0 418 66
52 0 584 193
52 0 483 69
52 0 581 52
52 0 141 123
52 0 225 224
52 0 185 126
52 0 437 278
10
438 339 451 201
438 229 278 115
174 196 451 174
194 344 144 268
485 348 246 76
35 256 553 153
246 69 345 164
418 246 5 76
325 322 64 184
485 81 71 190
