3
6
L1 292 0
U2 294 0
L3 284 0
U4 258 0
L5 250 0
U6 345 0
24
364 340
561 211
493 79
68 13
172 1
72 70
2 75
214 183
252 127
504 35
459 284
132 36
30 332
290 170
551 341
64 46
379 69
297 85
139 187
330 282
271 75
267 331
461 275
249 308
1 L1
10 L1
274 189 292 0
239 151 292 0
586 285 292 0
266 286 292 0
498 173 292 0
396 116 292 0
302 255 292 0
23 211 292 0
422 210 292 0
494 178 292 0
1 L3
10 L3
38 108 284 0
530 243 284 0
48 233 284 0
465 128 284 0
527 95 284 0
387 343 284 0
81 310 284 0
162 254 284 0
420 157 284 0
144 320 284 0
1 L5
10 L5
192 237 250 0
439 224 250 0
467 342 250 0
267 166 250 0
289 175 250 0
280 75 250 0
225 334 250 0
61 328 250 0
472 228 250 0
195 230 250 0
1 U2
294 0 547 78
10 U2
294 0 86 128
294 0 44 256
294 0 167 339
294 0 547 157
294 0 407 72
294 0 503 290
294 0 543 264
294 0 520 255
294 0 39 135
294 0 305 300
1 U4
258 0 522 342
10 U4
258 0 242 328
258 0 137 160
258 0 125 161
258 0 381 222
258 0 83 334
258 0 133 311
258 0 473 284
258 0 441 226
258 0 384 302
258 0 262 258
1 U6
345 0 87 349
10 U6
345 0 563 70
345 0 466 233
345 0 281 329
345 0 512 96
345 0 411 71
345 0 217 66
345 0 360 316
345 0 467 330
345 0 281 150
345 0 542 140
3
274 189 97 139
38 108 483 277
192 237 31 114
