4
3
L1 62 0
U2 369 0
L3 406 0
15
554 305
139 326
237 118
150 271
435 328
205 34
67 271
436 312
387 14
596 70
446 301
215 62
369 242
145 209
235 316
2 L1
10 L1
447 54 62 0
307 189 62 0
494 219 62 0
501 196 62 0
245 59 62 0
336 50 62 0
231 208 62 0
266 136 62 0
29 71 62 0
36 88 62 0
2 L3
10 L3
356 206 406 0
418 182 406 0
445 306 406 0
354 79 406 0
111 75 406 0
277 310 406 0
406 129 406 0
532 259 406 0
335 313 406 0
188 350 406 0
2 U2
369 0 136 219
369 0 438 216
10 U2
369 0 51 226
369 0 351 254
369 0 194 188
369 0 393 141
369 0 396 83
369 0 482 56
369 0 455 227
369 0 289 283
369 0 309 112
369 0 468 176
3
447 54 470 83
356 206 203 88
307 189 180 251
