4
3
L1 431 0
U2 400 0
L3 325 0
12
45 339
161 51
485 331
58 242
106 267
164 203
546 203
294 315
358 196
34 270
477 228
410 272
2 L1
22 L1
325 78 431 0
41 51 431 0
589 307 431 0
9 179 431 0
2 164 431 0
583 291 431 0
164 221 431 0
344 304 431 0
51 162 431 0
263 312 431 0
138 104 431 0
66 172 431 0
453 250 431 0
569 251 431 0
40 193 431 0
53 239 431 0
48 95 431 0
577 328 431 0
91 306 431 0
28 310 431 0
138 336 431 0
598 145 431 0
2 L3
22 L3
432 264 325 0
463 343 325 0
190 61 325 0
397 310 325 0
497 195 325 0
489 144 325 0
363 80 325 0
538 68 325 0
264 117 325 0
100 82 325 0
16 286 325 0
545 189 325 0
46 154 325 0
322 70 325 0
182 183 325 0
363 240 325 0
470 197 325 0
587 174 325 0
80 69 325 0
115 349 325 0
130 310 325 0
551 52 325 0
2 U2
400 0 287 247
400 0 115 180
22 U2
400 0 566 234
400 0 521 283
400 0 589 296
400 0 508 254
400 0 193 189
400 0 446 287
400 0 261 108
400 0 353 334
400 0 561 191
400 0 486 191
400 0 351 247
400 0 445 91
400 0 233 350
400 0 231 274
400 0 112 73
400 0 168 298
400 0 321 201
400 0 241 65
400 0 379 114
400 0 261 109
400 0 85 315
400 0 527 266
7
325 78 468 296
432 264 240 202
41 51 508 346
463 343 274 252
589 307 481 336
190 61 108 213
9 179 166 92
