4
6
L1 230 0
U2 342 0
L3 89 0
U4 69 0
L5 558 0
U6 446 0
24
69 32
57 76
28 288
154 204
100 208
172 345
205 82
384 201
380 221
201 108
441 130
215 163
323 48
491 26
8 172
493 22
240 233
555 70
457 26
530 53
242 87
151 260
547 22
457 316
2 L1
18 L1
148 73 230 0
429 75 230 0
408 163 230 0
30 159 230 0
542 131 230 0
565 263 230 0
224 332 230 0
408 222 230 0
381 322 230 0
534 310 230 0
57 51 230 0
549 312 230 0
165 124 230 0
420 261 230 0
192 115 230 0
189 204 230 0
17 268 230 0
307 319 230 0
2 L3
18 L3
36 228 89 0
344 290 89 0
580 72 89 0
167 255 89 0
519 258 89 0
526 236 89 0
127 211 89 0
36 147 89 0
598 342 89 0
486 291 89 0
131 325 89 0
495 316 89 0
125 341 89 0
556 316 89 0
477 195 89 0
249 165 89 0
539 96 89 0
332 257 89 0
2 L5
18 L5
69 238 558 0
596 297 558 0
38 308 558 0
76 155 558 0
588 210 558 0
499 239 558 0
550 110 558 0
497 208 558 0
596 114 558 0
579 247 558 0
230 133 558 0
225 101 558 0
12 330 558 0
201 84 558 0
492 323 558 0
185 280 558 0
481 297 558 0
69 150 558 0
2 U2
342 0 167 277
342 0 258 138
18 U2
342 0 336 175
342 0 451 308
342 0 363 259
342 0 218 319
342 0 145 91
342 0 263 326
342 0 57 335
342 0 318 175
342 0 497 55
342 0 430 79
342 0 342 301
342 0 118 241
342 0 222 168
342 0 60 257
342 0 312 180
342 0 246 90
342 0 477 126
342 0 526 200
2 U4
69 0 295 269
69 0 54 209
18 U4
69 0 341 149
69 0 197 145
69 0 528 211
69 0 349 131
69 0 440 176
69 0 48 200
69 0 463 281
69 0 220 255
69 0 535 134
69 0 290 112
69 0 227 192
69 0 190 296
69 0 576 332
69 0 206 152
69 0 208 94
69 0 277 199
69 0 65 294
69 0 456 245
2 U6
446 0 541 335
446 0 487 275
18 U6
446 0 217 169
446 0 584 306
446 0 477 104
446 0 538 71
446 0 24 310
446 0 284 257
446 0 283 307
446 0 443 334
446 0 533 333
446 0 282 341
446 0 310 203
446 0 522 125
446 0 572 84
446 0 123 96
446 0 242 304
446 0 383 302
446 0 110 67
446 0 439 307
17
148 73 559 86
36 228 60 109
69 238 427 282
429 75 479 162
344 290 96 167
596 297 474 340
408 163 572 164
580 72 222 286
38 308 151 62
30 159 35 253
167 255 162 241
76 155 379 342
542 131 330 154
519 258 448 66
588 210 310 185
565 263 436 301
526 236 63 304
