3
6
L1 361 0
U2 434 0
L3 427 0
U4 185 0
L5 132 0
U6 255 0
24
544 141
70 199
331 29
270 80
326 18
381 287
504 44
4 38
328 47
494 259
38 253
189 153
552 321
243 115
28 171
533 19
303 143
272 262
34 259
513 34
397 328
357 178
390 126
51 313
1 L1
22 L1
244 323 361 0
13 71 361 0
235 346 361 0
452 153 361 0
7 269 361 0
443 165 361 0
596 327 361 0
131 287 361 0
572 255 361 0
48 201 361 0
432 349 361 0
57 306 361 0
7 290 361 0
313 112 361 0
336 300 361 0
502 311 361 0
511 322 361 0
348 291 361 0
402 329 361 0
376 73 361 0
204 341 361 0
437 283 361 0
1 L3
22 L3
343 125 427 0
465 85 427 0
393 124 427 0
491 114 427 0
209 134 427 0
33 343 427 0
589 106 427 0
553 63 427 0
346 118 427 0
220 98 427 0
284 133 427 0
361 57 427 0
0 227 427 0
306 158 427 0
379 219 427 0
335 293 427 0
549 171 427 0
449 328 427 0
410 272 427 0
168 262 427 0
444 123 427 0
573 328 427 0
1 L5
22 L5
501 126 132 0
325 90 132 0
66 119 132 0
324 190 132 0
195 72 132 0
267 333 132 0
459 110 132 0
437 252 132 0
319 237 132 0
318 326 132 0
474 295 132 0
468 195 132 0
319 187 132 0
54 287 132 0
469 314 132 0
371 216 132 0
252 275 132 0
378 256 132 0
283 300 132 0
123 215 132 0
189 329 132 0
448 196 132 0
1 U2
434 0 350 321
22 U2
434 0 531 69
434 0 186 68
434 0 506 222
434 0 5 340
434 0 244 151
434 0 302 317
434 0 262 72
434 0 16 242
434 0 94 156
434 0 280 102
434 0 179 339
434 0 538 140
434 0 362 135
434 0 443 163
434 0 560 97
434 0 413 194
434 0 384 349
434 0 529 125
434 0 351 272
434 0 111 198
434 0 256 195
434 0 479 132
1 U4
185 0 543 207
22 U4
185 0 584 51
185 0 68 245
185 0 170 290
185 0 542 74
185 0 77 297
185 0 550 323
185 0 319 153
185 0 465 341
185 0 241 248
185 0 414 290
185 0 148 78
185 0 584 264
185 0 123 62
185 0 402 212
185 0 203 326
185 0 343 315
185 0 230 167
185 0 378 180
185 0 35 174
185 0 436 66
185 0 585 111
185 0 294 173
1 U6
255 0 529 147
22 U6
255 0 72 264
255 0 553 205
255 0 542 180
255 0 596 211
255 0 217 99
255 0 290 166
255 0 441 304
255 0 38 336
255 0 182 110
255 0 156 214
255 0 272 318
255 0 314 68
255 0 399 96
255 0 245 165
255 0 153 183
255 0 489 152
255 0 294 95
255 0 231 232
255 0 268 204
255 0 243 318
255 0 67 74
255 0 118 277
14
244 323 187 144
343 125 258 185
501 126 6 315
13 71 368 145
465 85 91 166
325 90 396 323
235 346 250 162
393 124 261 312
66 119 3 116
452 153 347 262
491 114 493 158
324 190 517 123
7 269 8 103
209 134 88 70
