3
5
L1 419 0
U2 142 0
L3 566 0
U4 487 0
L5 232 0
25
414 118
429 252
423 21
559 204
50 135
214 26
102 201
534 321
555 34
559 162
297 302
475 113
267 308
180 169
185 300
486 251
215 307
192 51
2 154
465 18
154 225
20 111
23 103
308 207
157 174
1 L1
22 L1
422 174 419 0
397 214 419 0
376 116 419 0
298 329 419 0
507 50 419 0
241 295 419 0
265 340 419 0
433 312 419 0
496 57 419 0
300 314 419 0
344 132 419 0
67 121 419 0
569 287 419 0
537 249 419 0
191 210 419 0
567 107 419 0
501 179 419 0
341 60 419 0
337 312 419 0
59 99 419 0
529 264 419 0
350 301 419 0
1 L3
22 L3
274 140 566 0
523 235 566 0
524 250 566 0
176 267 566 0
253 100 566 0
332 301 566 0
225 124 566 0
176 106 566 0
135 256 566 0
19 187 566 0
321 214 566 0
134 193 566 0
175 184 566 0
44 71 566 0
424 162 566 0
527 288 566 0
164 222 566 0
286 177 566 0
387 239 566 0
510 193 566 0
335 343 566 0
84 290 566 0
1 L5
22 L5
578 116 232 0
369 278 232 0
141 147 232 0
357 271 232 0
193 107 232 0
115 208 232 0
281 166 232 0
60 206 232 0
305 79 232 0
27 108 232 0
86 196 232 0
216 238 232 0
215 149 232 0
221 311 232 0
233 247 232 0
30 197 232 0
110 66 232 0
8 92 232 0
66 335 232 0
379 75 232 0
433 106 232 0
239 220 232 0
1 U2
142 0 559 324
22 U2
142 0 436 224
142 0 146 82
142 0 211 125
142 0 447 62
142 0 180 156
142 0 538 347
142 0 232 266
142 0 285 130
142 0 289 136
142 0 311 83
142 0 515 313
142 0 367 89
142 0 90 302
142 0 289 238
142 0 229 110
142 0 49 327
142 0 69 279
142 0 92 246
142 0 371 141
142 0 13 307
142 0 457 133
142 0 274 163
1 U4
487 0 194 226
22 U4
487 0 431 297
487 0 431 221
487 0 364 350
487 0 450 77
487 0 179 79
487 0 54 170
487 0 399 240
487 0 207 216
487 0 276 292
487 0 416 324
487 0 469 305
487 0 56 293
487 0 208 332
487 0 47 72
487 0 110 151
487 0 246 138
487 0 209 69
487 0 592 206
487 0 316 176
487 0 403 221
487 0 505 289
487 0 557 253
11
422 174 544 267
274 140 321 267
578 116 503 68
397 214 333 214
523 235 477 349
369 278 404 149
376 116 241 79
524 250 175 336
141 147 443 102
298 329 462 56
176 267 426 115
