5
3
L1 328 0
U2 301 0
L3 442 0
12
426 9
360 4
351 244
43 0
138 294
345 140
309 279
547 180
278 222
142 150
387 176
383 145
2 L1
22 L1
227 289 328 0
248 325 328 0
331 99 328 0
567 236 328 0
328 135 328 0
5 180 328 0
261 129 328 0
196 104 328 0
76 301 328 0
352 142 328 0
19 164 328 0
4 141 328 0
588 301 328 0
335 196 328 0
523 74 328 0
260 239 328 0
535 168 328 0
323 242 328 0
160 249 328 0
36 53 328 0
183 115 328 0
40 281 328 0
2 L3
22 L3
63 346 442 0
563 278 442 0
400 142 442 0
563 251 442 0
55 133 442 0
1 254 442 0
492 306 442 0
240 137 442 0
231 60 442 0
443 140 442 0
321 71 442 0
60 170 442 0
464 82 442 0
463 54 442 0
396 228 442 0
577 102 442 0
580 53 442 0
453 289 442 0
113 303 442 0
515 53 442 0
301 259 442 0
126 208 442 0
2 U2
301 0 432 194
301 0 2 286
22 U2
301 0 445 281
301 0 405 81
301 0 102 56
301 0 73 128
301 0 199 154
301 0 442 331
301 0 54 274
301 0 160 215
301 0 335 169
301 0 22 263
301 0 287 234
301 0 77 292
301 0 549 274
301 0 219 325
301 0 510 304
301 0 434 160
301 0 51 289
301 0 40 115
301 0 413 147
301 0 120 111
301 0 348 258
301 0 30 78
4
227 289 114 305
63 346 531 183
248 325 29 205
563 278 164 338
