4
4
L1 552 0
U2 584 0
L3 97 0
U4 79 0
16
313 330
414 24
48 249
150 13
100 174
82 166
482 335
432 19
487 106
349 75
193 182
474 239
170 138
398 159
410 3
48 15
2 L1
10 L1
436 210 552 0
18 256 552 0
87 280 552 0
361 316 552 0
404 140 552 0
549 264 552 0
271 252 552 0
9 117 552 0
422 301 552 0
317 79 552 0
2 L3
10 L3
345 120 97 0
30 74 97 0
451 250 97 0
358 279 97 0
184 251 97 0
503 209 97 0
290 80 97 0
503 172 97 0
341 256 97 0
32 327 97 0
2 U2
584 0 405 260
584 0 163 106
10 U2
584 0 328 132
584 0 432 244
584 0 186 242
584 0 221 106
584 0 276 184
584 0 210 330
584 0 252 111
584 0 105 180
584 0 99 333
584 0 374 346
2 U4
79 0 362 173
79 0 238 102
10 U4
79 0 140 226
79 0 484 306
79 0 203 347
79 0 408 90
79 0 592 186
79 0 497 175
79 0 552 203
79 0 88 98
79 0 346 77
79 0 561 99
4
436 210 147 235
345 120 294 175
18 256 53 262
30 74 272 283
