3
3
L1 139 0
U2 115 0
L3 454 0
15
116 331
434 81
159 240
387 315
503 314
532 295
23 228
327 320
261 6
238 102
135 40
312 204
326 337
572 275
354 13
1 L1
18 L1
18 155 139 0
195 149 139 0
367 93 139 0
242 170 139 0
556 90 139 0
415 240 139 0
517 186 139 0
293 206 139 0
6 218 139 0
362 85 139 0
118 166 139 0
497 193 139 0
280 261 139 0
115 225 139 0
258 287 139 0
116 184 139 0
251 280 139 0
320 93 139 0
1 L3
18 L3
190 103 454 0
182 172 454 0
597 241 454 0
273 251 454 0
333 180 454 0
267 314 454 0
355 142 454 0
377 185 454 0
230 149 454 0
493 227 454 0
353 311 454 0
65 174 454 0
431 224 454 0
553 175 454 0
439 88 454 0
422 212 454 0
476 276 454 0
366 325 454 0
1 U2
115 0 154 349
18 U2
115 0 512 131
115 0 582 94
115 0 345 115
115 0 326 175
115 0 405 296
115 0 217 179
115 0 458 141
115 0 302 165
115 0 443 223
115 0 183 115
115 0 393 310
115 0 123 289
115 0 152 50
115 0 476 306
115 0 540 350
115 0 323 137
115 0 95 100
115 0 557 83
6
18 155 128 194
190 103 520 234
195 149 344 339
182 172 500 290
367 93 421 153
597 241 341 84
