3
3
L1 35 0
U2 93 0
L3 492 0
12
95 98
91 228
141 152
544 135
513 132
559 142
412 196
293 177
507 186
589 24
126 308
319 209
1 L1
22 L1
148 125 35 0
382 271 35 0
523 73 35 0
145 260 35 0
535 51 35 0
127 114 35 0
573 141 35 0
194 174 35 0
311 303 35 0
486 57 35 0
44 309 35 0
113 67 35 0
1 324 35 0
589 254 35 0
158 277 35 0
140 252 35 0
362 126 35 0
600 229 35 0
428 244 35 0
102 200 35 0
574 309 35 0
460 137 35 0
1 L3
22 L3
596 113 492 0
323 91 492 0
146 235 492 0
529 176 492 0
389 331 492 0
254 214 492 0
335 278 492 0
534 266 492 0
157 246 492 0
99 111 492 0
384 317 492 0
44 207 492 0
445 260 492 0
142 306 492 0
484 142 492 0
204 154 492 0
149 181 492 0
59 81 492 0
482 61 492 0
249 322 492 0
129 314 492 0
272 129 492 0
1 U2
93 0 154 315
22 U2
93 0 563 274
93 0 36 97
93 0 14 258
93 0 217 185
93 0 60 85
93 0 355 122
93 0 440 302
93 0 167 154
93 0 575 257
93 0 264 198
93 0 143 339
93 0 226 113
93 0 532 151
93 0 364 296
93 0 384 236
93 0 343 288
93 0 264 328
93 0 514 159
93 0 154 255
93 0 289 275
93 0 201 129
93 0 60 278
4
148 125 336 296
596 113 442 209
382 271 307 78
323 91 45 208
