4
3
L1 228 0
U2 41 0
L3 195 0
12
134 235
242 97
283 118
132 187
538 107
530 300
314 329
261 94
284 106
57 280
394 333
296 339
2 L1
22 L1
337 218 228 0
54 63 228 0
305 117 228 0
585 148 228 0
259 106 228 0
227 189 228 0
221 336 228 0
335 74 228 0
584 305 228 0
168 117 228 0
212 224 228 0
385 250 228 0
575 314 228 0
381 254 228 0
441 125 228 0
126 92 228 0
302 155 228 0
255 210 228 0
203 340 228 0
252 341 228 0
305 161 228 0
84 276 228 0
2 L3
22 L3
149 77 195 0
350 104 195 0
103 104 195 0
335 140 195 0
2 264 195 0
580 301 195 0
101 234 195 0
93 337 195 0
249 251 195 0
456 283 195 0
600 139 195 0
514 202 195 0
258 75 195 0
309 76 195 0
58 69 195 0
298 203 195 0
87 302 195 0
441 146 195 0
377 162 195 0
178 178 195 0
501 56 195 0
593 104 195 0
2 U2
41 0 26 197
41 0 560 83
22 U2
41 0 597 157
41 0 21 161
41 0 462 160
41 0 226 51
41 0 20 106
41 0 562 330
41 0 438 138
41 0 212 122
41 0 53 118
41 0 336 106
41 0 95 71
41 0 15 204
41 0 294 179
41 0 18 157
41 0 486 51
41 0 176 296
41 0 199 193
41 0 308 166
41 0 424 254
41 0 147 84
41 0 282 89
41 0 148 128
7
337 218 111 132
149 77 38 278
54 63 40 100
350 104 80 145
305 117 87 330
103 104 474 114
585 148 31 118
