4
6
L1 406 0
U2 67 0
L3 165 0
U4 177 0
L5 247 0
U6 53 0
24
301 283
85 134
265 154
456 299
245 97
149 231
198 142
155 305
125 41
448 183
160 142
515 280
22 220
472 331
178 345
505 334
395 9
189 325
595 244
494 220
527 178
250 22
506 216
588 0
2 L1
22 L1
461 316 406 0
434 138 406 0
337 223 406 0
293 136 406 0
413 266 406 0
487 308 406 0
239 342 406 0
313 210 406 0
484 126 406 0
261 223 406 0
350 183 406 0
218 239 406 0
139 142 406 0
177 286 406 0
584 117 406 0
67 201 406 0
530 66 406 0
352 157 406 0
560 132 406 0
360 209 406 0
301 276 406 0
479 97 406 0
2 L3
22 L3
183 235 165 0
582 143 165 0
353 140 165 0
325 250 165 0
426 127 165 0
0 82 165 0
251 148 165 0
571 130 165 0
133 303 165 0
292 261 165 0
24 350 165 0
599 236 165 0
489 168 165 0
103 220 165 0
56 282 165 0
394 321 165 0
489 151 165 0
589 189 165 0
585 135 165 0
125 216 165 0
561 273 165 0
12 241 165 0
2 L5
22 L5
106 67 247 0
267 123 247 0
439 244 247 0
461 144 247 0
100 201 247 0
431 260 247 0
346 111 247 0
66 318 247 0
405 192 247 0
188 234 247 0
16 269 247 0
1 109 247 0
197 56 247 0
579 318 247 0
395 160 247 0
137 278 247 0
313 256 247 0
420 78 247 0
67 272 247 0
209 109 247 0
287 282 247 0
464 69 247 0
2 U2
67 0 566 345
67 0 193 310
22 U2
67 0 337 75
67 0 337 322
67 0 208 306
67 0 82 71
67 0 46 336
67 0 85 253
67 0 591 267
67 0 196 73
67 0 15 312
67 0 505 180
67 0 396 225
67 0 326 230
67 0 256 209
67 0 594 323
67 0 543 325
67 0 404 100
67 0 241 316
67 0 516 212
67 0 473 316
67 0 189 296
67 0 370 171
67 0 505 201
2 U4
177 0 247 216
177 0 267 214
22 U4
177 0 413 54
177 0 455 254
177 0 583 281
177 0 57 59
177 0 358 303
177 0 128 175
177 0 243 129
177 0 204 202
177 0 48 299
177 0 17 87
177 0 156 83
177 0 174 78
177 0 377 242
177 0 6 201
177 0 376 101
177 0 356 323
177 0 258 139
177 0 422 349
177 0 328 51
177 0 240 270
177 0 442 305
177 0 168 303
2 U6
53 0 492 208
53 0 321 136
22 U6
53 0 436 155
53 0 344 343
53 0 141 312
53 0 80 251
53 0 573 292
53 0 541 232
53 0 473 291
53 0 179 84
53 0 97 138
53 0 448 241
53 0 55 140
53 0 375 267
53 0 586 134
53 0 250 216
53 0 482 249
53 0 557 210
53 0 401 339
53 0 544 193
53 0 495 194
53 0 540 80
53 0 206 320
53 0 539 348
14
461 316 101 277
183 235 214 128
106 67 377 310
434 138 321 310
582 143 278 181
267 123 52 330
337 223 166 306
353 140 552 186
439 244 27 229
293 136 86 185
325 250 288 273
461 144 484 292
413 266 333 77
426 127 205 60
