5
3
L1 16 0
U2 191 0
L3 47 0
12
312 230
598 182
497 172
1 254
305 172
435 163
333 112
500 24
532 106
39 12
236 142
419 264
2 L1
22 L1
449 210 16 0
56 269 16 0
426 309 16 0
273 159 16 0
595 278 16 0
320 144 16 0
45 251 16 0
575 271 16 0
523 150 16 0
538 309 16 0
366 153 16 0
290 212 16 0
514 210 16 0
256 130 16 0
469 156 16 0
146 72 16 0
473 303 16 0
359 123 16 0
504 292 16 0
253 280 16 0
568 200 16 0
144 296 16 0
2 L3
22 L3
589 201 47 0
118 91 47 0
57 152 47 0
78 110 47 0
46 216 47 0
477 295 47 0
206 345 47 0
312 320 47 0
336 314 47 0
397 161 47 0
189 207 47 0
424 345 47 0
342 71 47 0
468 346 47 0
6 163 47 0
482 214 47 0
319 155 47 0
467 201 47 0
25 183 47 0
380 111 47 0
519 68 47 0
474 146 47 0
2 U2
191 0 353 189
191 0 520 187
22 U2
191 0 159 208
191 0 535 258
191 0 525 114
191 0 139 75
191 0 461 315
191 0 162 212
191 0 290 149
191 0 440 61
191 0 444 325
191 0 482 77
191 0 202 59
191 0 131 173
191 0 405 300
191 0 316 258
191 0 424 322
191 0 277 346
191 0 400 50
191 0 168 276
191 0 366 186
191 0 178 74
191 0 457 292
191 0 468 146
4
449 210 567 93
589 201 539 52
56 269 313 121
118 91 488 237
