3
4
L1 372 0
U2 81 0
L3 425 0
U4 215 0
12
467 142
233 77
25 294
325 331
590 107
309 68
238 303
149 28
414 106
143 124
418 128
437 78
1 L1
10 L1
171 207 372 0
115 202 372 0
472 249 372 0
64 229 372 0
362 161 372 0
271 164 372 0
587 80 372 0
281 309 372 0
229 220 372 0
567 284 372 0
1 L3
10 L3
97 249 425 0
585 332 425 0
427 328 425 0
247 188 425 0
17 99 425 0
379 287 425 0
7 294 425 0
213 77 425 0
191 112 425 0
241 175 425 0
1 U2
81 0 247 305
10 U2
81 0 160 310
81 0 434 65
81 0 218 223
81 0 72 273
81 0 549 291
81 0 87 177
81 0 2 290
81 0 3 324
81 0 461 90
81 0 84 324
1 U4
215 0 84 284
10 U4
215 0 207 333
215 0 426 80
215 0 284 101
215 0 168 127
215 0 304 287
215 0 302 252
215 0 205 261
215 0 351 92
215 0 470 237
215 0 486 344
2
171 207 204 201
97 249 264 238
