4
5
L1 353 0
U2 17 0
L3 445 0
U4 238 0
L5 446 0
15
343 80
414 222
390 339
379 42
112 340
185 97
135 287
311 2
458 136
284 98
108 77
434 249
523 205
293 88
88 47
2 L1
22 L1
314 309 353 0
256 70 353 0
280 260 353 0
578 170 353 0
546 250 353 0
354 241 353 0
199 308 353 0
155 229 353 0
389 91 353 0
280 174 353 0
544 123 353 0
511 313 353 0
283 86 353 0
13 311 353 0
152 240 353 0
124 199 353 0
588 96 353 0
508 252 353 0
462 291 353 0
117 114 353 0
575 320 353 0
286 335 353 0
2 L3
22 L3
366 246 445 0
201 57 445 0
558 234 445 0
307 183 445 0
300 348 445 0
471 104 445 0
328 270 445 0
520 174 445 0
223 182 445 0
193 347 445 0
28 281 445 0
394 311 445 0
403 175 445 0
530 111 445 0
213 291 445 0
404 86 445 0
40 195 445 0
391 62 445 0
285 337 445 0
44 264 445 0
75 181 445 0
122 205 445 0
2 L5
22 L5
410 69 446 0
383 116 446 0
280 209 446 0
327 103 446 0
314 337 446 0
32 176 446 0
137 266 446 0
372 309 446 0
455 240 446 0
567 164 446 0
478 158 446 0
490 193 446 0
201 349 446 0
466 51 446 0
70 335 446 0
561 295 446 0
456 157 446 0
408 77 446 0
348 235 446 0
227 150 446 0
1 232 446 0
28 321 446 0
2 U2
17 0 260 308
17 0 240 265
22 U2
17 0 138 118
17 0 165 213
17 0 595 68
17 0 517 175
17 0 95 198
17 0 145 137
17 0 436 208
17 0 363 278
17 0 220 298
17 0 209 116
17 0 416 282
17 0 411 146
17 0 380 102
17 0 51 226
17 0 570 150
17 0 52 111
17 0 98 294
17 0 598 244
17 0 434 295
17 0 9 53
17 0 202 319
17 0 23 136
2 U4
238 0 468 235
238 0 195 327
22 U4
238 0 398 154
238 0 20 309
238 0 274 59
238 0 216 220
238 0 182 345
238 0 7 347
238 0 175 282
238 0 599 71
238 0 569 269
238 0 213 120
238 0 225 287
238 0 261 279
238 0 64 289
238 0 574 279
238 0 227 178
238 0 170 318
238 0 590 91
238 0 334 64
238 0 231 55
238 0 484 205
238 0 267 186
238 0 376 106
17
314 309 454 158
366 246 56 194
410 69 283 76
256 70 448 139
201 57 247 329
383 116 345 252
280 260 355 270
558 234 141 71
280 209 471 271
578 170 206 133
307 183 492 119
327 103 577 218
546 250 190 145
300 348 217 199
314 337 309 150
354 241 1 123
471 104 512 288
