3
3
L1 183 0
U2 170 0
L3 264 0
15
344 188
315 126
156 54
422 207
433 66
356 291
362 342
12 173
484 225
176 308
333 182
555 273
140 3
36 120
369 153
1 L1
14 L1
374 344 183 0
369 219 183 0
350 127 183 0
581 318 183 0
17 122 183 0
498 320 183 0
283 278 183 0
420 102 183 0
63 160 183 0
212 148 183 0
432 251 183 0
83 218 183 0
198 230 183 0
112 193 183 0
1 L3
14 L3
436 69 264 0
278 278 264 0
113 261 264 0
470 67 264 0
80 250 264 0
596 92 264 0
406 217 264 0
228 267 264 0
54 62 264 0
572 205 264 0
12 136 264 0
365 258 264 0
547 226 264 0
523 153 264 0
1 U2
170 0 51 225
14 U2
170 0 497 293
170 0 536 131
170 0 361 210
170 0 593 152
170 0 459 61
170 0 114 175
170 0 272 162
170 0 501 242
170 0 5 194
170 0 219 63
170 0 13 206
170 0 205 318
170 0 547 147
170 0 366 323
7
374 344 576 252
436 69 48 70
369 219 165 61
278 278 9 338
350 127 245 189
113 261 17 277
581 318 286 306
