3
5
L1 143 0
U2 420 0
L3 139 0
U4 180 0
L5 335 0
25
331 34
213 231
166 8
67 327
143 49
130 98
233 4
496 155
394 315
166 216
508 272
84 323
221 286
339 321
421 11
59 153
148 325
81 299
85 130
76 285
125 277
253 109
289 96
289 163
537 165
1 L1
14 L1
91 100 143 0
3 150 143 0
90 301 143 0
546 334 143 0
19 343 143 0
510 266 143 0
409 239 143 0
338 292 143 0
45 238 143 0
121 149 143 0
68 253 143 0
432 307 143 0
380 279 143 0
373 236 143 0
1 L3
14 L3
594 317 139 0
466 255 139 0
377 103 139 0
217 186 139 0
484 55 139 0
498 130 139 0
235 240 139 0
233 285 139 0
341 160 139 0
90 210 139 0
46 62 139 0
2 344 139 0
590 76 139 0
166 322 139 0
1 L5
14 L5
403 168 335 0
39 155 335 0
362 212 335 0
531 312 335 0
201 101 335 0
91 169 335 0
479 122 335 0
329 214 335 0
282 204 335 0
213 55 335 0
204 210 335 0
112 91 335 0
401 161 335 0
105 216 335 0
1 U2
420 0 492 258
14 U2
420 0 215 307
420 0 157 200
420 0 375 287
420 0 552 192
420 0 401 207
420 0 98 123
420 0 381 215
420 0 496 309
420 0 338 66
420 0 49 138
420 0 101 249
420 0 214 201
420 0 246 94
420 0 469 256
1 U4
180 0 249 190
14 U4
180 0 388 320
180 0 293 188
180 0 518 290
180 0 107 246
180 0 291 82
180 0 385 223
180 0 353 83
180 0 356 198
180 0 419 177
180 0 531 285
180 0 50 158
180 0 463 206
180 0 215 228
180 0 334 128
4
91 100 248 113
594 317 106 83
403 168 101 198
3 150 185 196
