5
6
L1 339 0
U2 181 0
L3 72 0
U4 221 0
L5 147 0
U6 438 0
18
119 94
454 82
449 157
318 174
253 342
258 22
8 252
420 177
505 317
415 184
496 39
265 70
281 230
578 81
130 61
559 34
45 75
427 257
2 L1
10 L1
191 215 339 0
46 116 339 0
442 56 339 0
60 79 339 0
193 219 339 0
78 295 339 0
212 176 339 0
293 159 339 0
201 173 339 0
331 249 339 0
2 L3
10 L3
343 280 72 0
517 146 72 0
17 119 72 0
359 346 72 0
343 208 72 0
222 272 72 0
372 312 72 0
229 330 72 0
7 319 72 0
37 84 72 0
2 L5
10 L5
27 292 147 0
125 254 147 0
598 348 147 0
146 254 147 0
543 251 147 0
46 270 147 0
237 146 147 0
360 330 147 0
169 347 147 0
518 152 147 0
2 U2
181 0 180 156
181 0 382 182
10 U2
181 0 367 81
181 0 41 236
181 0 297 148
181 0 158 237
181 0 212 98
181 0 94 150
181 0 300 112
181 0 140 298
181 0 304 77
181 0 207 216
2 U4
221 0 48 295
221 0 110 213
10 U4
221 0 294 191
221 0 151 280
221 0 144 86
221 0 219 232
221 0 107 74
221 0 235 206
221 0 88 191
221 0 322 166
221 0 317 81
221 0 596 219
2 U6
438 0 48 180
438 0 406 227
10 U6
438 0 264 106
438 0 264 161
438 0 436 204
438 0 476 118
438 0 451 169
438 0 390 226
438 0 478 256
438 0 136 337
438 0 126 300
438 0 356 132
9
191 215 450 87
343 280 470 153
27 292 194 107
46 116 95 300
517 146 291 275
125 254 416 215
442 56 534 149
17 119 367 316
598 348 92 180
