3
4
L1 372 0
U2 316 0
L3 95 0
U4 542 0
20
22 24
480 304
482 65
99 150
67 238
520 189
104 140
6 145
414 251
57 254
154 97
94 169
480 102
153 196
571 90
311 252
187 55
252 323
301 284
398 291
1 L1
14 L1
319 298 372 0
188 124 372 0
531 107 372 0
207 179 372 0
514 91 372 0
489 111 372 0
355 76 372 0
87 238 372 0
546 256 372 0
480 294 372 0
225 103 372 0
448 168 372 0
68 106 372 0
127 285 372 0
1 L3
14 L3
539 91 95 0
162 86 95 0
597 338 95 0
563 207 95 0
60 273 95 0
283 281 95 0
554 293 95 0
492 80 95 0
258 117 95 0
107 314 95 0
350 200 95 0
29 71 95 0
506 175 95 0
392 143 95 0
1 U2
316 0 95 350
14 U2
316 0 523 67
316 0 560 115
316 0 103 141
316 0 85 152
316 0 550 97
316 0 359 304
316 0 217 249
316 0 57 184
316 0 324 157
316 0 82 165
316 0 203 348
316 0 433 350
316 0 409 85
316 0 286 276
1 U4
542 0 37 164
14 U4
542 0 274 289
542 0 408 73
542 0 258 83
542 0 222 348
542 0 594 150
542 0 85 118
542 0 182 216
542 0 303 292
542 0 409 183
542 0 539 324
542 0 296 268
542 0 426 324
542 0 433 106
542 0 490 300
3
319 298 377 271
539 91 351 174
188 124 276 346
