3
3
L1 551 0
U2 235 0
L3 395 0
12
363 99
373 339
568 332
306 186
243 6
203 229
506 63
295 87
169 79
284 239
36 93
274 223
1 L1
18 L1
487 168 551 0
214 260 551 0
415 338 551 0
37 203 551 0
4 255 551 0
413 70 551 0
317 210 551 0
75 198 551 0
599 106 551 0
74 59 551 0
469 144 551 0
130 119 551 0
77 327 551 0
347 272 551 0
22 280 551 0
536 279 551 0
574 137 551 0
307 221 551 0
1 L3
18 L3
467 50 395 0
600 74 395 0
448 196 395 0
0 188 395 0
216 82 395 0
592 338 395 0
243 178 395 0
125 204 395 0
549 63 395 0
219 92 395 0
470 116 395 0
533 82 395 0
289 292 395 0
481 61 395 0
350 285 395 0
514 230 395 0
422 154 395 0
503 320 395 0
1 U2
235 0 175 103
18 U2
235 0 555 291
235 0 547 152
235 0 355 208
235 0 299 112
235 0 390 237
235 0 74 95
235 0 83 65
235 0 77 65
235 0 407 308
235 0 581 197
235 0 578 148
235 0 530 162
235 0 228 348
235 0 234 86
235 0 446 157
235 0 75 62
235 0 316 89
235 0 527 257
3
487 168 572 313
467 50 258 330
214 260 18 140
