3
5
L1 506 0
U2 224 0
L3 327 0
U4 412 0
L5 45 0
20
209 39
376 51
576 212
171 130
380 4
361 327
377 40
251 106
537 8
322 264
465 71
274 320
527 252
266 292
193 62
391 63
145 329
443 14
360 83
98 201
1 L1
10 L1
328 98 506 0
238 214 506 0
86 105 506 0
301 181 506 0
49 57 506 0
594 76 506 0
438 140 506 0
411 277 506 0
283 252 506 0
443 175 506 0
1 L3
10 L3
299 196 327 0
226 189 327 0
54 133 327 0
286 141 327 0
168 232 327 0
247 288 327 0
199 302 327 0
574 234 327 0
60 176 327 0
542 232 327 0
1 L5
10 L5
561 321 45 0
303 239 45 0
52 67 45 0
442 290 45 0
58 295 45 0
215 152 45 0
504 219 45 0
390 218 45 0
245 221 45 0
280 209 45 0
1 U2
224 0 66 259
10 U2
224 0 510 278
224 0 471 261
224 0 66 97
224 0 135 338
224 0 125 115
224 0 128 230
224 0 168 299
224 0 6 67
224 0 7 118
224 0 463 189
1 U4
412 0 113 224
10 U4
412 0 216 188
412 0 168 94
412 0 518 123
412 0 131 156
412 0 338 70
412 0 460 118
412 0 58 188
412 0 455 151
412 0 202 340
412 0 524 72
8
328 98 22 72
299 196 165 74
561 321 537 309
238 214 200 239
226 189 144 172
303 239 439 139
86 105 127 94
54 133 321 63
