3
4
L1 68 0
U2 463 0
L3 115 0
U4 527 0
20
485 285
68 164
372 40
467 320
73 144
473 251
263 70
16 251
373 178
562 27
262 18
83 33
404 145
274 46
285 135
29 126
79 155
361 260
468 342
264 180
1 L1
18 L1
132 303 68 0
499 208 68 0
304 202 68 0
570 284 68 0
335 152 68 0
430 310 68 0
218 250 68 0
356 102 68 0
141 121 68 0
580 225 68 0
559 235 68 0
548 209 68 0
19 313 68 0
44 92 68 0
465 232 68 0
117 124 68 0
177 246 68 0
152 296 68 0
1 L3
18 L3
532 192 115 0
198 318 115 0
503 112 115 0
366 324 115 0
177 128 115 0
45 279 115 0
293 292 115 0
571 253 115 0
97 117 115 0
275 344 115 0
24 164 115 0
515 86 115 0
277 262 115 0
305 221 115 0
188 97 115 0
214 100 115 0
358 288 115 0
539 206 115 0
1 U2
463 0 570 82
18 U2
463 0 144 198
463 0 499 181
463 0 170 326
463 0 544 347
463 0 283 61
463 0 535 169
463 0 95 215
463 0 332 345
463 0 531 56
463 0 66 211
463 0 473 64
463 0 464 57
463 0 415 262
463 0 494 330
463 0 72 60
463 0 88 177
463 0 381 129
463 0 447 244
1 U4
527 0 394 64
18 U4
527 0 276 245
527 0 401 273
527 0 411 346
527 0 60 346
527 0 488 128
527 0 167 141
527 0 376 152
527 0 367 79
527 0 567 150
527 0 498 127
527 0 357 103
527 0 192 234
527 0 590 247
527 0 436 71
527 0 384 179
527 0 70 253
527 0 191 255
527 0 333 175
4
132 303 203 216
532 192 200 239
499 208 70 155
198 318 141 309
