4
4
L1 382 0
U2 588 0
L3 593 0
U4 445 0
12
556 152
175 183
245 245
234 78
320 242
366 178
599 116
193 240
71 327
178 344
176 68
266 338
2 L1
22 L1
258 264 382 0
176 245 382 0
491 324 382 0
328 103 382 0
81 114 382 0
506 343 382 0
161 284 382 0
51 315 382 0
175 307 382 0
190 107 382 0
575 308 382 0
548 177 382 0
353 344 382 0
424 224 382 0
107 192 382 0
361 97 382 0
381 234 382 0
410 247 382 0
465 151 382 0
459 315 382 0
503 87 382 0
368 276 382 0
2 L3
22 L3
3 74 593 0
233 146 593 0
458 270 593 0
133 100 593 0
278 281 593 0
367 92 593 0
366 124 593 0
421 275 593 0
414 179 593 0
440 105 593 0
589 116 593 0
186 178 593 0
546 170 593 0
334 58 593 0
531 245 593 0
405 214 593 0
210 193 593 0
179 331 593 0
160 179 593 0
253 169 593 0
305 188 593 0
436 135 593 0
2 U2
588 0 419 334
588 0 370 249
22 U2
588 0 139 249
588 0 417 193
588 0 495 251
588 0 430 271
588 0 94 175
588 0 374 94
588 0 316 267
588 0 98 159
588 0 480 161
588 0 529 75
588 0 27 131
588 0 68 175
588 0 98 118
588 0 12 62
588 0 153 267
588 0 568 78
588 0 71 105
588 0 520 204
588 0 220 326
588 0 415 344
588 0 280 304
588 0 137 235
2 U4
445 0 310 337
445 0 69 321
22 U4
445 0 497 77
445 0 202 167
445 0 476 288
445 0 174 324
445 0 330 309
445 0 482 120
445 0 97 93
445 0 374 238
445 0 428 97
445 0 333 62
445 0 392 294
445 0 355 302
445 0 207 152
445 0 47 346
445 0 448 115
445 0 429 78
445 0 533 207
445 0 355 118
445 0 578 220
445 0 282 128
445 0 239 169
445 0 547 78
9
258 264 587 189
3 74 288 194
176 245 436 146
233 146 81 291
491 324 146 104
458 270 339 212
328 103 492 287
133 100 72 241
81 114 425 306
