3
4
L1 511 0
U2 529 0
L3 44 0
U4 183 0
20
51 238
122 9
54 261
568 131
108 112
363 49
139 166
13 16
231 295
588 295
145 325
222 222
433 0
56 202
320 125
119 332
500 212
33 40
447 44
127 5
1 L1
10 L1
387 197 511 0
74 271 511 0
565 68 511 0
260 132 511 0
549 269 511 0
574 160 511 0
220 170 511 0
104 164 511 0
25 165 511 0
373 189 511 0
1 L3
10 L3
420 328 44 0
458 186 44 0
166 325 44 0
142 329 44 0
401 318 44 0
108 228 44 0
431 132 44 0
492 172 44 0
393 159 44 0
495 285 44 0
1 U2
529 0 464 190
10 U2
529 0 211 204
529 0 177 122
529 0 150 72
529 0 287 173
529 0 323 312
529 0 390 109
529 0 90 210
529 0 527 105
529 0 10 95
529 0 442 220
1 U4
183 0 105 174
10 U4
183 0 481 153
183 0 547 335
183 0 129 350
183 0 176 257
183 0 562 332
183 0 505 246
183 0 244 243
183 0 435 120
183 0 458 142
183 0 41 228
4
387 197 370 126
420 328 485 110
74 271 487 189
458 186 551 230
