3
5
L1 156 0
U2 187 0
L3 73 0
U4 242 0
L5 279 0
25
202 254
360 300
505 41
478 313
335 132
487 321
273 326
497 195
372 147
309 32
196 220
145 269
530 272
315 135
9 49
555 3
177 80
249 328
557 265
177 268
476 281
591 294
447 343
8 211
520 5
1 L1
22 L1
250 148 156 0
488 204 156 0
571 290 156 0
134 307 156 0
75 295 156 0
294 204 156 0
38 85 156 0
357 150 156 0
562 294 156 0
289 325 156 0
287 250 156 0
458 303 156 0
577 189 156 0
368 326 156 0
442 101 156 0
211 346 156 0
558 89 156 0
451 276 156 0
16 116 156 0
507 153 156 0
132 203 156 0
431 313 156 0
1 L3
22 L3
378 210 73 0
318 172 73 0
361 253 73 0
82 296 73 0
214 334 73 0
489 111 73 0
313 94 73 0
490 182 73 0
423 284 73 0
247 155 73 0
109 320 73 0
355 187 73 0
380 299 73 0
306 136 73 0
341 99 73 0
455 329 73 0
305 128 73 0
557 167 73 0
459 210 73 0
169 230 73 0
381 260 73 0
106 241 73 0
1 L5
22 L5
555 56 279 0
534 93 279 0
461 258 279 0
96 340 279 0
507 295 279 0
253 192 279 0
530 301 279 0
365 55 279 0
155 81 279 0
326 331 279 0
366 184 279 0
62 193 279 0
522 221 279 0
572 92 279 0
173 199 279 0
326 184 279 0
491 218 279 0
43 255 279 0
389 331 279 0
445 103 279 0
292 186 279 0
565 180 279 0
1 U2
187 0 329 167
22 U2
187 0 254 188
187 0 361 200
187 0 552 338
187 0 97 255
187 0 260 132
187 0 217 304
187 0 465 133
187 0 348 114
187 0 280 192
187 0 41 94
187 0 562 227
187 0 70 150
187 0 285 142
187 0 120 327
187 0 180 239
187 0 25 201
187 0 107 287
187 0 256 318
187 0 135 281
187 0 403 309
187 0 521 198
187 0 495 234
1 U4
242 0 38 94
22 U4
242 0 549 270
242 0 396 251
242 0 243 323
242 0 405 251
242 0 117 69
242 0 510 227
242 0 362 271
242 0 350 299
242 0 507 299
242 0 468 151
242 0 328 95
242 0 178 296
242 0 517 238
242 0 357 220
242 0 58 341
242 0 515 71
242 0 523 122
242 0 388 343
242 0 21 328
242 0 393 297
242 0 475 299
242 0 406 105
11
250 148 25 324
378 210 444 116
555 56 232 198
488 204 16 186
318 172 457 77
534 93 46 168
571 290 559 211
361 253 279 93
461 258 314 312
134 307 313 113
82 296 129 190
