4
3
L1 1 0
U2 558 0
L3 297 0
12
109 238
151 17
291 40
297 167
44 262
222 62
515 207
551 255
71 12
460 331
159 131
154 312
2 L1
18 L1
383 111 1 0
238 211 1 0
109 116 1 0
251 273 1 0
103 137 1 0
236 241 1 0
9 50 1 0
323 162 1 0
213 61 1 0
596 122 1 0
39 316 1 0
316 198 1 0
579 160 1 0
259 75 1 0
483 156 1 0
435 278 1 0
47 139 1 0
283 162 1 0
2 L3
18 L3
346 262 297 0
468 159 297 0
350 349 297 0
24 278 297 0
482 184 297 0
347 329 297 0
128 264 297 0
471 322 297 0
460 115 297 0
556 329 297 0
234 339 297 0
351 100 297 0
542 85 297 0
29 345 297 0
52 173 297 0
53 82 297 0
336 205 297 0
324 199 297 0
2 U2
558 0 231 290
558 0 123 202
18 U2
558 0 54 164
558 0 233 327
558 0 302 79
558 0 237 98
558 0 441 212
558 0 182 214
558 0 67 250
558 0 274 191
558 0 174 257
558 0 84 56
558 0 349 275
558 0 200 103
558 0 268 283
558 0 221 66
558 0 143 187
558 0 359 77
558 0 450 85
558 0 233 175
3
383 111 517 307
346 262 551 105
238 211 299 204
