5
3
L1 496 0
U2 579 0
L3 131 0
15
96 347
568 29
282 332
78 347
430 161
107 175
461 299
241 118
500 267
470 103
366 115
119 198
451 158
598 102
145 212
2 L1
14 L1
382 350 496 0
542 272 496 0
485 128 496 0
594 349 496 0
35 327 496 0
169 57 496 0
481 312 496 0
241 258 496 0
102 165 496 0
508 199 496 0
315 342 496 0
234 237 496 0
267 208 496 0
71 317 496 0
2 L3
14 L3
165 99 131 0
467 60 131 0
117 119 131 0
594 308 131 0
190 53 131 0
379 215 131 0
470 89 131 0
459 320 131 0
581 217 131 0
110 125 131 0
465 59 131 0
35 285 131 0
423 299 131 0
238 125 131 0
2 U2
579 0 215 294
579 0 164 56
14 U2
579 0 288 282
579 0 49 161
579 0 455 187
579 0 37 150
579 0 163 168
579 0 23 282
579 0 104 153
579 0 356 271
579 0 103 87
579 0 173 346
579 0 343 232
579 0 336 109
579 0 229 133
579 0 185 136
3
382 350 596 223
165 99 40 115
542 272 229 80
