3
4
L1 48 0
U2 184 0
L3 565 0
U4 246 0
16
210 11
291 190
19 38
170 146
248 26
468 231
10 277
119 281
368 119
138 68
377 207
88 123
527 206
337 94
137 211
443 290
1 L1
18 L1
470 335 48 0
42 284 48 0
456 69 48 0
176 162 48 0
24 338 48 0
3 128 48 0
236 338 48 0
12 117 48 0
584 319 48 0
366 299 48 0
171 272 48 0
302 321 48 0
77 145 48 0
367 266 48 0
78 241 48 0
145 199 48 0
180 246 48 0
539 216 48 0
1 L3
18 L3
431 73 565 0
477 197 565 0
184 163 565 0
579 208 565 0
204 136 565 0
421 324 565 0
347 158 565 0
237 267 565 0
479 220 565 0
450 200 565 0
543 130 565 0
208 260 565 0
315 169 565 0
160 63 565 0
61 224 565 0
222 90 565 0
176 290 565 0
246 130 565 0
1 U2
184 0 334 334
18 U2
184 0 600 234
184 0 559 227
184 0 406 302
184 0 544 55
184 0 415 174
184 0 481 103
184 0 366 271
184 0 518 341
184 0 347 191
184 0 249 222
184 0 190 167
184 0 291 307
184 0 44 274
184 0 264 96
184 0 259 318
184 0 93 191
184 0 500 167
184 0 212 273
1 U4
246 0 532 187
18 U4
246 0 358 165
246 0 159 122
246 0 166 283
246 0 294 273
246 0 194 135
246 0 238 333
246 0 494 86
246 0 380 154
246 0 112 261
246 0 10 292
246 0 431 329
246 0 538 204
246 0 379 221
246 0 90 61
246 0 343 184
246 0 538 252
246 0 546 251
246 0 360 119
4
470 335 209 78
431 73 427 281
42 284 575 68
477 197 516 344
