3
3
L1 573 0
U2 226 0
L3 191 0
9
319 163
265 176
141 104
591 331
69 32
61 40
486 225
553 157
318 28
1 L1
22 L1
434 139 573 0
317 214 573 0
515 309 573 0
405 323 573 0
31 323 573 0
285 156 573 0
81 334 573 0
230 208 573 0
208 156 573 0
52 265 573 0
497 140 573 0
287 122 573 0
202 63 573 0
219 108 573 0
308 163 573 0
61 160 573 0
124 225 573 0
191 329 573 0
407 139 573 0
569 210 573 0
346 282 573 0
120 291 573 0
1 L3
22 L3
88 325 191 0
495 152 191 0
477 218 191 0
102 95 191 0
414 78 191 0
226 113 191 0
54 284 191 0
217 59 191 0
268 180 191 0
223 133 191 0
312 227 191 0
363 231 191 0
225 50 191 0
136 337 191 0
336 96 191 0
402 122 191 0
211 149 191 0
134 248 191 0
102 296 191 0
360 114 191 0
510 153 191 0
74 168 191 0
1 U2
226 0 97 198
22 U2
226 0 312 244
226 0 595 159
226 0 51 258
226 0 404 332
226 0 228 108
226 0 188 207
226 0 310 192
226 0 215 78
226 0 552 180
226 0 591 178
226 0 171 79
226 0 144 309
226 0 90 214
226 0 51 118
226 0 91 203
226 0 366 165
226 0 83 342
226 0 196 150
226 0 264 213
226 0 393 233
226 0 512 348
226 0 98 268
7
434 139 466 219
88 325 231 289
317 214 218 101
495 152 388 109
515 309 328 189
477 218 527 177
405 323 1 249
