5
6
L1 242 0
U2 335 0
L3 47 0
U4 319 0
L5 337 0
U6 384 0
18
375 123
335 138
413 66
398 46
423 126
458 237
323 232
253 132
496 295
138 100
49 51
200 220
9 222
270 254
277 185
251 152
400 344
155 290
2 L1
18 L1
291 236 242 0
394 204 242 0
170 261 242 0
268 144 242 0
228 231 242 0
224 63 242 0
325 132 242 0
279 101 242 0
65 334 242 0
424 311 242 0
89 148 242 0
242 52 242 0
442 180 242 0
162 101 242 0
299 319 242 0
36 196 242 0
598 245 242 0
118 69 242 0
2 L3
18 L3
125 296 47 0
47 75 47 0
233 297 47 0
247 309 47 0
5 161 47 0
500 192 47 0
573 257 47 0
321 209 47 0
452 271 47 0
239 73 47 0
265 255 47 0
288 313 47 0
471 217 47 0
432 178 47 0
376 166 47 0
34 230 47 0
399 306 47 0
300 179 47 0
2 L5
18 L5
127 280 337 0
361 200 337 0
304 274 337 0
443 317 337 0
354 261 337 0
67 221 337 0
593 113 337 0
71 95 337 0
250 154 337 0
503 275 337 0
409 136 337 0
202 323 337 0
390 270 337 0
2 79 337 0
520 329 337 0
197 350 337 0
383 339 337 0
266 147 337 0
2 U2
335 0 206 176
335 0 592 334
18 U2
335 0 496 304
335 0 417 240
335 0 13 76
335 0 11 73
335 0 287 90
335 0 265 224
335 0 559 341
335 0 81 129
335 0 362 341
335 0 246 86
335 0 246 313
335 0 400 90
335 0 460 239
335 0 502 163
335 0 31 178
335 0 519 108
335 0 393 315
335 0 38 292
2 U4
319 0 213 258
319 0 506 311
18 U4
319 0 290 248
319 0 576 238
319 0 298 309
319 0 160 308
319 0 378 144
319 0 294 115
319 0 464 308
319 0 441 152
319 0 523 312
319 0 591 250
319 0 174 188
319 0 107 301
319 0 554 282
319 0 11 118
319 0 351 304
319 0 450 276
319 0 316 174
319 0 159 149
2 U6
384 0 214 119
384 0 89 182
18 U6
384 0 246 179
384 0 358 211
384 0 227 171
384 0 132 160
384 0 81 240
384 0 323 259
384 0 321 316
384 0 453 224
384 0 492 51
384 0 110 106
384 0 590 125
384 0 367 271
384 0 152 168
384 0 499 89
384 0 306 240
384 0 497 294
384 0 589 182
384 0 463 207
17
291 236 148 241
125 296 50 238
127 280 317 264
394 204 499 163
47 75 146 281
361 200 442 216
170 261 227 270
233 297 252 199
304 274 31 204
268 144 567 349
247 309 114 247
443 317 332 298
228 231 522 245
5 161 539 268
354 261 238 213
224 63 328 226
500 192 367 104
