5
6
L1 460 0
U2 462 0
L3 375 0
U4 513 0
L5 290 0
U6 479 0
24
24 122
89 230
465 244
467 74
79 323
294 276
378 175
420 261
599 324
195 308
12 0
540 47
487 120
330 243
382 11
343 100
595 235
351 200
112 143
257 97
332 66
189 211
537 116
412 141
2 L1
10 L1
40 59 460 0
567 140 460 0
497 65 460 0
145 106 460 0
256 114 460 0
25 340 460 0
534 213 460 0
588 108 460 0
27 337 460 0
150 316 460 0
2 L3
10 L3
415 317 375 0
540 235 375 0
493 209 375 0
11 312 375 0
579 350 375 0
391 97 375 0
580 176 375 0
114 199 375 0
517 107 375 0
29 133 375 0
2 L5
10 L5
170 157 290 0
404 338 290 0
264 136 290 0
205 342 290 0
534 128 290 0
146 348 290 0
306 265 290 0
516 232 290 0
290 253 290 0
253 183 290 0
2 U2
462 0 128 63
462 0 143 154
10 U2
462 0 272 88
462 0 368 152
462 0 408 72
462 0 307 126
462 0 316 299
462 0 356 142
462 0 322 159
462 0 322 53
462 0 160 83
462 0 170 127
2 U4
513 0 149 99
513 0 342 186
10 U4
513 0 598 226
513 0 565 249
513 0 16 288
513 0 202 86
513 0 159 181
513 0 330 338
513 0 497 335
513 0 475 106
513 0 438 303
513 0 0 83
2 U6
479 0 229 296
479 0 447 286
10 U6
479 0 103 236
479 0 526 155
479 0 150 111
479 0 133 161
479 0 81 230
479 0 235 130
479 0 499 227
479 0 11 315
479 0 484 185
479 0 105 260
9
40 59 401 174
415 317 580 263
170 157 15 309
567 140 177 107
540 235 246 209
404 338 242 333
497 65 455 120
493 209 22 339
264 136 253 279
