5
6
L1 406 0
U2 503 0
L3 308 0
U4 131 0
L5 565 0
U6 519 0
24
532 0
333 46
369 88
315 176
376 218
398 188
288 164
579 318
542 250
370 211
552 66
468 231
398 14
98 298
537 138
476 143
444 242
114 301
67 84
110 142
146 64
81 172
240 41
276 334
2 L1
22 L1
293 186 406 0
419 330 406 0
9 337 406 0
535 284 406 0
530 198 406 0
3 243 406 0
292 339 406 0
498 64 406 0
351 188 406 0
90 173 406 0
308 249 406 0
539 112 406 0
461 116 406 0
136 67 406 0
267 99 406 0
511 166 406 0
453 113 406 0
175 288 406 0
291 208 406 0
525 69 406 0
545 132 406 0
181 158 406 0
2 L3
22 L3
242 298 308 0
460 339 308 0
331 205 308 0
42 331 308 0
478 300 308 0
6 299 308 0
577 88 308 0
247 159 308 0
395 264 308 0
203 83 308 0
81 183 308 0
296 272 308 0
394 269 308 0
214 223 308 0
348 87 308 0
114 89 308 0
550 200 308 0
593 297 308 0
590 207 308 0
368 336 308 0
57 90 308 0
265 83 308 0
2 L5
22 L5
455 220 565 0
261 57 565 0
299 55 565 0
27 247 565 0
90 196 565 0
260 105 565 0
537 262 565 0
90 92 565 0
367 116 565 0
10 167 565 0
346 94 565 0
508 145 565 0
284 298 565 0
364 230 565 0
311 221 565 0
366 95 565 0
195 275 565 0
498 286 565 0
141 129 565 0
529 65 565 0
346 197 565 0
477 310 565 0
2 U2
503 0 524 315
503 0 552 319
22 U2
503 0 448 139
503 0 538 77
503 0 10 280
503 0 92 151
503 0 184 60
503 0 205 288
503 0 132 279
503 0 193 212
503 0 100 187
503 0 248 216
503 0 259 260
503 0 378 89
503 0 256 237
503 0 416 144
503 0 45 333
503 0 504 243
503 0 463 101
503 0 47 310
503 0 242 346
503 0 43 272
503 0 451 296
503 0 479 56
2 U4
131 0 535 53
131 0 275 167
22 U4
131 0 196 161
131 0 562 73
131 0 242 173
131 0 369 185
131 0 325 321
131 0 511 143
131 0 378 171
131 0 104 225
131 0 277 324
131 0 348 312
131 0 555 272
131 0 122 195
131 0 487 273
131 0 387 110
131 0 522 316
131 0 390 68
131 0 385 259
131 0 75 113
131 0 342 313
131 0 333 101
131 0 487 210
131 0 288 318
2 U6
519 0 145 60
519 0 559 145
22 U6
519 0 347 87
519 0 426 101
519 0 508 254
519 0 382 241
519 0 130 325
519 0 455 339
519 0 125 283
519 0 457 69
519 0 417 346
519 0 234 59
519 0 52 241
519 0 190 99
519 0 210 321
519 0 289 225
519 0 281 74
519 0 113 312
519 0 203 346
519 0 277 132
519 0 487 126
519 0 420 314
519 0 184 51
519 0 367 316
20
293 186 39 236
242 298 98 272
455 220 321 142
419 330 207 289
460 339 230 268
261 57 234 104
9 337 532 236
331 205 85 277
299 55 241 326
535 284 393 213
42 331 121 250
27 247 433 350
530 198 335 72
478 300 498 114
90 196 100 261
3 243 139 53
6 299 395 51
260 105 254 186
292 339 261 192
577 88 153 76
