3
6
L1 326 0
U2 425 0
L3 68 0
U4 9 0
L5 361 0
U6 21 0
18
107 201
329 248
23 22
488 314
91 77
494 279
142 336
154 126
499 110
277 251
113 65
338 36
200 30
272 138
285 348
518 49
270 194
391 246
1 L1
22 L1
535 95 326 0
590 308 326 0
103 305 326 0
280 328 326 0
476 158 326 0
145 203 326 0
188 321 326 0
90 153 326 0
291 296 326 0
307 155 326 0
569 89 326 0
241 239 326 0
124 89 326 0
378 278 326 0
290 182 326 0
544 307 326 0
530 287 326 0
444 91 326 0
340 144 326 0
94 119 326 0
579 144 326 0
582 262 326 0
1 L3
22 L3
431 228 68 0
522 78 68 0
321 185 68 0
35 186 68 0
15 66 68 0
102 132 68 0
310 95 68 0
291 265 68 0
520 205 68 0
570 219 68 0
488 222 68 0
231 157 68 0
461 52 68 0
165 171 68 0
161 335 68 0
479 307 68 0
522 269 68 0
10 103 68 0
493 243 68 0
127 266 68 0
237 209 68 0
580 238 68 0
1 L5
22 L5
424 122 361 0
136 85 361 0
415 52 361 0
550 196 361 0
218 152 361 0
13 301 361 0
289 231 361 0
546 343 361 0
43 166 361 0
160 115 361 0
160 277 361 0
529 245 361 0
386 154 361 0
284 227 361 0
244 229 361 0
55 124 361 0
15 175 361 0
4 316 361 0
92 139 361 0
580 220 361 0
382 333 361 0
205 131 361 0
1 U2
425 0 363 166
22 U2
425 0 17 326
425 0 157 221
425 0 392 234
425 0 548 216
425 0 328 177
425 0 208 120
425 0 15 57
425 0 330 327
425 0 197 142
425 0 103 252
425 0 488 189
425 0 479 281
425 0 260 307
425 0 29 91
425 0 288 284
425 0 56 253
425 0 596 165
425 0 276 278
425 0 253 159
425 0 300 176
425 0 464 330
425 0 159 108
1 U4
9 0 305 290
22 U4
9 0 352 84
9 0 282 217
9 0 189 244
9 0 509 228
9 0 305 68
9 0 228 148
9 0 410 98
9 0 527 303
9 0 458 195
9 0 376 122
9 0 599 304
9 0 331 142
9 0 172 121
9 0 567 273
9 0 441 100
9 0 368 202
9 0 287 116
9 0 285 61
9 0 54 271
9 0 333 174
9 0 88 140
9 0 338 213
1 U6
21 0 463 290
22 U6
21 0 434 252
21 0 455 104
21 0 588 78
21 0 35 144
21 0 118 327
21 0 96 121
21 0 162 117
21 0 438 172
21 0 153 81
21 0 138 323
21 0 269 136
21 0 90 70
21 0 361 164
21 0 584 142
21 0 218 332
21 0 504 106
21 0 126 148
21 0 439 306
21 0 109 292
21 0 23 309
21 0 194 70
21 0 299 234
20
535 95 66 330
431 228 217 201
424 122 52 90
590 308 34 266
522 78 569 59
136 85 109 151
103 305 252 274
321 185 353 55
415 52 193 141
280 328 109 91
35 186 109 347
550 196 218 288
476 158 428 314
15 66 307 203
218 152 290 115
145 203 135 275
102 132 468 291
13 301 589 282
188 321 239 68
310 95 496 117
