4
3
L1 599 0
U2 142 0
L3 153 0
9
457 157
217 163
458 26
358 345
103 236
532 83
398 325
387 172
238 114
2 L1
10 L1
104 313 599 0
439 203 599 0
500 338 599 0
148 294 599 0
265 231 599 0
57 75 599 0
458 123 599 0
299 212 599 0
13 265 599 0
289 306 599 0
2 L3
10 L3
587 313 153 0
241 291 153 0
322 348 153 0
468 274 153 0
225 114 153 0
290 256 153 0
596 201 153 0
301 309 153 0
418 83 153 0
555 327 153 0
2 U2
142 0 160 167
142 0 122 323
10 U2
142 0 86 197
142 0 404 193
142 0 199 299
142 0 91 246
142 0 320 284
142 0 343 217
142 0 326 96
142 0 410 150
142 0 131 336
142 0 42 131
5
104 313 428 207
587 313 75 314
439 203 84 336
241 291 37 250
500 338 537 347
