5
4
L1 353 0
U2 350 0
L3 380 0
U4 140 0
20
563 328
273 221
285 226
216 67
303 70
225 308
285 206
499 140
356 151
541 213
475 124
510 289
386 59
276 340
311 6
363 172
23 41
186 272
79 175
552 171
2 L1
18 L1
103 278 353 0
586 220 353 0
550 256 353 0
308 253 353 0
261 146 353 0
252 176 353 0
425 312 353 0
284 110 353 0
192 291 353 0
391 340 353 0
479 181 353 0
115 156 353 0
269 311 353 0
285 300 353 0
455 208 353 0
159 110 353 0
154 323 353 0
309 96 353 0
2 L3
18 L3
154 321 380 0
544 238 380 0
209 104 380 0
549 248 380 0
177 169 380 0
334 128 380 0
39 242 380 0
25 68 380 0
424 160 380 0
117 339 380 0
468 226 380 0
286 178 380 0
589 322 380 0
422 171 380 0
221 88 380 0
50 278 380 0
588 322 380 0
19 299 380 0
2 U2
350 0 251 300
350 0 283 274
18 U2
350 0 458 98
350 0 382 301
350 0 147 173
350 0 334 201
350 0 253 176
350 0 291 171
350 0 479 305
350 0 185 306
350 0 244 198
350 0 164 105
350 0 274 109
350 0 422 209
350 0 15 178
350 0 490 172
350 0 150 291
350 0 117 344
350 0 237 126
350 0 73 121
2 U4
140 0 470 289
140 0 443 52
18 U4
140 0 406 94
140 0 377 111
140 0 169 127
140 0 310 151
140 0 286 171
140 0 569 58
140 0 7 96
140 0 210 253
140 0 590 346
140 0 537 252
140 0 230 112
140 0 482 153
140 0 458 196
140 0 471 152
140 0 319 310
140 0 591 84
140 0 492 191
140 0 304 305
4
103 278 592 98
154 321 142 119
586 220 196 156
544 238 143 135
