4
3
L1 523 0
U2 131 0
L3 417 0
15
151 141
543 317
416 130
470 297
390 209
14 82
448 298
63 85
579 211
173 266
504 76
531 213
90 23
150 201
366 345
2 L1
14 L1
441 207 523 0
145 149 523 0
25 149 523 0
490 110 523 0
200 59 523 0
138 217 523 0
440 104 523 0
420 66 523 0
173 58 523 0
468 310 523 0
206 215 523 0
298 130 523 0
35 134 523 0
550 263 523 0
2 L3
14 L3
242 171 417 0
407 262 417 0
324 247 417 0
271 99 417 0
485 149 417 0
148 251 417 0
486 180 417 0
347 52 417 0
7 125 417 0
457 65 417 0
173 132 417 0
462 269 417 0
333 328 417 0
267 101 417 0
2 U2
131 0 505 86
131 0 240 202
14 U2
131 0 502 334
131 0 315 74
131 0 437 199
131 0 57 254
131 0 284 144
131 0 294 61
131 0 171 272
131 0 45 125
131 0 308 210
131 0 184 240
131 0 251 251
131 0 280 172
131 0 199 295
131 0 309 272
5
441 207 573 108
242 171 299 205
145 149 518 168
407 262 386 134
25 149 554 281
