4
5
L1 394 0
U2 545 0
L3 505 0
U4 207 0
L5 437 0
25
384 29
452 19
207 170
25 264
91 192
343 68
10 9
120 15
232 99
397 119
301 23
289 130
148 76
312 303
13 278
422 294
567 115
380 251
251 269
127 4
449 137
370 116
362 185
391 181
91 135
2 L1
10 L1
310 120 394 0
79 296 394 0
318 217 394 0
116 350 394 0
446 284 394 0
202 205 394 0
354 105 394 0
100 243 394 0
148 129 394 0
528 201 394 0
2 L3
10 L3
579 76 505 0
538 171 505 0
81 66 505 0
528 75 505 0
523 258 505 0
238 247 505 0
307 137 505 0
208 206 505 0
67 261 505 0
106 70 505 0
2 L5
10 L5
343 330 437 0
242 235 437 0
403 128 437 0
12 97 437 0
120 350 437 0
186 345 437 0
108 317 437 0
132 52 437 0
339 235 437 0
448 208 437 0
2 U2
545 0 133 53
545 0 171 128
10 U2
545 0 370 335
545 0 324 197
545 0 148 92
545 0 514 102
545 0 38 220
545 0 188 237
545 0 600 304
545 0 65 72
545 0 276 123
545 0 426 160
2 U4
207 0 205 325
207 0 393 96
10 U4
207 0 258 307
207 0 363 252
207 0 508 159
207 0 535 342
207 0 432 300
207 0 116 287
207 0 266 160
207 0 431 174
207 0 460 289
207 0 404 81
3
310 120 487 149
579 76 521 298
343 330 284 217
