5
3
L1 506 0
U2 84 0
L3 289 0
12
249 250
561 299
180 169
156 205
262 258
443 73
458 246
592 105
277 145
429 159
27 318
77 95
2 L1
18 L1
364 105 506 0
316 227 506 0
222 317 506 0
433 210 506 0
357 261 506 0
484 52 506 0
482 143 506 0
324 205 506 0
322 312 506 0
406 261 506 0
454 295 506 0
458 205 506 0
356 68 506 0
320 57 506 0
554 348 506 0
280 81 506 0
552 159 506 0
299 121 506 0
2 L3
18 L3
210 327 289 0
492 144 289 0
381 329 289 0
9 269 289 0
220 179 289 0
402 100 289 0
25 193 289 0
514 247 289 0
503 86 289 0
148 230 289 0
399 165 289 0
515 259 289 0
598 232 289 0
513 102 289 0
325 77 289 0
52 216 289 0
327 201 289 0
236 105 289 0
2 U2
84 0 28 147
84 0 444 190
18 U2
84 0 125 89
84 0 63 134
84 0 347 166
84 0 546 217
84 0 331 116
84 0 46 202
84 0 356 198
84 0 56 309
84 0 554 151
84 0 496 81
84 0 318 52
84 0 259 311
84 0 154 168
84 0 107 297
84 0 300 110
84 0 454 303
84 0 301 270
84 0 408 210
9
364 105 276 322
210 327 297 220
316 227 495 218
492 144 334 335
222 317 191 274
381 329 224 285
433 210 263 347
9 269 517 143
357 261 157 236
