3
6
L1 334 0
U2 441 0
L3 579 0
U4 435 0
L5 230 0
U6 525 0
24
476 176
467 331
150 51
542 339
233 202
343 141
206 335
469 321
335 236
326 149
58 249
3 300
0 47
37 228
390 336
450 169
447 196
461 259
328 235
335 39
8 183
599 260
195 17
344 0
1 L1
22 L1
47 265 334 0
434 181 334 0
443 67 334 0
249 150 334 0
114 166 334 0
346 267 334 0
1 155 334 0
490 303 334 0
242 237 334 0
384 278 334 0
568 193 334 0
526 157 334 0
22 174 334 0
49 312 334 0
435 229 334 0
540 270 334 0
336 139 334 0
530 348 334 0
128 234 334 0
170 226 334 0
363 56 334 0
564 58 334 0
1 L3
22 L3
336 259 579 0
598 240 579 0
503 279 579 0
249 209 579 0
4 186 579 0
117 202 579 0
508 75 579 0
528 52 579 0
334 113 579 0
392 203 579 0
405 240 579 0
272 246 579 0
20 163 579 0
106 138 579 0
314 339 579 0
414 58 579 0
399 140 579 0
535 308 579 0
411 250 579 0
165 336 579 0
117 216 579 0
148 323 579 0
1 L5
22 L5
432 100 230 0
112 194 230 0
106 105 230 0
119 241 230 0
557 66 230 0
408 330 230 0
112 72 230 0
34 257 230 0
198 350 230 0
363 295 230 0
471 55 230 0
241 111 230 0
17 136 230 0
571 303 230 0
248 293 230 0
70 324 230 0
563 246 230 0
488 224 230 0
234 172 230 0
557 194 230 0
412 347 230 0
307 190 230 0
1 U2
441 0 35 132
22 U2
441 0 104 233
441 0 62 282
441 0 8 233
441 0 262 90
441 0 16 239
441 0 390 170
441 0 494 258
441 0 236 229
441 0 371 243
441 0 291 325
441 0 361 282
441 0 473 128
441 0 468 226
441 0 272 54
441 0 44 124
441 0 337 108
441 0 425 338
441 0 456 173
441 0 337 145
441 0 426 214
441 0 468 303
441 0 38 249
1 U4
435 0 570 303
22 U4
435 0 509 298
435 0 473 225
435 0 119 260
435 0 7 157
435 0 397 230
435 0 54 175
435 0 123 280
435 0 358 129
435 0 17 231
435 0 15 69
435 0 481 325
435 0 102 83
435 0 118 60
435 0 440 178
435 0 530 313
435 0 590 120
435 0 167 326
435 0 13 314
435 0 9 283
435 0 329 225
435 0 519 202
435 0 41 184
1 U6
525 0 527 256
22 U6
525 0 240 222
525 0 320 335
525 0 54 318
525 0 210 120
525 0 468 62
525 0 230 55
525 0 171 136
525 0 88 154
525 0 327 94
525 0 146 253
525 0 536 302
525 0 492 271
525 0 436 335
525 0 83 80
525 0 236 326
525 0 436 325
525 0 517 68
525 0 228 321
525 0 204 60
525 0 328 317
525 0 450 194
525 0 503 219
14
47 265 330 107
336 259 162 86
432 100 181 285
434 181 200 58
598 240 490 239
112 194 503 199
443 67 337 328
503 279 180 194
106 105 62 237
249 150 272 135
249 209 245 278
119 241 85 111
114 166 89 315
4 186 166 200
