3
3
L1 574 0
U2 516 0
L3 277 0
15
102 252
346 261
168 46
378 2
484 189
76 307
397 151
351 22
335 46
556 312
289 37
383 224
400 191
108 237
364 221
1 L1
22 L1
440 73 574 0
5 320 574 0
176 297 574 0
400 115 574 0
179 273 574 0
172 192 574 0
47 55 574 0
540 177 574 0
317 220 574 0
310 87 574 0
42 329 574 0
20 93 574 0
413 115 574 0
97 82 574 0
73 121 574 0
597 151 574 0
589 64 574 0
227 302 574 0
511 144 574 0
555 244 574 0
476 341 574 0
461 109 574 0
1 L3
22 L3
241 174 277 0
149 341 277 0
145 176 277 0
573 227 277 0
323 199 277 0
412 169 277 0
440 76 277 0
71 84 277 0
339 204 277 0
62 271 277 0
320 97 277 0
12 62 277 0
365 222 277 0
362 143 277 0
350 200 277 0
289 72 277 0
112 176 277 0
419 165 277 0
287 108 277 0
151 56 277 0
199 89 277 0
459 68 277 0
1 U2
516 0 569 205
22 U2
516 0 127 312
516 0 239 50
516 0 435 330
516 0 21 221
516 0 529 145
516 0 213 260
516 0 239 343
516 0 75 248
516 0 520 143
516 0 419 98
516 0 184 154
516 0 172 267
516 0 171 270
516 0 189 50
516 0 402 293
516 0 584 302
516 0 139 331
516 0 543 186
516 0 477 318
516 0 214 127
516 0 466 316
516 0 416 131
7
440 73 131 159
241 174 96 198
5 320 80 283
149 341 528 75
176 297 521 300
145 176 309 189
400 115 310 62
