5
3
L1 473 0
U2 562 0
L3 452 0
15
491 204
396 268
290 58
479 55
103 281
539 172
285 238
431 250
181 344
581 117
82 269
260 20
63 56
342 190
124 158
2 L1
22 L1
342 287 473 0
490 290 473 0
318 286 473 0
361 159 473 0
425 281 473 0
192 206 473 0
434 140 473 0
384 80 473 0
47 54 473 0
392 274 473 0
60 65 473 0
483 143 473 0
585 318 473 0
59 350 473 0
133 68 473 0
276 148 473 0
21 161 473 0
153 346 473 0
131 287 473 0
194 211 473 0
261 316 473 0
381 211 473 0
2 L3
22 L3
103 199 452 0
583 159 452 0
17 183 452 0
432 207 452 0
437 145 452 0
233 350 452 0
87 73 452 0
505 83 452 0
348 181 452 0
269 292 452 0
57 339 452 0
552 163 452 0
189 150 452 0
356 159 452 0
323 336 452 0
120 161 452 0
27 329 452 0
280 97 452 0
572 194 452 0
174 185 452 0
587 337 452 0
234 72 452 0
2 U2
562 0 387 199
562 0 169 122
22 U2
562 0 35 89
562 0 454 189
562 0 76 194
562 0 91 300
562 0 508 339
562 0 237 197
562 0 61 243
562 0 347 267
562 0 259 74
562 0 501 287
562 0 436 187
562 0 507 73
562 0 80 170
562 0 244 184
562 0 78 56
562 0 88 342
562 0 540 67
562 0 81 207
562 0 62 201
562 0 522 312
562 0 375 182
562 0 552 65
7
342 287 33 307
103 199 4 257
490 290 542 102
583 159 434 106
318 286 89 93
17 183 446 283
361 159 505 277
