3
3
L1 55 0
U2 487 0
L3 498 0
12
13 16
385 20
368 19
590 217
151 28
166 123
409 40
283 93
76 123
316 142
443 36
338 145
1 L1
14 L1
192 345 55 0
412 120 55 0
536 139 55 0
272 91 55 0
466 229 55 0
146 72 55 0
529 84 55 0
291 113 55 0
522 340 55 0
139 228 55 0
552 95 55 0
234 176 55 0
258 130 55 0
45 115 55 0
1 L3
14 L3
578 256 498 0
594 128 498 0
414 130 498 0
316 126 498 0
238 71 498 0
301 137 498 0
571 168 498 0
535 180 498 0
502 97 498 0
48 301 498 0
226 343 498 0
462 116 498 0
200 347 498 0
88 73 498 0
1 U2
487 0 30 179
14 U2
487 0 361 303
487 0 459 181
487 0 454 316
487 0 353 94
487 0 1 150
487 0 393 309
487 0 353 172
487 0 342 212
487 0 149 117
487 0 111 184
487 0 216 155
487 0 382 62
487 0 299 321
487 0 158 126
5
192 345 317 246
578 256 552 88
412 120 102 234
594 128 412 73
536 139 518 108
