5
4
L1 90 0
U2 475 0
L3 326 0
U4 475 0
20
123 340
433 308
594 166
60 202
0 294
284 183
596 117
35 43
357 137
209 185
530 145
302 178
517 31
59 65
427 69
376 340
241 90
27 245
221 305
188 305
2 L1
10 L1
156 263 90 0
152 339 90 0
103 273 90 0
6 297 90 0
15 116 90 0
58 341 90 0
370 98 90 0
176 163 90 0
326 307 90 0
407 268 90 0
2 L3
10 L3
89 61 326 0
500 329 326 0
562 347 326 0
66 66 326 0
73 199 326 0
587 335 326 0
262 109 326 0
273 280 326 0
430 78 326 0
17 140 326 0
2 U2
475 0 417 336
475 0 80 109
10 U2
475 0 425 216
475 0 232 289
475 0 264 205
475 0 206 347
475 0 430 112
475 0 338 204
475 0 232 219
475 0 593 100
475 0 52 217
475 0 80 70
2 U4
475 0 88 172
475 0 437 84
10 U4
475 0 19 298
475 0 42 55
475 0 457 110
475 0 507 134
475 0 279 342
475 0 186 256
475 0 81 329
475 0 406 165
475 0 214 340
475 0 65 87
4
156 263 189 255
89 61 143 164
152 339 579 221
500 329 541 328
