5
3
L1 17 0
U2 555 0
L3 111 0
12
280 334
79 63
35 198
342 173
95 166
483 266
48 300
146 142
191 5
500 110
366 231
238 221
2 L1
10 L1
241 217 17 0
241 237 17 0
162 207 17 0
595 74 17 0
266 142 17 0
462 309 17 0
597 54 17 0
158 171 17 0
301 81 17 0
114 197 17 0
2 L3
10 L3
567 232 111 0
531 210 111 0
190 82 111 0
317 79 111 0
459 202 111 0
517 200 111 0
319 101 111 0
462 250 111 0
98 297 111 0
65 92 111 0
2 U2
555 0 389 65
555 0 93 293
10 U2
555 0 296 325
555 0 230 294
555 0 18 174
555 0 350 149
555 0 485 70
555 0 584 161
555 0 241 211
555 0 436 77
555 0 190 125
555 0 439 288
5
241 217 553 247
567 232 293 251
241 237 54 262
531 210 152 318
162 207 61 246
