4
3
L1 375 0
U2 187 0
L3 536 0
12
161 79
492 341
135 166
87 278
334 37
510 261
426 191
31 119
343 279
392 287
117 185
251 105
2 L1
10 L1
147 51 375 0
481 215 375 0
563 342 375 0
177 252 375 0
447 142 375 0
504 154 375 0
595 108 375 0
82 260 375 0
16 324 375 0
199 81 375 0
2 L3
10 L3
236 259 536 0
567 270 536 0
111 154 536 0
206 240 536 0
32 84 536 0
553 81 536 0
239 105 536 0
148 73 536 0
216 255 536 0
408 178 536 0
2 U2
187 0 220 145
187 0 283 260
10 U2
187 0 445 170
187 0 382 289
187 0 411 157
187 0 211 303
187 0 459 297
187 0 297 339
187 0 20 280
187 0 404 144
187 0 61 227
187 0 176 252
2
147 51 403 183
236 259 375 110
