3
4
L1 253 0
U2 311 0
L3 146 0
U4 520 0
12
267 184
105 233
214 44
8 345
408 8
31 336
326 150
146 263
260 9
176 301
86 184
571 162
1 L1
18 L1
202 61 253 0
243 75 253 0
426 196 253 0
291 108 253 0
47 321 253 0
139 256 253 0
587 290 253 0
254 111 253 0
222 222 253 0
192 292 253 0
334 342 253 0
449 130 253 0
147 96 253 0
115 77 253 0
436 111 253 0
343 303 253 0
207 294 253 0
173 68 253 0
1 L3
18 L3
59 107 146 0
193 191 146 0
89 223 146 0
535 94 146 0
482 119 146 0
108 269 146 0
25 250 146 0
16 120 146 0
32 302 146 0
324 278 146 0
414 238 146 0
381 146 146 0
54 211 146 0
466 235 146 0
455 293 146 0
119 128 146 0
392 56 146 0
103 86 146 0
1 U2
311 0 371 74
18 U2
311 0 374 232
311 0 570 145
311 0 132 218
311 0 273 296
311 0 349 339
311 0 58 60
311 0 571 105
311 0 180 320
311 0 216 180
311 0 571 325
311 0 270 294
311 0 265 118
311 0 235 239
311 0 414 111
311 0 131 253
311 0 167 322
311 0 533 327
311 0 82 326
1 U4
520 0 589 218
18 U4
520 0 108 78
520 0 567 275
520 0 298 203
520 0 114 112
520 0 223 267
520 0 136 228
520 0 535 186
520 0 380 232
520 0 115 109
520 0 155 334
520 0 163 83
520 0 59 314
520 0 467 139
520 0 429 209
520 0 136 199
520 0 267 327
520 0 434 95
520 0 268 203
11
202 61 41 196
59 107 193 199
243 75 532 183
193 191 67 65
426 196 467 76
89 223 294 210
291 108 498 212
535 94 313 267
47 321 493 340
482 119 385 313
139 256 49 332
