3
4
L1 142 0
U2 268 0
L3 437 0
U4 360 0
12
208 1
423 252
542 111
600 299
534 180
95 158
46 328
18 95
384 131
557 10
466 305
39 85
1 L1
22 L1
388 206 142 0
584 85 142 0
114 170 142 0
418 220 142 0
183 147 142 0
239 180 142 0
292 118 142 0
280 57 142 0
265 68 142 0
175 177 142 0
166 66 142 0
573 315 142 0
224 317 142 0
82 112 142 0
203 123 142 0
498 99 142 0
135 184 142 0
350 192 142 0
519 262 142 0
388 198 142 0
320 197 142 0
553 141 142 0
1 L3
22 L3
287 169 437 0
138 187 437 0
279 282 437 0
526 160 437 0
60 278 437 0
330 328 437 0
268 53 437 0
161 149 437 0
27 203 437 0
220 182 437 0
580 251 437 0
513 195 437 0
56 78 437 0
375 248 437 0
53 107 437 0
445 294 437 0
466 344 437 0
502 152 437 0
434 71 437 0
441 285 437 0
466 266 437 0
163 97 437 0
1 U2
268 0 59 284
22 U2
268 0 273 238
268 0 467 74
268 0 185 315
268 0 91 156
268 0 386 236
268 0 169 64
268 0 367 134
268 0 107 144
268 0 469 271
268 0 442 236
268 0 49 52
268 0 582 60
268 0 173 91
268 0 340 242
268 0 22 273
268 0 382 160
268 0 360 120
268 0 61 167
268 0 376 225
268 0 6 109
268 0 394 190
268 0 495 322
1 U4
360 0 318 58
22 U4
360 0 558 142
360 0 310 296
360 0 592 220
360 0 461 155
360 0 517 65
360 0 404 85
360 0 304 242
360 0 295 186
360 0 218 161
360 0 429 216
360 0 136 104
360 0 242 85
360 0 504 118
360 0 13 171
360 0 554 257
360 0 28 314
360 0 176 326
360 0 505 311
360 0 501 151
360 0 449 331
360 0 130 66
360 0 493 305
14
388 206 91 139
287 169 294 83
584 85 345 89
138 187 516 309
114 170 445 327
279 282 596 159
418 220 356 350
526 160 352 208
183 147 551 180
60 278 372 288
239 180 173 156
330 328 208 195
292 118 334 277
268 53 122 276
