5
6
L1 291 0
U2 47 0
L3 114 0
U4 476 0
L5 284 0
U6 129 0
30
392 348
457 156
69 261
213 159
47 326
372 210
597 177
214 247
506 341
98 1
539 333
295 273
527 133
158 325
501 258
283 45
353 153
18 287
272 292
465 295
596 237
368 112
377 21
517 100
55 20
558 141
493 180
380 307
23 308
391 8
2 L1
18 L1
582 227 291 0
221 199 291 0
124 257 291 0
290 248 291 0
266 209 291 0
336 316 291 0
576 348 291 0
265 108 291 0
260 105 291 0
239 330 291 0
546 161 291 0
26 79 291 0
252 70 291 0
177 88 291 0
184 97 291 0
571 317 291 0
127 326 291 0
37 94 291 0
2 L3
18 L3
202 187 114 0
311 158 114 0
256 64 114 0
285 158 114 0
560 289 114 0
252 203 114 0
582 50 114 0
488 341 114 0
518 124 114 0
316 118 114 0
441 269 114 0
475 274 114 0
192 139 114 0
600 98 114 0
491 336 114 0
143 339 114 0
502 171 114 0
572 232 114 0
2 L5
18 L5
235 111 284 0
313 349 284 0
255 281 284 0
306 309 284 0
211 98 284 0
441 339 284 0
500 80 284 0
530 163 284 0
529 282 284 0
541 222 284 0
566 67 284 0
557 347 284 0
468 216 284 0
563 288 284 0
557 191 284 0
71 348 284 0
408 55 284 0
206 221 284 0
2 U2
47 0 467 304
47 0 257 68
18 U2
47 0 402 288
47 0 238 241
47 0 384 129
47 0 1 246
47 0 166 188
47 0 369 274
47 0 334 103
47 0 166 284
47 0 57 85
47 0 549 253
47 0 55 120
47 0 367 212
47 0 246 317
47 0 42 279
47 0 33 219
47 0 131 332
47 0 358 96
47 0 454 105
2 U4
476 0 271 260
476 0 369 246
18 U4
476 0 274 214
476 0 326 99
476 0 138 153
476 0 105 153
476 0 166 179
476 0 567 341
476 0 460 190
476 0 182 112
476 0 31 106
476 0 40 222
476 0 439 139
476 0 96 265
476 0 560 282
476 0 416 318
476 0 579 112
476 0 521 217
476 0 196 307
476 0 172 181
2 U6
129 0 251 275
129 0 102 221
18 U6
129 0 377 156
129 0 142 284
129 0 549 166
129 0 371 183
129 0 514 259
129 0 127 278
129 0 280 312
129 0 407 100
129 0 220 302
129 0 220 202
129 0 322 338
129 0 159 247
129 0 513 222
129 0 250 268
129 0 526 220
129 0 300 326
129 0 244 287
129 0 567 266
17
582 227 465 120
202 187 547 342
235 111 540 214
221 199 105 209
311 158 593 180
313 349 84 93
124 257 222 248
256 64 151 262
255 281 304 248
290 248 140 89
285 158 260 217
306 309 328 182
266 209 592 50
560 289 599 129
211 98 309 211
336 316 459 289
252 203 362 104
