5
4
L1 531 0
U2 32 0
L3 452 0
U4 597 0
12
575 127
2 101
224 63
236 122
321 35
96 338
324 237
103 43
209 185
490 94
499 142
64 161
2 L1
14 L1
87 124 531 0
502 323 531 0
35 142 531 0
468 212 531 0
15 118 531 0
26 350 531 0
93 273 531 0
21 222 531 0
306 171 531 0
265 142 531 0
225 347 531 0
235 343 531 0
401 307 531 0
452 231 531 0
2 L3
14 L3
250 319 452 0
66 99 452 0
434 332 452 0
134 294 452 0
514 170 452 0
413 330 452 0
486 127 452 0
514 277 452 0
401 166 452 0
441 347 452 0
456 81 452 0
437 196 452 0
21 338 452 0
560 126 452 0
2 U2
32 0 318 83
32 0 337 151
14 U2
32 0 580 100
32 0 535 84
32 0 215 265
32 0 519 256
32 0 283 249
32 0 39 70
32 0 196 191
32 0 161 124
32 0 87 305
32 0 51 210
32 0 250 238
32 0 62 341
32 0 234 138
32 0 9 116
2 U4
597 0 80 196
597 0 187 257
14 U4
597 0 124 70
597 0 207 255
597 0 127 162
597 0 138 338
597 0 308 350
597 0 358 58
597 0 105 213
597 0 205 253
597 0 271 150
597 0 299 329
597 0 413 219
597 0 86 225
597 0 504 76
597 0 17 303
9
87 124 52 53
250 319 118 337
502 323 199 59
66 99 49 87
35 142 188 286
434 332 445 212
468 212 507 195
134 294 252 65
15 118 68 148
