5
4
L1 308 0
U2 68 0
L3 536 0
U4 329 0
16
91 96
363 66
404 90
235 274
391 55
166 233
471 192
50 224
130 312
119 233
345 108
572 306
262 219
270 279
260 199
156 265
2 L1
18 L1
311 233 308 0
140 69 308 0
445 208 308 0
236 206 308 0
370 238 308 0
30 304 308 0
420 320 308 0
412 304 308 0
414 170 308 0
191 249 308 0
443 101 308 0
400 106 308 0
315 72 308 0
386 58 308 0
336 140 308 0
48 144 308 0
327 219 308 0
481 154 308 0
2 L3
18 L3
536 80 536 0
504 133 536 0
204 224 536 0
289 279 536 0
118 289 536 0
274 176 536 0
299 191 536 0
325 57 536 0
140 207 536 0
79 56 536 0
319 277 536 0
207 345 536 0
137 260 536 0
234 131 536 0
176 82 536 0
468 135 536 0
229 179 536 0
143 258 536 0
2 U2
68 0 267 97
68 0 222 305
18 U2
68 0 345 84
68 0 246 236
68 0 502 271
68 0 278 314
68 0 334 276
68 0 551 237
68 0 302 324
68 0 156 91
68 0 75 193
68 0 31 200
68 0 372 312
68 0 32 161
68 0 196 101
68 0 159 232
68 0 6 311
68 0 23 139
68 0 388 349
68 0 512 64
2 U4
329 0 329 226
329 0 36 215
18 U4
329 0 534 62
329 0 549 350
329 0 96 126
329 0 502 235
329 0 79 95
329 0 361 287
329 0 364 142
329 0 75 215
329 0 592 212
329 0 350 76
329 0 258 115
329 0 193 93
329 0 367 280
329 0 288 77
329 0 564 180
329 0 325 275
329 0 389 339
329 0 441 183
8
311 233 451 111
536 80 353 164
140 69 199 263
504 133 388 71
445 208 356 128
204 224 257 161
236 206 355 244
289 279 126 347
