4
3
L1 507 0
U2 123 0
L3 69 0
15
418 150
94 58
253 170
205 144
440 122
394 153
357 321
81 99
185 45
482 236
370 261
109 30
536 139
441 175
594 17
2 L1
14 L1
315 158 507 0
54 131 507 0
507 254 507 0
38 225 507 0
363 54 507 0
173 94 507 0
148 116 507 0
297 112 507 0
522 292 507 0
418 142 507 0
112 95 507 0
392 172 507 0
305 213 507 0
257 97 507 0
2 L3
14 L3
231 296 69 0
117 237 69 0
137 83 69 0
44 169 69 0
476 215 69 0
477 194 69 0
565 275 69 0
486 215 69 0
535 58 69 0
2 206 69 0
416 239 69 0
252 130 69 0
519 148 69 0
205 135 69 0
2 U2
123 0 496 76
123 0 234 287
14 U2
123 0 430 161
123 0 379 289
123 0 94 167
123 0 567 263
123 0 257 82
123 0 137 207
123 0 92 177
123 0 545 277
123 0 115 180
123 0 142 189
123 0 251 124
123 0 578 326
123 0 460 139
123 0 27 285
3
315 158 503 74
231 296 245 229
54 131 370 212
