3
3
L1 146 0
U2 284 0
L3 366 0
12
297 95
497 255
287 135
227 17
101 284
17 289
264 17
26 292
345 344
287 278
415 313
490 343
1 L1
22 L1
546 248 146 0
326 149 146 0
564 170 146 0
327 207 146 0
470 337 146 0
325 226 146 0
173 213 146 0
472 103 146 0
154 233 146 0
29 64 146 0
195 207 146 0
100 64 146 0
104 135 146 0
36 54 146 0
449 238 146 0
314 129 146 0
289 199 146 0
486 129 146 0
42 149 146 0
50 301 146 0
349 323 146 0
61 304 146 0
1 L3
22 L3
268 114 366 0
248 344 366 0
248 236 366 0
489 318 366 0
122 109 366 0
127 301 366 0
51 111 366 0
239 118 366 0
490 238 366 0
431 292 366 0
586 197 366 0
132 124 366 0
96 330 366 0
370 72 366 0
236 200 366 0
122 196 366 0
407 350 366 0
325 339 366 0
1 108 366 0
316 345 366 0
414 262 366 0
113 149 366 0
1 U2
284 0 77 177
22 U2
284 0 468 234
284 0 216 111
284 0 165 105
284 0 490 94
284 0 279 55
284 0 237 322
284 0 239 84
284 0 70 146
284 0 495 111
284 0 565 220
284 0 78 178
284 0 130 113
284 0 565 201
284 0 587 61
284 0 204 290
284 0 508 177
284 0 552 231
284 0 299 160
284 0 89 210
284 0 194 266
284 0 415 65
284 0 480 74
7
546 248 196 282
268 114 574 170
326 149 331 301
248 344 269 105
564 170 511 130
248 236 162 204
327 207 467 85
