3
3
L1 4 0
U2 99 0
L3 54 0
9
62 240
281 262
416 215
390 221
147 127
141 157
8 226
572 218
433 229
1 L1
18 L1
12 283 4 0
233 220 4 0
64 137 4 0
153 108 4 0
353 106 4 0
353 184 4 0
553 74 4 0
571 195 4 0
40 216 4 0
360 202 4 0
370 233 4 0
276 321 4 0
410 326 4 0
548 157 4 0
258 306 4 0
206 263 4 0
554 323 4 0
180 289 4 0
1 L3
18 L3
438 81 54 0
113 99 54 0
514 70 54 0
272 291 54 0
369 228 54 0
397 297 54 0
88 168 54 0
6 71 54 0
442 345 54 0
178 168 54 0
490 175 54 0
594 326 54 0
101 210 54 0
283 277 54 0
184 74 54 0
405 243 54 0
26 99 54 0
383 65 54 0
1 U2
99 0 275 229
18 U2
99 0 475 71
99 0 131 332
99 0 4 332
99 0 208 348
99 0 16 98
99 0 382 93
99 0 387 156
99 0 33 203
99 0 334 349
99 0 526 171
99 0 238 71
99 0 194 108
99 0 16 280
99 0 139 336
99 0 46 57
99 0 287 52
99 0 426 271
99 0 294 244
3
12 283 593 339
438 81 127 64
233 220 38 124
