3
6
L1 50 0
U2 179 0
L3 215 0
U4 354 0
L5 3 0
U6 516 0
30
260 193
413 65
353 330
549 134
374 58
369 124
448 280
596 49
276 262
340 249
485 274
216 146
384 236
249 290
74 228
415 130
183 223
526 76
597 169
224 133
233 63
460 223
111 146
215 118
221 43
423 291
180 259
450 275
491 88
434 105
1 L1
10 L1
225 308 50 0
162 227 50 0
334 166 50 0
267 195 50 0
134 83 50 0
216 328 50 0
243 228 50 0
353 323 50 0
558 302 50 0
175 268 50 0
1 L3
10 L3
66 346 215 0
29 262 215 0
401 219 215 0
186 66 215 0
265 61 215 0
160 160 215 0
355 216 215 0
448 204 215 0
543 199 215 0
295 322 215 0
1 L5
10 L5
435 190 3 0
478 311 3 0
508 234 3 0
457 340 3 0
437 295 3 0
177 289 3 0
6 304 3 0
315 52 3 0
182 90 3 0
186 111 3 0
1 U2
179 0 54 325
10 U2
179 0 273 345
179 0 17 89
179 0 100 187
179 0 65 324
179 0 271 284
179 0 385 273
179 0 238 116
179 0 99 163
179 0 537 110
179 0 44 215
1 U4
354 0 424 251
10 U4
354 0 168 191
354 0 262 108
354 0 137 63
354 0 481 295
354 0 65 288
354 0 350 177
354 0 298 269
354 0 213 147
354 0 83 65
354 0 61 185
1 U6
516 0 483 81
10 U6
516 0 415 312
516 0 87 344
516 0 30 320
516 0 87 322
516 0 295 131
516 0 44 214
516 0 286 127
516 0 355 53
516 0 315 201
516 0 362 202
3
225 308 166 332
66 346 98 330
435 190 360 318
