4
5
L1 466 0
U2 38 0
L3 16 0
U4 221 0
L5 90 0
25
60 236
150 164
309 155
15 181
48 37
541 299
262 219
280 338
352 188
354 141
354 80
202 84
430 292
380 0
347 163
502 300
77 305
481 183
331 337
362 58
8 190
264 43
132 167
356 277
479 88
2 L1
22 L1
356 285 466 0
292 94 466 0
12 183 466 0
116 193 466 0
9 144 466 0
135 219 466 0
300 178 466 0
433 204 466 0
34 293 466 0
482 293 466 0
212 143 466 0
584 247 466 0
519 51 466 0
544 86 466 0
328 105 466 0
401 201 466 0
121 170 466 0
16 259 466 0
544 221 466 0
205 249 466 0
576 250 466 0
116 202 466 0
2 L3
22 L3
99 319 16 0
398 180 16 0
294 165 16 0
117 313 16 0
312 135 16 0
285 140 16 0
184 108 16 0
478 318 16 0
174 219 16 0
529 267 16 0
288 209 16 0
82 275 16 0
73 331 16 0
583 255 16 0
243 287 16 0
22 224 16 0
221 144 16 0
569 331 16 0
250 201 16 0
552 61 16 0
10 243 16 0
38 280 16 0
2 L5
22 L5
334 162 90 0
568 62 90 0
176 248 90 0
162 332 90 0
470 233 90 0
57 308 90 0
148 106 90 0
225 314 90 0
69 110 90 0
82 198 90 0
441 182 90 0
241 322 90 0
250 311 90 0
428 180 90 0
387 199 90 0
476 252 90 0
535 202 90 0
271 197 90 0
412 311 90 0
231 305 90 0
439 294 90 0
596 213 90 0
2 U2
38 0 263 129
38 0 460 332
22 U2
38 0 302 249
38 0 516 333
38 0 29 291
38 0 586 299
38 0 594 179
38 0 26 301
38 0 220 247
38 0 161 155
38 0 41 64
38 0 242 328
38 0 491 190
38 0 162 225
38 0 60 301
38 0 32 185
38 0 470 118
38 0 392 130
38 0 567 104
38 0 357 285
38 0 281 244
38 0 244 185
38 0 503 242
38 0 241 189
2 U4
221 0 115 231
221 0 520 204
22 U4
221 0 120 208
221 0 127 179
221 0 466 295
221 0 479 90
221 0 457 82
221 0 25 167
221 0 583 322
221 0 370 339
221 0 582 259
221 0 365 328
221 0 415 109
221 0 598 163
221 0 244 304
221 0 236 147
221 0 77 235
221 0 305 250
221 0 69 100
221 0 365 259
221 0 137 289
221 0 564 81
221 0 70 255
221 0 206 321
6
356 285 526 117
99 319 600 177
334 162 549 134
292 94 503 210
398 180 225 327
568 62 421 347
