5
6
L1 413 0
U2 582 0
L3 53 0
U4 517 0
L5 535 0
U6 522 0
18
225 271
417 265
110 33
525 343
49 13
436 4
8 258
117 154
160 150
235 241
518 272
344 273
538 41
486 133
118 262
79 108
272 348
388 116
2 L1
14 L1
270 50 413 0
331 156 413 0
207 238 413 0
114 267 413 0
449 72 413 0
292 68 413 0
459 208 413 0
16 131 413 0
368 153 413 0
365 125 413 0
1 300 413 0
462 283 413 0
427 178 413 0
84 280 413 0
2 L3
14 L3
585 300 53 0
401 118 53 0
567 167 53 0
365 281 53 0
126 158 53 0
256 191 53 0
63 69 53 0
469 150 53 0
528 338 53 0
59 71 53 0
66 337 53 0
157 205 53 0
568 165 53 0
302 221 53 0
2 L5
14 L5
142 104 535 0
140 334 535 0
173 149 535 0
225 244 535 0
143 167 535 0
592 63 535 0
113 229 535 0
440 225 535 0
486 311 535 0
411 181 535 0
490 230 535 0
466 310 535 0
256 288 535 0
469 193 535 0
2 U2
582 0 48 101
582 0 27 79
14 U2
582 0 281 211
582 0 536 126
582 0 299 84
582 0 471 258
582 0 411 212
582 0 209 208
582 0 3 117
582 0 365 282
582 0 208 299
582 0 149 269
582 0 584 277
582 0 236 243
582 0 181 109
582 0 211 242
2 U4
517 0 153 331
517 0 379 67
14 U4
517 0 305 146
517 0 206 273
517 0 179 295
517 0 514 55
517 0 514 153
517 0 564 264
517 0 203 284
517 0 197 344
517 0 167 122
517 0 425 50
517 0 120 203
517 0 584 56
517 0 582 292
517 0 146 147
2 U6
522 0 14 336
522 0 296 128
14 U6
522 0 358 226
522 0 348 210
522 0 100 119
522 0 421 229
522 0 508 90
522 0 156 187
522 0 415 267
522 0 170 312
522 0 459 269
522 0 352 281
522 0 252 184
522 0 286 165
522 0 369 96
522 0 275 226
9
270 50 53 72
585 300 500 289
142 104 473 296
331 156 153 334
401 118 361 189
140 334 536 283
207 238 13 242
567 167 440 339
173 149 46 168
