4
5
L1 28 0
U2 220 0
L3 580 0
U4 152 0
L5 86 0
15
496 76
200 205
316 195
488 58
522 94
200 239
587 302
377 333
537 83
320 130
533 293
43 175
291 137
581 328
599 145
2 L1
14 L1
19 97 28 0
17 122 28 0
150 160 28 0
481 254 28 0
418 196 28 0
242 256 28 0
566 178 28 0
282 283 28 0
369 137 28 0
272 199 28 0
563 313 28 0
330 202 28 0
139 171 28 0
4 109 28 0
2 L3
14 L3
598 209 580 0
110 50 580 0
398 146 580 0
492 226 580 0
504 197 580 0
478 250 580 0
493 196 580 0
502 72 580 0
530 203 580 0
249 300 580 0
305 100 580 0
293 84 580 0
44 95 580 0
345 285 580 0
2 L5
14 L5
525 305 86 0
95 137 86 0
277 181 86 0
370 253 86 0
11 256 86 0
391 111 86 0
351 263 86 0
473 225 86 0
156 88 86 0
467 132 86 0
246 334 86 0
444 170 86 0
204 56 86 0
88 162 86 0
2 U2
220 0 305 342
220 0 11 109
14 U2
220 0 321 262
220 0 381 295
220 0 530 341
220 0 594 124
220 0 421 323
220 0 139 271
220 0 435 346
220 0 107 342
220 0 16 89
220 0 262 116
220 0 241 111
220 0 363 280
220 0 145 90
220 0 583 157
2 U4
152 0 48 66
152 0 564 115
14 U4
152 0 331 158
152 0 201 241
152 0 228 330
152 0 252 339
152 0 290 230
152 0 9 137
152 0 4 330
152 0 158 324
152 0 468 200
152 0 578 291
152 0 536 154
152 0 352 162
152 0 435 166
152 0 181 82
4
19 97 68 121
598 209 584 136
525 305 571 157
17 122 374 338
