5
3
L1 449 0
U2 573 0
L3 187 0
12
119 66
473 325
474 14
513 17
116 53
484 113
92 120
46 35
412 268
8 335
276 318
126 326
2 L1
14 L1
299 174 449 0
246 169 449 0
225 105 449 0
511 192 449 0
370 84 449 0
389 271 449 0
312 157 449 0
343 314 449 0
584 313 449 0
585 226 449 0
530 281 449 0
498 258 449 0
215 346 449 0
197 333 449 0
2 L3
14 L3
226 217 187 0
223 237 187 0
295 188 187 0
509 63 187 0
58 221 187 0
355 289 187 0
76 97 187 0
104 241 187 0
84 292 187 0
358 78 187 0
476 185 187 0
549 178 187 0
50 54 187 0
281 252 187 0
2 U2
573 0 434 73
573 0 19 287
14 U2
573 0 207 211
573 0 284 343
573 0 595 117
573 0 467 220
573 0 472 186
573 0 533 63
573 0 76 337
573 0 259 137
573 0 191 163
573 0 41 297
573 0 199 211
573 0 274 151
573 0 544 239
573 0 370 212
7
299 174 346 95
226 217 389 263
246 169 267 92
223 237 566 276
225 105 429 322
295 188 223 182
511 192 463 139
