5
4
L1 567 0
U2 235 0
L3 159 0
U4 353 0
16
521 190
223 278
68 24
576 84
231 199
580 268
220 141
323 96
529 256
58 155
362 208
39 103
97 166
21 309
244 254
170 17
2 L1
18 L1
71 61 567 0
483 336 567 0
555 291 567 0
200 236 567 0
218 251 567 0
505 283 567 0
278 333 567 0
551 102 567 0
580 208 567 0
300 99 567 0
32 202 567 0
276 61 567 0
578 104 567 0
325 198 567 0
175 197 567 0
110 300 567 0
465 262 567 0
209 86 567 0
2 L3
18 L3
234 249 159 0
68 156 159 0
66 93 159 0
26 185 159 0
580 203 159 0
167 343 159 0
259 166 159 0
76 341 159 0
102 167 159 0
40 141 159 0
576 325 159 0
195 204 159 0
331 188 159 0
402 296 159 0
493 192 159 0
251 291 159 0
452 335 159 0
252 287 159 0
2 U2
235 0 581 145
235 0 73 92
18 U2
235 0 315 335
235 0 241 177
235 0 499 144
235 0 18 175
235 0 458 90
235 0 317 263
235 0 40 54
235 0 170 195
235 0 529 151
235 0 339 153
235 0 340 169
235 0 215 77
235 0 110 234
235 0 576 327
235 0 412 141
235 0 581 171
235 0 285 326
235 0 4 337
2 U4
353 0 234 276
353 0 389 134
18 U4
353 0 516 345
353 0 38 83
353 0 59 339
353 0 199 289
353 0 13 221
353 0 580 315
353 0 421 85
353 0 563 114
353 0 25 221
353 0 58 307
353 0 355 311
353 0 275 341
353 0 541 225
353 0 525 116
353 0 18 123
353 0 249 91
353 0 532 330
353 0 185 146
11
71 61 489 148
234 249 428 154
483 336 335 119
68 156 317 85
555 291 549 52
66 93 446 170
200 236 575 169
26 185 210 104
218 251 590 144
580 203 103 198
505 283 522 97
