5
3
L1 406 0
U2 152 0
L3 271 0
9
222 22
280 74
429 57
343 68
392 49
597 182
433 251
386 260
143 303
2 L1
14 L1
595 217 406 0
82 71 406 0
464 124 406 0
226 269 406 0
459 124 406 0
484 83 406 0
312 239 406 0
317 107 406 0
276 242 406 0
221 134 406 0
144 115 406 0
418 85 406 0
107 219 406 0
237 178 406 0
2 L3
14 L3
449 197 271 0
553 337 271 0
430 158 271 0
402 94 271 0
418 134 271 0
580 101 271 0
580 146 271 0
303 62 271 0
433 97 271 0
239 309 271 0
79 327 271 0
30 130 271 0
170 111 271 0
485 215 271 0
2 U2
152 0 38 238
152 0 25 226
14 U2
152 0 469 289
152 0 128 331
152 0 283 174
152 0 200 206
152 0 309 154
152 0 212 75
152 0 211 275
152 0 465 347
152 0 375 121
152 0 401 304
152 0 589 350
152 0 522 220
152 0 382 180
152 0 329 136
5
595 217 504 345
449 197 258 342
82 71 115 269
553 337 583 97
464 124 125 235
