5
5
L1 479 0
U2 508 0
L3 45 0
U4 264 0
L5 6 0
15
410 51
211 117
83 198
109 122
324 211
159 286
447 300
484 264
300 244
459 54
516 11
231 350
341 132
168 152
104 102
2 L1
22 L1
335 148 479 0
390 76 479 0
261 273 479 0
308 53 479 0
319 216 479 0
314 56 479 0
7 61 479 0
183 333 479 0
189 203 479 0
188 161 479 0
410 183 479 0
458 149 479 0
510 153 479 0
552 218 479 0
141 264 479 0
98 325 479 0
379 172 479 0
132 159 479 0
8 56 479 0
485 255 479 0
502 164 479 0
107 158 479 0
2 L3
22 L3
527 131 45 0
200 156 45 0
556 211 45 0
248 294 45 0
132 218 45 0
478 80 45 0
269 187 45 0
302 214 45 0
241 325 45 0
584 306 45 0
297 82 45 0
490 278 45 0
130 57 45 0
197 333 45 0
330 285 45 0
210 257 45 0
392 311 45 0
156 164 45 0
559 129 45 0
459 148 45 0
463 234 45 0
79 126 45 0
2 L5
22 L5
341 75 6 0
522 158 6 0
498 202 6 0
295 218 6 0
34 132 6 0
509 128 6 0
160 312 6 0
212 82 6 0
445 220 6 0
135 239 6 0
87 92 6 0
570 156 6 0
56 174 6 0
401 182 6 0
561 258 6 0
426 206 6 0
378 203 6 0
21 305 6 0
354 343 6 0
392 339 6 0
424 162 6 0
283 243 6 0
2 U2
508 0 283 69
508 0 580 82
22 U2
508 0 72 302
508 0 411 138
508 0 4 223
508 0 138 253
508 0 584 53
508 0 97 274
508 0 159 285
508 0 274 177
508 0 462 281
508 0 505 109
508 0 313 239
508 0 467 294
508 0 81 117
508 0 526 130
508 0 327 329
508 0 340 199
508 0 361 106
508 0 208 264
508 0 247 71
508 0 293 342
508 0 181 118
508 0 479 231
2 U4
264 0 58 350
264 0 564 325
22 U4
264 0 354 327
264 0 274 217
264 0 327 193
264 0 0 93
264 0 203 111
264 0 455 256
264 0 328 183
264 0 421 139
264 0 89 64
264 0 112 128
264 0 66 105
264 0 466 186
264 0 340 187
264 0 156 229
264 0 164 322
264 0 211 141
264 0 81 54
264 0 43 316
264 0 187 66
264 0 18 333
264 0 592 227
264 0 339 331
6
335 148 567 221
527 131 256 58
341 75 550 303
390 76 384 144
200 156 347 324
522 158 256 60
