4
6
L1 150 0
U2 394 0
L3 358 0
U4 498 0
L5 558 0
U6 131 0
30
302 4
375 287
484 234
577 9
198 329
342 243
435 14
568 19
215 278
44 72
113 34
267 94
196 26
93 330
83 7
47 54
262 177
412 83
170 350
187 156
479 172
138 141
438 195
420 340
512 314
134 342
76 22
244 23
83 144
177 83
2 L1
22 L1
202 131 150 0
219 342 150 0
443 264 150 0
308 237 150 0
344 63 150 0
190 75 150 0
559 180 150 0
360 71 150 0
493 51 150 0
391 179 150 0
549 251 150 0
466 214 150 0
568 149 150 0
511 112 150 0
71 296 150 0
416 235 150 0
448 72 150 0
514 214 150 0
79 94 150 0
221 296 150 0
519 275 150 0
271 240 150 0
2 L3
22 L3
220 336 358 0
553 183 358 0
503 67 358 0
235 113 358 0
364 62 358 0
402 201 358 0
578 137 358 0
322 58 358 0
334 213 358 0
28 169 358 0
68 304 358 0
129 94 358 0
408 315 358 0
195 74 358 0
307 252 358 0
286 153 358 0
442 294 358 0
466 304 358 0
180 51 358 0
406 201 358 0
113 309 358 0
598 111 358 0
2 L5
22 L5
489 305 558 0
293 127 558 0
276 104 558 0
0 238 558 0
447 164 558 0
323 183 558 0
12 328 558 0
92 347 558 0
310 191 558 0
404 130 558 0
90 253 558 0
308 184 558 0
369 149 558 0
245 296 558 0
397 277 558 0
151 77 558 0
39 93 558 0
571 89 558 0
25 222 558 0
151 219 558 0
188 53 558 0
404 102 558 0
2 U2
394 0 155 280
394 0 41 213
22 U2
394 0 300 245
394 0 281 158
394 0 436 220
394 0 338 257
394 0 64 344
394 0 167 117
394 0 44 252
394 0 76 201
394 0 574 98
394 0 426 331
394 0 526 314
394 0 91 158
394 0 396 189
394 0 21 74
394 0 582 305
394 0 168 169
394 0 548 273
394 0 415 119
394 0 463 222
394 0 525 122
394 0 76 233
394 0 73 189
2 U4
498 0 163 307
498 0 247 141
22 U4
498 0 247 246
498 0 324 163
498 0 411 142
498 0 90 334
498 0 466 144
498 0 395 329
498 0 558 197
498 0 353 267
498 0 119 253
498 0 20 62
498 0 231 51
498 0 175 104
498 0 344 223
498 0 57 154
498 0 276 306
498 0 474 250
498 0 325 79
498 0 71 337
498 0 66 146
498 0 131 95
498 0 320 297
498 0 367 338
2 U6
131 0 131 92
131 0 448 207
22 U6
131 0 166 184
131 0 441 343
131 0 99 148
131 0 268 65
131 0 151 217
131 0 409 346
131 0 175 268
131 0 444 322
131 0 401 184
131 0 577 342
131 0 569 265
131 0 119 198
131 0 180 76
131 0 297 106
131 0 137 83
131 0 561 67
131 0 201 71
131 0 501 274
131 0 372 268
131 0 314 65
131 0 205 329
131 0 524 231
20
202 131 190 207
220 336 16 280
489 305 467 106
219 342 577 50
553 183 198 104
293 127 445 273
443 264 156 282
503 67 592 217
276 104 323 293
308 237 432 183
235 113 338 137
0 238 596 120
344 63 189 266
364 62 553 280
447 164 372 285
190 75 545 158
402 201 346 189
323 183 575 340
559 180 132 148
578 137 438 254
