4
4
L1 455 0
U2 593 0
L3 188 0
U4 21 0
16
80 160
454 7
128 278
159 249
482 100
106 30
529 163
20 323
238 127
108 348
420 137
423 183
124 234
253 73
367 234
238 200
2 L1
10 L1
571 146 455 0
440 95 455 0
436 103 455 0
251 258 455 0
484 259 455 0
193 222 455 0
132 215 455 0
492 346 455 0
195 273 455 0
22 235 455 0
2 L3
10 L3
463 266 188 0
231 266 188 0
287 161 188 0
136 257 188 0
492 298 188 0
19 228 188 0
484 227 188 0
413 205 188 0
510 344 188 0
164 196 188 0
2 U2
593 0 133 114
593 0 581 246
10 U2
593 0 133 196
593 0 403 320
593 0 220 311
593 0 136 211
593 0 312 234
593 0 140 102
593 0 25 294
593 0 317 228
593 0 149 252
593 0 417 267
2 U4
21 0 478 229
21 0 381 246
10 U4
21 0 320 329
21 0 167 239
21 0 125 300
21 0 58 318
21 0 474 310
21 0 194 222
21 0 537 223
21 0 423 157
21 0 109 201
21 0 388 54
6
571 146 416 148
463 266 497 342
440 95 585 139
231 266 557 147
436 103 54 160
287 161 448 346
