3
5
L1 586 0
U2 124 0
L3 244 0
U4 266 0
L5 115 0
25
460 263
459 155
114 125
564 95
89 116
1 235
48 95
223 288
584 71
254 16
9 211
32 171
403 57
33 120
331 44
173 213
150 297
495 147
100 127
6 85
190 84
437 180
537 302
109 52
421 161
1 L1
18 L1
202 109 586 0
154 72 586 0
98 239 586 0
88 99 586 0
13 136 586 0
350 255 586 0
152 207 586 0
57 121 586 0
334 167 586 0
529 110 586 0
298 129 586 0
417 192 586 0
591 287 586 0
199 293 586 0
342 233 586 0
143 289 586 0
128 103 586 0
49 112 586 0
1 L3
18 L3
9 75 244 0
125 268 244 0
381 290 244 0
13 162 244 0
103 259 244 0
317 86 244 0
296 339 244 0
488 295 244 0
142 143 244 0
15 142 244 0
441 112 244 0
371 180 244 0
479 236 244 0
514 55 244 0
305 262 244 0
585 161 244 0
273 91 244 0
49 251 244 0
1 L5
18 L5
420 218 115 0
130 116 115 0
347 162 115 0
365 216 115 0
21 201 115 0
307 70 115 0
551 131 115 0
89 176 115 0
459 95 115 0
234 196 115 0
457 231 115 0
236 256 115 0
295 116 115 0
171 114 115 0
405 84 115 0
39 183 115 0
248 65 115 0
304 185 115 0
1 U2
124 0 11 147
18 U2
124 0 104 176
124 0 449 165
124 0 594 75
124 0 468 110
124 0 68 208
124 0 408 62
124 0 75 85
124 0 321 51
124 0 357 231
124 0 84 137
124 0 375 220
124 0 229 136
124 0 391 111
124 0 294 82
124 0 574 238
124 0 424 318
124 0 446 315
124 0 578 71
1 U4
266 0 314 76
18 U4
266 0 488 279
266 0 227 139
266 0 525 181
266 0 551 65
266 0 447 318
266 0 43 109
266 0 237 258
266 0 565 153
266 0 337 301
266 0 75 308
266 0 9 115
266 0 444 341
266 0 126 347
266 0 583 172
266 0 364 176
266 0 192 87
266 0 265 286
266 0 519 180
5
202 109 147 145
9 75 88 178
420 218 135 320
154 72 285 114
125 268 45 336
