3
5
L1 571 0
U2 432 0
L3 58 0
U4 62 0
L5 313 0
15
324 70
103 112
58 181
122 147
462 188
27 330
164 224
344 256
355 332
181 34
465 119
454 261
270 325
495 239
76 115
1 L1
18 L1
310 225 571 0
386 282 571 0
132 297 571 0
412 285 571 0
174 94 571 0
463 108 571 0
559 281 571 0
117 338 571 0
16 347 571 0
196 177 571 0
288 247 571 0
7 215 571 0
348 124 571 0
327 167 571 0
300 51 571 0
472 81 571 0
165 180 571 0
295 284 571 0
1 L3
18 L3
310 76 58 0
204 307 58 0
390 207 58 0
3 54 58 0
383 160 58 0
373 331 58 0
506 57 58 0
181 276 58 0
31 187 58 0
392 268 58 0
192 263 58 0
378 276 58 0
199 145 58 0
597 160 58 0
322 68 58 0
478 211 58 0
199 142 58 0
549 269 58 0
1 L5
18 L5
226 213 313 0
131 186 313 0
54 218 313 0
555 106 313 0
18 287 313 0
131 195 313 0
290 284 313 0
440 57 313 0
91 278 313 0
54 344 313 0
412 202 313 0
576 263 313 0
452 102 313 0
85 134 313 0
539 148 313 0
195 77 313 0
351 156 313 0
178 207 313 0
1 U2
432 0 192 291
18 U2
432 0 252 272
432 0 198 233
432 0 94 258
432 0 223 269
432 0 540 322
432 0 138 279
432 0 169 162
432 0 350 108
432 0 133 206
432 0 427 70
432 0 466 65
432 0 408 253
432 0 349 244
432 0 469 297
432 0 565 244
432 0 557 282
432 0 308 306
432 0 567 50
1 U4
62 0 331 62
18 U4
62 0 583 169
62 0 183 125
62 0 548 347
62 0 369 107
62 0 361 75
62 0 158 330
62 0 129 95
62 0 347 139
62 0 226 263
62 0 537 174
62 0 492 140
62 0 36 239
62 0 289 263
62 0 293 305
62 0 391 182
62 0 57 300
62 0 596 154
62 0 425 350
9
310 225 3 134
310 76 100 89
226 213 448 306
386 282 192 326
204 307 231 217
131 186 206 115
132 297 451 215
390 207 135 157
54 218 335 243
