3
5
L1 366 0
U2 591 0
L3 138 0
U4 545 0
L5 26 0
20
399 106
369 172
216 40
420 80
421 320
536 253
155 84
470 300
50 145
551 281
87 97
279 272
397 135
256 204
135 77
465 49
163 186
396 273
392 301
348 111
1 L1
18 L1
467 309 366 0
56 273 366 0
56 123 366 0
496 319 366 0
560 68 366 0
577 229 366 0
59 60 366 0
564 72 366 0
371 155 366 0
470 100 366 0
6 307 366 0
583 79 366 0
363 178 366 0
266 98 366 0
212 133 366 0
190 113 366 0
321 208 366 0
193 154 366 0
1 L3
18 L3
53 295 138 0
419 218 138 0
440 241 138 0
586 81 138 0
7 221 138 0
370 260 138 0
48 271 138 0
337 86 138 0
248 77 138 0
305 87 138 0
109 275 138 0
225 269 138 0
271 142 138 0
112 244 138 0
30 226 138 0
87 261 138 0
431 299 138 0
453 209 138 0
1 L5
18 L5
489 200 26 0
249 82 26 0
576 200 26 0
30 300 26 0
281 332 26 0
110 183 26 0
99 191 26 0
171 290 26 0
434 313 26 0
336 204 26 0
65 169 26 0
113 104 26 0
272 72 26 0
86 306 26 0
119 147 26 0
575 243 26 0
270 172 26 0
375 65 26 0
1 U2
591 0 475 287
18 U2
591 0 169 103
591 0 154 87
591 0 119 345
591 0 344 91
591 0 323 310
591 0 277 142
591 0 373 131
591 0 447 294
591 0 91 84
591 0 337 87
591 0 386 264
591 0 195 178
591 0 538 124
591 0 394 115
591 0 75 99
591 0 87 102
591 0 557 99
591 0 525 279
1 U4
545 0 569 115
18 U4
545 0 68 322
545 0 390 277
545 0 558 320
545 0 19 202
545 0 141 235
545 0 411 274
545 0 250 131
545 0 504 63
545 0 186 215
545 0 202 98
545 0 97 185
545 0 23 129
545 0 445 203
545 0 90 338
545 0 273 214
545 0 435 305
545 0 122 71
545 0 250 185
5
467 309 445 166
53 295 223 155
489 200 487 163
56 273 466 250
419 218 411 311
