4
5
L1 50 0
U2 483 0
L3 498 0
U4 112 0
L5 471 0
20
101 60
291 5
335 81
79 278
382 130
296 288
449 172
297 281
63 142
535 321
494 215
472 326
225 17
478 85
362 336
259 219
584 80
263 287
96 268
568 286
2 L1
18 L1
275 245 50 0
148 276 50 0
506 168 50 0
319 332 50 0
378 61 50 0
533 336 50 0
78 159 50 0
312 139 50 0
386 158 50 0
302 251 50 0
591 111 50 0
141 168 50 0
321 251 50 0
318 257 50 0
224 105 50 0
224 349 50 0
171 179 50 0
91 242 50 0
2 L3
18 L3
532 60 498 0
278 340 498 0
10 213 498 0
411 289 498 0
306 129 498 0
183 201 498 0
579 247 498 0
272 193 498 0
469 234 498 0
553 108 498 0
419 187 498 0
146 66 498 0
104 141 498 0
524 67 498 0
585 137 498 0
222 64 498 0
593 207 498 0
18 335 498 0
2 L5
18 L5
441 99 471 0
40 274 471 0
205 94 471 0
262 113 471 0
145 60 471 0
392 176 471 0
46 56 471 0
238 103 471 0
379 333 471 0
174 266 471 0
494 349 471 0
318 194 471 0
357 174 471 0
277 253 471 0
250 154 471 0
483 247 471 0
376 266 471 0
541 347 471 0
2 U2
483 0 411 299
483 0 467 274
18 U2
483 0 328 203
483 0 313 75
483 0 566 135
483 0 288 322
483 0 155 225
483 0 500 312
483 0 293 288
483 0 307 138
483 0 569 238
483 0 446 106
483 0 520 299
483 0 578 120
483 0 51 140
483 0 199 204
483 0 390 54
483 0 374 134
483 0 129 284
483 0 244 337
2 U4
112 0 231 99
112 0 250 247
18 U4
112 0 431 123
112 0 68 314
112 0 12 95
112 0 556 134
112 0 596 334
112 0 524 292
112 0 463 242
112 0 322 73
112 0 441 280
112 0 346 311
112 0 596 105
112 0 508 246
112 0 530 171
112 0 206 97
112 0 12 155
112 0 21 89
112 0 382 155
112 0 366 228
9
275 245 270 320
532 60 28 316
441 99 58 280
148 276 394 107
278 340 413 115
40 274 357 117
506 168 513 209
10 213 245 85
205 94 200 244
