3
6
L1 67 0
U2 104 0
L3 388 0
U4 126 0
L5 493 0
U6 580 0
30
427 194
374 56
91 342
51 97
123 126
525 234
361 71
474 98
477 159
112 89
179 109
579 262
40 61
549 1
462 127
301 107
61 276
55 288
437 218
335 84
203 101
162 217
583 179
238 175
71 60
554 313
210 275
563 152
315 77
429 290
1 L1
18 L1
431 58 67 0
440 53 67 0
0 160 67 0
275 317 67 0
72 172 67 0
222 136 67 0
312 310 67 0
189 232 67 0
455 121 67 0
273 79 67 0
148 266 67 0
1 279 67 0
474 329 67 0
5 326 67 0
371 331 67 0
401 308 67 0
112 130 67 0
307 108 67 0
1 L3
18 L3
122 265 388 0
359 248 388 0
529 87 388 0
289 298 388 0
423 106 388 0
444 348 388 0
152 90 388 0
82 126 388 0
467 182 388 0
589 175 388 0
394 76 388 0
217 326 388 0
390 206 388 0
127 183 388 0
145 306 388 0
90 335 388 0
483 194 388 0
268 302 388 0
1 L5
18 L5
139 78 493 0
391 198 493 0
530 228 493 0
542 200 493 0
507 67 493 0
454 175 493 0
337 173 493 0
212 300 493 0
204 130 493 0
400 313 493 0
323 64 493 0
55 231 493 0
200 161 493 0
400 61 493 0
474 222 493 0
465 199 493 0
20 345 493 0
592 122 493 0
1 U2
104 0 117 178
18 U2
104 0 549 330
104 0 74 295
104 0 524 182
104 0 521 266
104 0 283 217
104 0 342 267
104 0 531 99
104 0 310 87
104 0 404 319
104 0 539 140
104 0 130 137
104 0 570 180
104 0 479 250
104 0 570 57
104 0 94 112
104 0 455 109
104 0 499 309
104 0 556 327
1 U4
126 0 534 85
18 U4
126 0 579 321
126 0 436 280
126 0 361 232
126 0 364 53
126 0 467 52
126 0 377 170
126 0 589 294
126 0 315 236
126 0 59 187
126 0 277 227
126 0 276 314
126 0 233 288
126 0 375 63
126 0 439 300
126 0 261 210
126 0 72 350
126 0 296 256
126 0 242 270
1 U6
580 0 88 195
18 U6
580 0 401 285
580 0 295 199
580 0 413 256
580 0 201 138
580 0 24 236
580 0 417 115
580 0 40 108
580 0 343 59
580 0 296 323
580 0 207 206
580 0 488 72
580 0 171 331
580 0 438 307
580 0 417 108
580 0 341 279
580 0 306 94
580 0 67 145
580 0 557 152
11
431 58 55 201
122 265 232 162
139 78 282 307
440 53 206 126
359 248 412 257
391 198 279 255
0 160 600 266
529 87 295 110
530 228 236 196
275 317 163 349
289 298 216 184
