5
4
L1 78 0
U2 362 0
L3 177 0
U4 140 0
16
379 78
307 231
315 244
557 281
205 285
309 254
288 238
159 235
3 147
90 84
455 288
373 63
406 256
570 264
328 256
149 112
2 L1
14 L1
558 286 78 0
37 112 78 0
571 172 78 0
5 286 78 0
511 85 78 0
468 108 78 0
225 63 78 0
132 73 78 0
213 181 78 0
236 325 78 0
480 216 78 0
480 63 78 0
226 322 78 0
548 75 78 0
2 L3
14 L3
241 226 177 0
73 320 177 0
19 275 177 0
148 181 177 0
576 142 177 0
56 302 177 0
541 221 177 0
575 172 177 0
36 89 177 0
309 249 177 0
83 77 177 0
159 210 177 0
421 94 177 0
346 58 177 0
2 U2
362 0 463 155
362 0 491 212
14 U2
362 0 471 135
362 0 230 316
362 0 90 103
362 0 546 295
362 0 443 289
362 0 176 87
362 0 18 256
362 0 305 239
362 0 129 114
362 0 542 288
362 0 289 64
362 0 16 311
362 0 468 219
362 0 453 75
2 U4
140 0 116 76
140 0 137 248
14 U4
140 0 545 116
140 0 335 261
140 0 469 188
140 0 87 187
140 0 129 139
140 0 15 224
140 0 507 71
140 0 372 114
140 0 414 265
140 0 455 341
140 0 32 271
140 0 511 86
140 0 91 72
140 0 36 254
6
558 286 287 118
241 226 249 147
37 112 426 121
73 320 358 113
571 172 245 179
19 275 72 166
