4
6
L1 410 0
U2 404 0
L3 352 0
U4 324 0
L5 219 0
U6 460 0
30
99 252
529 37
553 153
96 235
69 45
91 111
109 136
492 9
453 83
445 247
469 312
295 206
293 291
71 145
21 273
433 183
253 51
86 209
151 161
315 177
289 239
353 4
454 323
348 190
106 216
168 241
366 85
398 338
417 245
461 273
2 L1
22 L1
98 205 410 0
446 218 410 0
183 205 410 0
236 90 410 0
311 340 410 0
468 177 410 0
490 127 410 0
136 234 410 0
308 233 410 0
31 163 410 0
97 115 410 0
420 55 410 0
278 189 410 0
391 121 410 0
377 119 410 0
359 309 410 0
300 169 410 0
252 247 410 0
206 297 410 0
314 251 410 0
261 220 410 0
266 297 410 0
2 L3
22 L3
406 116 352 0
521 185 352 0
588 131 352 0
28 263 352 0
432 348 352 0
555 218 352 0
152 132 352 0
267 182 352 0
509 93 352 0
587 185 352 0
398 160 352 0
571 334 352 0
274 326 352 0
200 275 352 0
42 196 352 0
533 326 352 0
62 224 352 0
206 259 352 0
401 238 352 0
395 189 352 0
476 249 352 0
244 253 352 0
2 L5
22 L5
544 177 219 0
445 181 219 0
532 67 219 0
416 242 219 0
392 225 219 0
166 201 219 0
257 189 219 0
126 241 219 0
87 254 219 0
283 178 219 0
67 299 219 0
204 275 219 0
247 254 219 0
453 299 219 0
422 171 219 0
167 119 219 0
347 350 219 0
95 59 219 0
283 79 219 0
410 348 219 0
502 319 219 0
341 312 219 0
2 U2
404 0 273 212
404 0 490 234
22 U2
404 0 272 264
404 0 205 76
404 0 321 171
404 0 565 85
404 0 85 144
404 0 381 150
404 0 415 143
404 0 70 241
404 0 294 86
404 0 257 134
404 0 442 100
404 0 145 320
404 0 550 322
404 0 78 199
404 0 585 348
404 0 535 136
404 0 530 67
404 0 597 294
404 0 512 316
404 0 461 160
404 0 327 193
404 0 401 119
2 U4
324 0 232 95
324 0 590 142
22 U4
324 0 49 206
324 0 536 93
324 0 434 249
324 0 304 164
324 0 8 123
324 0 424 307
324 0 580 195
324 0 195 337
324 0 232 239
324 0 279 195
324 0 526 187
324 0 451 141
324 0 463 86
324 0 186 317
324 0 273 132
324 0 446 313
324 0 411 57
324 0 242 342
324 0 173 185
324 0 70 305
324 0 443 307
324 0 507 163
2 U6
460 0 392 50
460 0 573 221
22 U6
460 0 368 332
460 0 563 219
460 0 356 95
460 0 40 202
460 0 277 289
460 0 270 217
460 0 546 152
460 0 22 75
460 0 397 111
460 0 533 230
460 0 180 186
460 0 137 159
460 0 327 79
460 0 409 179
460 0 389 295
460 0 226 155
460 0 589 50
460 0 244 341
460 0 324 150
460 0 56 160
460 0 30 344
460 0 113 149
14
98 205 497 171
406 116 144 161
544 177 571 209
446 218 33 234
521 185 402 316
445 181 149 88
183 205 536 301
588 131 279 321
532 67 50 71
236 90 167 124
28 263 519 121
416 242 200 178
311 340 272 74
432 348 570 92
