3
3
L1 288 0
U2 212 0
L3 485 0
9
15 304
215 115
461 131
62 68
565 69
294 184
193 83
403 177
404 30
1 L1
14 L1
157 54 288 0
199 88 288 0
329 53 288 0
18 68 288 0
75 72 288 0
183 96 288 0
404 141 288 0
364 118 288 0
474 133 288 0
327 213 288 0
204 219 288 0
428 209 288 0
472 338 288 0
451 191 288 0
1 L3
14 L3
492 80 485 0
520 143 485 0
233 206 485 0
560 198 485 0
582 258 485 0
148 128 485 0
374 341 485 0
188 335 485 0
116 196 485 0
16 301 485 0
10 71 485 0
445 89 485 0
411 164 485 0
418 325 485 0
1 U2
212 0 525 146
14 U2
212 0 356 205
212 0 412 72
212 0 220 100
212 0 518 224
212 0 567 51
212 0 445 100
212 0 37 55
212 0 168 112
212 0 67 150
212 0 5 90
212 0 264 139
212 0 555 71
212 0 422 315
212 0 328 320
3
157 54 399 99
492 80 252 217
199 88 577 187
