3
4
L1 418 0
U2 541 0
L3 41 0
U4 576 0
16
579 50
384 57
553 56
480 8
396 267
383 97
172 166
560 241
507 342
63 159
540 28
201 208
448 254
255 186
58 264
46 266
1 L1
10 L1
243 51 418 0
175 210 418 0
326 199 418 0
446 174 418 0
302 127 418 0
491 159 418 0
576 56 418 0
554 259 418 0
154 243 418 0
29 253 418 0
1 L3
10 L3
60 103 41 0
156 283 41 0
195 139 41 0
595 154 41 0
283 132 41 0
26 197 41 0
149 332 41 0
392 159 41 0
21 103 41 0
149 334 41 0
1 U2
541 0 409 101
10 U2
541 0 384 128
541 0 533 258
541 0 489 313
541 0 135 189
541 0 198 65
541 0 304 74
541 0 74 147
541 0 586 245
541 0 462 186
541 0 308 177
1 U4
576 0 280 102
10 U4
576 0 241 335
576 0 114 271
576 0 534 74
576 0 150 77
576 0 341 184
576 0 240 323
576 0 417 341
576 0 31 307
576 0 292 327
576 0 138 127
6
243 51 311 119
60 103 587 210
175 210 154 180
156 283 302 93
326 199 217 267
195 139 147 333
