4
4
L1 103 0
U2 523 0
L3 257 0
U4 361 0
20
390 227
528 322
485 4
154 33
361 29
5 105
89 112
545 192
585 341
187 172
26 152
46 35
190 112
285 47
127 205
123 133
27 212
311 324
356 167
25 168
2 L1
22 L1
589 322 103 0
219 249 103 0
512 294 103 0
600 54 103 0
531 160 103 0
336 340 103 0
388 187 103 0
68 274 103 0
281 223 103 0
71 188 103 0
413 324 103 0
489 322 103 0
401 91 103 0
358 253 103 0
175 150 103 0
366 286 103 0
137 84 103 0
393 168 103 0
443 236 103 0
568 135 103 0
138 219 103 0
386 152 103 0
2 L3
22 L3
85 327 257 0
255 76 257 0
164 297 257 0
522 88 257 0
0 93 257 0
123 229 257 0
504 216 257 0
460 338 257 0
366 85 257 0
308 322 257 0
544 114 257 0
91 195 257 0
594 178 257 0
109 238 257 0
398 234 257 0
562 236 257 0
325 91 257 0
79 95 257 0
333 262 257 0
356 185 257 0
123 186 257 0
122 340 257 0
2 U2
523 0 449 61
523 0 483 257
22 U2
523 0 22 309
523 0 51 207
523 0 30 206
523 0 211 98
523 0 37 80
523 0 407 291
523 0 352 245
523 0 241 189
523 0 210 343
523 0 99 119
523 0 28 155
523 0 187 84
523 0 590 177
523 0 461 187
523 0 336 61
523 0 489 323
523 0 485 104
523 0 295 163
523 0 308 328
523 0 355 193
523 0 119 300
523 0 519 184
2 U4
361 0 589 330
361 0 434 237
22 U4
361 0 402 149
361 0 514 315
361 0 269 314
361 0 118 161
361 0 191 310
361 0 580 151
361 0 453 163
361 0 464 131
361 0 391 155
361 0 318 155
361 0 81 270
361 0 594 264
361 0 535 126
361 0 81 107
361 0 159 75
361 0 61 147
361 0 99 73
361 0 4 343
361 0 407 80
361 0 600 211
361 0 110 214
361 0 162 291
5
589 322 441 225
85 327 342 325
219 249 458 282
255 76 450 177
512 294 575 299
