5
5
L1 85 0
U2 351 0
L3 531 0
U4 535 0
L5 147 0
20
259 261
2 157
545 217
138 125
344 208
489 35
578 300
495 41
204 8
242 249
63 191
222 72
307 286
153 92
502 197
285 170
595 77
320 121
135 10
421 162
2 L1
22 L1
90 98 85 0
253 137 85 0
10 217 85 0
588 239 85 0
525 175 85 0
338 309 85 0
235 134 85 0
48 199 85 0
592 240 85 0
17 264 85 0
178 342 85 0
293 289 85 0
247 64 85 0
462 327 85 0
387 336 85 0
532 264 85 0
155 64 85 0
5 273 85 0
557 183 85 0
247 141 85 0
248 159 85 0
180 211 85 0
2 L3
22 L3
34 107 531 0
332 267 531 0
471 106 531 0
26 190 531 0
46 121 531 0
342 53 531 0
159 138 531 0
334 302 531 0
388 340 531 0
134 329 531 0
48 126 531 0
519 211 531 0
226 78 531 0
389 218 531 0
151 105 531 0
111 186 531 0
503 276 531 0
204 282 531 0
78 119 531 0
557 342 531 0
314 222 531 0
473 153 531 0
2 L5
22 L5
530 296 147 0
202 277 147 0
40 190 147 0
244 114 147 0
491 324 147 0
124 91 147 0
531 198 147 0
380 305 147 0
36 116 147 0
301 273 147 0
214 293 147 0
229 101 147 0
262 146 147 0
384 191 147 0
425 80 147 0
250 99 147 0
121 218 147 0
506 344 147 0
406 161 147 0
107 158 147 0
467 100 147 0
346 342 147 0
2 U2
351 0 469 255
351 0 585 198
22 U2
351 0 146 220
351 0 282 60
351 0 292 120
351 0 10 75
351 0 11 216
351 0 218 157
351 0 574 300
351 0 529 228
351 0 598 314
351 0 191 119
351 0 355 254
351 0 575 292
351 0 351 250
351 0 452 246
351 0 557 336
351 0 305 306
351 0 421 337
351 0 239 346
351 0 59 88
351 0 434 132
351 0 49 189
351 0 135 346
2 U4
535 0 387 100
535 0 334 263
22 U4
535 0 463 239
535 0 450 346
535 0 80 225
535 0 364 142
535 0 51 287
535 0 315 249
535 0 8 190
535 0 505 70
535 0 545 191
535 0 559 117
535 0 32 180
535 0 561 274
535 0 213 175
535 0 518 327
535 0 557 295
535 0 480 84
535 0 444 294
535 0 294 299
535 0 473 145
535 0 228 251
535 0 269 173
535 0 271 322
17
90 98 566 107
34 107 397 174
530 296 393 180
253 137 130 258
332 267 476 173
202 277 238 244
10 217 89 336
471 106 392 58
40 190 251 269
588 239 132 197
26 190 393 313
244 114 543 224
525 175 214 221
46 121 470 108
491 324 419 233
338 309 122 264
342 53 10 71
