4
4
L1 593 0
U2 383 0
L3 591 0
U4 402 0
20
370 85
388 103
176 94
520 49
562 260
371 77
495 32
94 283
112 235
174 15
443 188
529 33
469 183
407 350
47 337
540 237
181 72
147 79
70 96
514 241
2 L1
14 L1
390 113 593 0
275 149 593 0
148 177 593 0
443 68 593 0
416 278 593 0
390 180 593 0
243 321 593 0
461 328 593 0
277 64 593 0
147 319 593 0
466 87 593 0
120 299 593 0
78 297 593 0
419 135 593 0
2 L3
14 L3
129 267 591 0
381 318 591 0
459 92 591 0
359 190 591 0
19 110 591 0
435 206 591 0
214 165 591 0
201 300 591 0
127 70 591 0
354 147 591 0
254 256 591 0
386 61 591 0
134 157 591 0
469 268 591 0
2 U2
383 0 427 232
383 0 435 141
14 U2
383 0 596 252
383 0 440 110
383 0 29 108
383 0 58 94
383 0 304 100
383 0 492 240
383 0 20 126
383 0 453 350
383 0 105 321
383 0 396 344
383 0 205 91
383 0 272 248
383 0 351 240
383 0 261 92
2 U4
402 0 163 79
402 0 580 160
14 U4
402 0 145 175
402 0 134 142
402 0 161 321
402 0 157 79
402 0 554 109
402 0 187 327
402 0 533 313
402 0 542 320
402 0 447 337
402 0 383 157
402 0 294 336
402 0 365 280
402 0 561 101
402 0 598 236
3
390 113 581 128
129 267 366 150
275 149 359 147
