4
4
L1 215 0
U2 215 0
L3 78 0
U4 319 0
12
175 47
547 112
77 103
565 80
277 45
320 51
324 66
443 261
540 83
408 248
106 159
474 204
2 L1
14 L1
140 251 215 0
445 272 215 0
501 185 215 0
70 156 215 0
534 155 215 0
99 53 215 0
321 302 215 0
395 68 215 0
507 93 215 0
374 252 215 0
427 295 215 0
71 283 215 0
142 86 215 0
484 133 215 0
2 L3
14 L3
398 174 78 0
553 184 78 0
211 295 78 0
171 154 78 0
315 310 78 0
560 217 78 0
383 299 78 0
72 328 78 0
585 146 78 0
54 119 78 0
513 162 78 0
277 53 78 0
378 88 78 0
436 162 78 0
2 U2
215 0 364 299
215 0 22 202
14 U2
215 0 331 83
215 0 85 334
215 0 307 166
215 0 325 196
215 0 51 258
215 0 571 236
215 0 429 104
215 0 440 95
215 0 377 305
215 0 105 232
215 0 474 231
215 0 166 237
215 0 420 350
215 0 32 56
2 U4
319 0 209 223
319 0 142 197
14 U4
319 0 265 310
319 0 480 256
319 0 88 216
319 0 259 57
319 0 320 328
319 0 283 324
319 0 212 173
319 0 386 317
319 0 74 238
319 0 535 123
319 0 201 213
319 0 157 84
319 0 457 144
319 0 448 295
6
140 251 102 149
398 174 343 78
445 272 129 92
553 184 227 342
501 185 549 129
211 295 592 323
