5
3
L1 330 0
U2 536 0
L3 272 0
12
153 324
378 328
99 184
591 206
16 246
277 196
593 327
211 218
226 350
255 195
94 239
87 177
2 L1
22 L1
135 268 330 0
8 144 330 0
232 343 330 0
146 244 330 0
76 152 330 0
378 106 330 0
279 307 330 0
82 314 330 0
425 74 330 0
590 194 330 0
183 221 330 0
232 331 330 0
537 290 330 0
448 95 330 0
73 100 330 0
226 229 330 0
48 79 330 0
591 164 330 0
174 184 330 0
521 249 330 0
74 249 330 0
105 84 330 0
2 L3
22 L3
117 179 272 0
550 110 272 0
321 311 272 0
276 149 272 0
353 168 272 0
69 284 272 0
537 169 272 0
125 263 272 0
559 288 272 0
593 262 272 0
329 224 272 0
570 114 272 0
22 122 272 0
538 208 272 0
5 188 272 0
344 247 272 0
212 107 272 0
515 262 272 0
492 337 272 0
532 326 272 0
291 283 272 0
180 340 272 0
2 U2
536 0 512 141
536 0 552 305
22 U2
536 0 487 327
536 0 319 166
536 0 522 58
536 0 27 209
536 0 413 64
536 0 525 54
536 0 279 134
536 0 327 309
536 0 423 139
536 0 294 225
536 0 330 101
536 0 377 337
536 0 57 271
536 0 369 322
536 0 253 130
536 0 131 348
536 0 590 86
536 0 577 140
536 0 439 296
536 0 362 54
536 0 493 52
536 0 544 167
10
135 268 513 257
117 179 352 139
8 144 458 77
550 110 139 146
232 343 470 78
321 311 53 302
146 244 533 173
276 149 424 177
76 152 582 239
353 168 154 298
