3
6
L1 160 0
U2 443 0
L3 505 0
U4 155 0
L5 384 0
U6 320 0
18
135 231
236 236
360 199
102 337
498 137
108 346
535 139
198 134
487 257
61 237
554 25
399 259
250 277
298 107
308 154
127 139
153 164
475 324
1 L1
18 L1
183 241 160 0
487 256 160 0
173 263 160 0
555 153 160 0
514 129 160 0
291 141 160 0
273 290 160 0
371 111 160 0
341 119 160 0
129 307 160 0
499 183 160 0
551 117 160 0
312 272 160 0
336 276 160 0
400 52 160 0
231 215 160 0
286 114 160 0
233 298 160 0
1 L3
18 L3
492 184 505 0
548 80 505 0
32 91 505 0
490 347 505 0
387 169 505 0
307 335 505 0
567 156 505 0
577 315 505 0
191 152 505 0
495 240 505 0
157 321 505 0
441 153 505 0
596 244 505 0
41 87 505 0
435 255 505 0
506 302 505 0
574 164 505 0
25 86 505 0
1 L5
18 L5
120 228 384 0
282 279 384 0
378 269 384 0
421 174 384 0
343 167 384 0
275 186 384 0
271 135 384 0
487 231 384 0
40 252 384 0
595 181 384 0
118 309 384 0
247 273 384 0
555 278 384 0
414 95 384 0
121 154 384 0
205 87 384 0
484 292 384 0
8 284 384 0
1 U2
443 0 509 83
18 U2
443 0 319 81
443 0 222 233
443 0 477 97
443 0 259 201
443 0 219 124
443 0 106 104
443 0 589 279
443 0 588 126
443 0 197 297
443 0 503 324
443 0 361 195
443 0 74 213
443 0 327 181
443 0 33 188
443 0 421 341
443 0 384 337
443 0 402 219
443 0 53 304
1 U4
155 0 380 311
18 U4
155 0 396 324
155 0 135 158
155 0 266 200
155 0 512 340
155 0 118 225
155 0 457 177
155 0 361 93
155 0 5 88
155 0 483 224
155 0 566 59
155 0 372 225
155 0 67 332
155 0 157 118
155 0 105 200
155 0 408 90
155 0 503 56
155 0 407 181
155 0 131 324
1 U6
320 0 23 89
18 U6
320 0 542 134
320 0 316 325
320 0 37 180
320 0 433 52
320 0 81 140
320 0 562 290
320 0 104 204
320 0 580 85
320 0 481 211
320 0 221 262
320 0 560 97
320 0 513 326
320 0 285 138
320 0 500 75
320 0 242 311
320 0 524 187
320 0 138 229
320 0 58 274
17
183 241 90 234
492 184 174 228
120 228 34 197
487 256 359 338
548 80 363 79
282 279 258 174
173 263 511 299
32 91 395 208
378 269 398 244
555 153 147 221
490 347 107 81
421 174 307 331
514 129 543 311
387 169 488 55
343 167 187 77
291 141 375 72
307 335 572 115
