5
3
L1 196 0
U2 380 0
L3 543 0
9
89 293
18 230
310 190
467 183
310 59
42 49
74 252
150 306
75 26
2 L1
22 L1
346 72 196 0
294 262 196 0
98 199 196 0
222 162 196 0
536 211 196 0
63 109 196 0
259 78 196 0
486 86 196 0
14 277 196 0
495 317 196 0
77 156 196 0
429 242 196 0
221 59 196 0
202 208 196 0
35 171 196 0
573 349 196 0
344 138 196 0
498 99 196 0
274 116 196 0
19 232 196 0
417 293 196 0
433 303 196 0
2 L3
22 L3
545 167 543 0
398 166 543 0
126 111 543 0
290 254 543 0
456 331 543 0
552 189 543 0
551 306 543 0
389 289 543 0
567 349 543 0
539 67 543 0
150 227 543 0
572 294 543 0
595 90 543 0
249 69 543 0
288 237 543 0
291 335 543 0
7 69 543 0
255 144 543 0
158 219 543 0
83 236 543 0
154 266 543 0
241 229 543 0
2 U2
380 0 594 329
380 0 511 244
22 U2
380 0 243 165
380 0 321 118
380 0 600 279
380 0 128 278
380 0 459 273
380 0 14 305
380 0 365 232
380 0 240 54
380 0 4 336
380 0 189 172
380 0 88 165
380 0 59 106
380 0 360 65
380 0 239 247
380 0 19 200
380 0 470 94
380 0 418 338
380 0 61 179
380 0 536 73
380 0 169 217
380 0 505 218
380 0 320 76
7
346 72 181 74
545 167 571 213
294 262 203 65
398 166 181 170
98 199 345 248
126 111 155 165
222 162 284 155
