3
6
L1 257 0
U2 63 0
L3 13 0
U4 306 0
L5 511 0
U6 156 0
30
133 91
402 78
353 187
297 268
142 81
338 93
559 90
305 17
587 245
517 87
111 327
225 241
501 188
406 282
292 291
76 194
519 172
507 40
494 251
497 14
83 48
332 279
457 323
576 216
510 323
103 324
256 45
306 3
170 108
574 241
1 L1
18 L1
381 209 257 0
422 253 257 0
214 255 257 0
89 282 257 0
138 267 257 0
49 219 257 0
154 297 257 0
266 266 257 0
77 59 257 0
445 142 257 0
187 70 257 0
346 164 257 0
153 196 257 0
508 174 257 0
207 229 257 0
167 253 257 0
46 342 257 0
184 138 257 0
1 L3
18 L3
256 56 13 0
479 156 13 0
522 261 13 0
572 50 13 0
300 210 13 0
210 56 13 0
509 339 13 0
85 250 13 0
351 272 13 0
258 282 13 0
152 253 13 0
158 292 13 0
594 73 13 0
339 81 13 0
396 244 13 0
567 160 13 0
473 215 13 0
473 97 13 0
1 L5
18 L5
559 275 511 0
85 228 511 0
74 205 511 0
69 123 511 0
269 71 511 0
398 306 511 0
485 157 511 0
505 296 511 0
460 271 511 0
511 69 511 0
14 291 511 0
406 292 511 0
197 186 511 0
548 187 511 0
595 165 511 0
404 124 511 0
42 339 511 0
447 118 511 0
1 U2
63 0 307 229
18 U2
63 0 473 228
63 0 385 310
63 0 390 278
63 0 179 182
63 0 575 327
63 0 426 105
63 0 403 92
63 0 134 175
63 0 322 344
63 0 312 103
63 0 594 335
63 0 155 204
63 0 504 248
63 0 269 133
63 0 354 226
63 0 262 100
63 0 332 290
63 0 367 252
1 U4
306 0 384 203
18 U4
306 0 160 335
306 0 81 309
306 0 310 350
306 0 189 100
306 0 572 307
306 0 321 170
306 0 252 322
306 0 272 146
306 0 322 146
306 0 108 281
306 0 23 50
306 0 483 130
306 0 495 73
306 0 342 78
306 0 84 218
306 0 2 190
306 0 244 182
306 0 551 140
1 U6
156 0 377 313
18 U6
156 0 112 93
156 0 246 131
156 0 468 111
156 0 471 71
156 0 225 209
156 0 277 248
156 0 79 248
156 0 481 305
156 0 491 99
156 0 450 188
156 0 451 294
156 0 31 82
156 0 318 298
156 0 216 342
156 0 277 236
156 0 346 277
156 0 163 76
156 0 401 312
6
381 209 58 250
256 56 428 89
559 275 576 235
422 253 27 198
479 156 271 56
85 228 160 186
