5
4
L1 39 0
U2 517 0
L3 458 0
U4 11 0
20
285 280
525 233
540 206
507 60
254 298
329 247
307 348
230 231
382 316
480 179
309 113
330 267
232 117
452 100
133 292
259 347
393 0
11 215
532 238
18 23
2 L1
14 L1
350 140 39 0
367 247 39 0
101 234 39 0
330 62 39 0
246 260 39 0
21 114 39 0
124 125 39 0
128 264 39 0
471 151 39 0
24 286 39 0
398 128 39 0
393 259 39 0
115 52 39 0
59 213 39 0
2 L3
14 L3
221 157 458 0
172 267 458 0
365 245 458 0
526 100 458 0
354 169 458 0
236 157 458 0
136 110 458 0
294 65 458 0
332 81 458 0
143 154 458 0
134 153 458 0
88 69 458 0
383 281 458 0
98 322 458 0
2 U2
517 0 422 264
517 0 76 85
14 U2
517 0 526 185
517 0 221 181
517 0 91 241
517 0 428 226
517 0 349 106
517 0 356 230
517 0 480 94
517 0 245 188
517 0 212 350
517 0 579 252
517 0 27 197
517 0 84 216
517 0 206 176
517 0 393 109
2 U4
11 0 247 151
11 0 459 348
14 U4
11 0 37 80
11 0 230 209
11 0 393 296
11 0 598 209
11 0 40 82
11 0 84 229
11 0 180 253
11 0 478 189
11 0 211 283
11 0 160 159
11 0 132 321
11 0 380 256
11 0 23 304
11 0 270 244
3
350 140 573 170
221 157 486 218
367 247 262 212
