5
6
L1 255 0
U2 84 0
L3 249 0
U4 574 0
L5 386 0
U6 329 0
30
377 317
176 99
117 260
105 300
342 24
152 91
562 272
197 68
434 153
517 146
224 130
348 216
247 224
243 324
366 289
521 219
561 73
291 212
380 251
209 252
5 304
335 133
256 54
255 287
104 75
586 35
202 57
539 324
535 262
318 131
2 L1
14 L1
256 226 255 0
293 259 255 0
401 154 255 0
285 114 255 0
278 62 255 0
474 256 255 0
455 103 255 0
407 139 255 0
75 103 255 0
554 101 255 0
259 345 255 0
209 109 255 0
7 181 255 0
534 278 255 0
2 L3
14 L3
93 229 249 0
292 241 249 0
52 279 249 0
328 158 249 0
326 239 249 0
268 170 249 0
158 261 249 0
373 113 249 0
25 318 249 0
174 289 249 0
7 266 249 0
149 323 249 0
136 170 249 0
97 93 249 0
2 L5
14 L5
91 82 386 0
505 242 386 0
312 222 386 0
542 337 386 0
376 266 386 0
508 63 386 0
447 344 386 0
79 71 386 0
236 180 386 0
334 248 386 0
272 333 386 0
383 213 386 0
395 121 386 0
85 306 386 0
2 U2
84 0 50 230
84 0 185 219
14 U2
84 0 184 241
84 0 12 346
84 0 564 297
84 0 200 110
84 0 330 248
84 0 209 333
84 0 487 87
84 0 364 220
84 0 176 74
84 0 585 192
84 0 58 283
84 0 525 134
84 0 564 241
84 0 552 155
2 U4
574 0 433 61
574 0 373 350
14 U4
574 0 495 240
574 0 320 323
574 0 84 230
574 0 377 230
574 0 133 145
574 0 576 212
574 0 445 276
574 0 89 216
574 0 301 271
574 0 570 345
574 0 231 50
574 0 187 219
574 0 420 104
574 0 203 116
2 U6
329 0 352 288
329 0 246 77
14 U6
329 0 374 179
329 0 282 300
329 0 407 118
329 0 307 232
329 0 269 333
329 0 352 86
329 0 526 309
329 0 275 216
329 0 292 314
329 0 483 50
329 0 405 329
329 0 451 131
329 0 96 307
329 0 16 81
5
256 226 397 306
93 229 244 347
91 82 442 120
293 259 550 290
292 241 29 253
