4
3
L1 205 0
U2 69 0
L3 227 0
9
90 59
237 42
418 344
459 240
13 81
203 14
496 233
90 56
522 253
2 L1
14 L1
423 308 205 0
30 346 205 0
274 334 205 0
473 269 205 0
276 344 205 0
435 164 205 0
61 222 205 0
395 93 205 0
544 190 205 0
212 79 205 0
543 110 205 0
304 173 205 0
508 263 205 0
542 290 205 0
2 L3
14 L3
590 123 227 0
524 285 227 0
423 340 227 0
255 294 227 0
486 232 227 0
173 348 227 0
561 249 227 0
166 163 227 0
278 289 227 0
283 164 227 0
208 199 227 0
241 248 227 0
223 253 227 0
448 335 227 0
2 U2
69 0 309 247
69 0 152 143
14 U2
69 0 393 329
69 0 140 210
69 0 285 174
69 0 327 56
69 0 107 58
69 0 210 327
69 0 569 152
69 0 243 140
69 0 381 319
69 0 260 175
69 0 242 246
69 0 299 340
69 0 600 195
69 0 573 291
3
423 308 534 275
590 123 347 99
30 346 585 159
