3
4
L1 387 0
U2 215 0
L3 162 0
U4 387 0
20
547 341
347 166
591 331
104 276
211 71
545 68
576 341
262 161
58 323
373 89
533 249
234 285
137 148
37 148
314 127
598 39
563 216
242 228
567 178
535 308
1 L1
10 L1
90 325 387 0
207 285 387 0
282 60 387 0
35 157 387 0
304 228 387 0
156 79 387 0
397 324 387 0
111 256 387 0
564 257 387 0
109 222 387 0
1 L3
10 L3
221 320 162 0
33 155 162 0
562 104 162 0
118 254 162 0
578 62 162 0
362 103 162 0
69 81 162 0
575 263 162 0
288 183 162 0
400 231 162 0
1 U2
215 0 256 146
10 U2
215 0 297 53
215 0 120 121
215 0 523 99
215 0 185 196
215 0 278 321
215 0 339 311
215 0 218 138
215 0 330 203
215 0 427 92
215 0 225 226
1 U4
387 0 428 296
10 U4
387 0 416 74
387 0 539 147
387 0 106 86
387 0 311 323
387 0 444 321
387 0 345 285
387 0 284 155
387 0 378 343
387 0 24 63
387 0 530 166
6
90 325 50 254
221 320 155 59
207 285 61 269
33 155 441 183
282 60 499 292
562 104 474 127
