4
3
L1 314 0
U2 283 0
L3 425 0
15
126 212
316 134
109 260
509 278
136 299
353 139
478 335
427 130
478 58
510 226
69 290
98 94
579 66
67 128
93 285
2 L1
22 L1
550 153 314 0
547 168 314 0
375 103 314 0
599 126 314 0
75 234 314 0
519 96 314 0
463 244 314 0
322 186 314 0
263 266 314 0
16 220 314 0
383 150 314 0
425 252 314 0
577 283 314 0
161 112 314 0
174 120 314 0
126 302 314 0
366 87 314 0
574 118 314 0
561 126 314 0
208 300 314 0
89 235 314 0
511 171 314 0
2 L3
22 L3
469 180 425 0
107 288 425 0
246 345 425 0
600 304 425 0
24 301 425 0
11 303 425 0
37 116 425 0
570 101 425 0
349 192 425 0
534 60 425 0
375 149 425 0
451 110 425 0
294 158 425 0
29 204 425 0
265 282 425 0
97 199 425 0
184 55 425 0
361 179 425 0
595 204 425 0
174 157 425 0
155 189 425 0
139 271 425 0
2 U2
283 0 9 225
283 0 156 164
22 U2
283 0 210 265
283 0 409 235
283 0 544 334
283 0 28 287
283 0 465 57
283 0 210 265
283 0 85 197
283 0 379 131
283 0 429 127
283 0 287 265
283 0 491 211
283 0 553 202
283 0 557 276
283 0 539 313
283 0 428 69
283 0 66 336
283 0 106 60
283 0 260 221
283 0 486 190
283 0 547 336
283 0 474 315
283 0 166 54
10
550 153 493 309
469 180 410 331
547 168 557 334
107 288 453 308
375 103 502 329
246 345 57 127
599 126 133 222
600 304 285 314
75 234 289 328
24 301 278 153
