5
4
L1 58 0
U2 382 0
L3 403 0
U4 408 0
16
307 196
480 82
551 148
40 117
529 92
383 103
214 80
452 332
208 268
453 299
350 242
108 27
590 142
188 317
484 210
551 319
2 L1
22 L1
145 137 58 0
516 56 58 0
299 320 58 0
385 131 58 0
333 242 58 0
14 112 58 0
242 146 58 0
355 337 58 0
287 299 58 0
101 97 58 0
382 257 58 0
21 348 58 0
413 134 58 0
586 337 58 0
61 59 58 0
536 345 58 0
220 147 58 0
436 91 58 0
434 133 58 0
120 106 58 0
130 60 58 0
448 345 58 0
2 L3
22 L3
405 188 403 0
406 139 403 0
168 96 403 0
267 202 403 0
396 218 403 0
243 60 403 0
541 227 403 0
67 319 403 0
373 113 403 0
326 55 403 0
545 346 403 0
217 172 403 0
326 81 403 0
416 85 403 0
135 262 403 0
544 230 403 0
53 148 403 0
228 205 403 0
52 265 403 0
157 203 403 0
268 145 403 0
393 293 403 0
2 U2
382 0 199 54
382 0 370 152
22 U2
382 0 108 212
382 0 103 161
382 0 321 229
382 0 384 134
382 0 179 263
382 0 50 215
382 0 338 283
382 0 477 280
382 0 416 310
382 0 77 146
382 0 600 305
382 0 389 100
382 0 339 208
382 0 589 122
382 0 136 105
382 0 415 75
382 0 440 60
382 0 594 113
382 0 198 120
382 0 79 154
382 0 502 215
382 0 117 264
2 U4
408 0 363 178
408 0 168 123
22 U4
408 0 22 293
408 0 240 239
408 0 190 299
408 0 80 186
408 0 555 85
408 0 400 336
408 0 467 235
408 0 5 131
408 0 182 232
408 0 339 243
408 0 488 153
408 0 208 159
408 0 384 235
408 0 399 289
408 0 346 134
408 0 111 146
408 0 113 50
408 0 156 214
408 0 583 134
408 0 141 71
408 0 184 99
408 0 513 211
5
145 137 182 77
405 188 299 271
516 56 294 188
406 139 134 128
299 320 531 93
