4
6
L1 104 0
U2 206 0
L3 129 0
U4 561 0
L5 426 0
U6 44 0
24
28 24
432 120
77 39
477 107
49 311
249 10
341 214
578 47
172 104
50 186
363 160
148 307
281 45
96 49
415 95
244 157
104 349
238 122
164 192
430 74
46 134
470 106
159 288
352 258
2 L1
18 L1
145 316 104 0
481 163 104 0
287 155 104 0
362 250 104 0
406 196 104 0
35 167 104 0
117 83 104 0
560 259 104 0
315 206 104 0
491 68 104 0
7 154 104 0
130 131 104 0
320 241 104 0
179 94 104 0
466 338 104 0
511 170 104 0
333 170 104 0
353 156 104 0
2 L3
18 L3
346 50 129 0
14 300 129 0
211 181 129 0
443 237 129 0
451 302 129 0
379 269 129 0
209 259 129 0
310 181 129 0
565 189 129 0
51 66 129 0
272 182 129 0
534 138 129 0
146 194 129 0
235 102 129 0
528 176 129 0
430 307 129 0
282 111 129 0
264 298 129 0
2 L5
18 L5
598 247 426 0
577 107 426 0
597 55 426 0
49 162 426 0
560 254 426 0
212 178 426 0
317 115 426 0
319 166 426 0
366 237 426 0
208 285 426 0
125 100 426 0
224 154 426 0
422 322 426 0
432 185 426 0
396 350 426 0
238 193 426 0
533 199 426 0
500 107 426 0
2 U2
206 0 251 70
206 0 45 336
18 U2
206 0 252 174
206 0 60 160
206 0 116 114
206 0 294 189
206 0 555 286
206 0 506 282
206 0 76 275
206 0 215 259
206 0 474 310
206 0 461 302
206 0 413 256
206 0 15 243
206 0 365 127
206 0 536 206
206 0 78 282
206 0 456 301
206 0 430 210
206 0 362 229
2 U4
561 0 434 317
561 0 59 183
18 U4
561 0 567 335
561 0 397 339
561 0 484 194
561 0 84 101
561 0 425 90
561 0 222 90
561 0 250 193
561 0 4 329
561 0 308 76
561 0 471 189
561 0 579 123
561 0 146 231
561 0 550 110
561 0 146 142
561 0 302 211
561 0 21 164
561 0 445 67
561 0 516 171
2 U6
44 0 175 347
44 0 104 202
18 U6
44 0 225 147
44 0 296 62
44 0 210 218
44 0 119 141
44 0 430 82
44 0 579 174
44 0 117 349
44 0 34 236
44 0 221 250
44 0 130 214
44 0 178 96
44 0 479 261
44 0 486 185
44 0 67 119
44 0 264 101
44 0 438 294
44 0 377 298
44 0 174 213
6
145 316 343 201
346 50 445 272
598 247 457 190
481 163 117 335
14 300 221 70
577 107 290 238
