4
4
L1 346 0
U2 486 0
L3 184 0
U4 552 0
12
74 139
163 294
292 47
247 198
395 191
584 104
509 180
590 230
447 35
439 322
224 273
409 201
2 L1
22 L1
524 214 346 0
370 286 346 0
153 279 346 0
253 240 346 0
131 157 346 0
205 191 346 0
239 244 346 0
463 108 346 0
419 164 346 0
180 343 346 0
382 185 346 0
595 140 346 0
76 275 346 0
179 268 346 0
591 341 346 0
67 307 346 0
57 204 346 0
220 101 346 0
455 84 346 0
435 313 346 0
114 249 346 0
462 93 346 0
2 L3
22 L3
180 85 184 0
579 132 184 0
428 172 184 0
511 194 184 0
267 160 184 0
84 244 184 0
235 136 184 0
277 127 184 0
49 75 184 0
184 294 184 0
60 52 184 0
182 143 184 0
93 340 184 0
514 290 184 0
230 118 184 0
114 297 184 0
27 76 184 0
467 322 184 0
72 183 184 0
441 154 184 0
221 309 184 0
189 74 184 0
2 U2
486 0 491 274
486 0 456 346
22 U2
486 0 295 295
486 0 557 117
486 0 308 279
486 0 342 213
486 0 489 83
486 0 189 181
486 0 219 191
486 0 559 225
486 0 120 77
486 0 269 349
486 0 192 228
486 0 476 247
486 0 251 151
486 0 458 289
486 0 17 140
486 0 217 209
486 0 392 197
486 0 508 338
486 0 484 325
486 0 357 202
486 0 206 237
486 0 99 277
2 U4
552 0 152 114
552 0 46 273
22 U4
552 0 32 57
552 0 302 186
552 0 524 325
552 0 35 115
552 0 175 153
552 0 18 290
552 0 468 186
552 0 234 136
552 0 598 337
552 0 50 63
552 0 387 260
552 0 347 154
552 0 220 350
552 0 464 296
552 0 379 268
552 0 441 54
552 0 52 89
552 0 222 288
552 0 302 71
552 0 312 135
552 0 574 193
552 0 244 277
14
524 214 318 158
180 85 281 107
370 286 227 279
579 132 133 183
153 279 385 187
428 172 476 256
253 240 315 233
511 194 165 286
131 157 401 162
267 160 138 262
205 191 303 193
84 244 198 81
239 244 329 257
235 136 496 192
