3
5
L1 203 0
U2 323 0
L3 552 0
U4 201 0
L5 341 0
15
80 108
404 103
334 98
108 297
208 161
46 220
136 50
216 134
252 217
429 119
107 109
500 299
536 70
549 184
128 191
1 L1
14 L1
8 331 203 0
256 268 203 0
274 200 203 0
55 196 203 0
228 89 203 0
586 161 203 0
558 259 203 0
94 195 203 0
74 140 203 0
487 192 203 0
92 93 203 0
455 54 203 0
297 139 203 0
226 313 203 0
1 L3
14 L3
523 87 552 0
285 214 552 0
566 242 552 0
48 332 552 0
492 295 552 0
347 236 552 0
125 170 552 0
43 156 552 0
131 275 552 0
275 147 552 0
470 269 552 0
0 225 552 0
322 75 552 0
590 232 552 0
1 L5
14 L5
329 129 341 0
588 349 341 0
63 172 341 0
392 283 341 0
584 101 341 0
155 143 341 0
120 137 341 0
108 316 341 0
402 117 341 0
296 237 341 0
16 77 341 0
369 250 341 0
549 83 341 0
33 349 341 0
1 U2
323 0 119 330
14 U2
323 0 286 307
323 0 30 125
323 0 333 69
323 0 442 326
323 0 10 165
323 0 197 344
323 0 38 68
323 0 47 286
323 0 46 296
323 0 573 243
323 0 271 261
323 0 497 344
323 0 403 159
323 0 116 279
1 U4
201 0 500 253
14 U4
201 0 258 151
201 0 528 131
201 0 217 251
201 0 310 67
201 0 556 182
201 0 226 173
201 0 438 277
201 0 343 266
201 0 105 176
201 0 96 88
201 0 374 92
201 0 230 259
201 0 211 154
201 0 234 119
7
8 331 52 255
523 87 469 214
329 129 399 312
256 268 61 185
285 214 68 132
588 349 215 278
274 200 107 193
