3
4
L1 539 0
U2 450 0
L3 110 0
U4 101 0
20
17 163
363 235
316 270
44 7
39 62
442 339
520 173
596 118
276 138
351 8
235 312
411 254
440 249
295 148
574 116
31 139
258 308
303 319
379 32
79 219
1 L1
18 L1
99 301 539 0
506 343 539 0
111 217 539 0
139 199 539 0
521 274 539 0
462 136 539 0
525 290 539 0
153 188 539 0
10 163 539 0
159 226 539 0
215 274 539 0
47 258 539 0
117 302 539 0
39 244 539 0
38 285 539 0
324 119 539 0
368 153 539 0
446 139 539 0
1 L3
18 L3
162 315 110 0
556 56 110 0
599 307 110 0
278 102 110 0
553 99 110 0
23 117 110 0
263 304 110 0
77 141 110 0
439 349 110 0
10 349 110 0
92 51 110 0
56 174 110 0
410 249 110 0
261 270 110 0
486 118 110 0
600 293 110 0
54 164 110 0
164 211 110 0
1 U2
450 0 0 308
18 U2
450 0 383 162
450 0 0 67
450 0 456 263
450 0 141 188
450 0 74 279
450 0 128 122
450 0 220 224
450 0 53 122
450 0 503 64
450 0 249 291
450 0 387 302
450 0 312 179
450 0 565 217
450 0 452 261
450 0 332 288
450 0 181 136
450 0 279 282
450 0 106 302
1 U4
101 0 596 288
18 U4
101 0 506 199
101 0 471 263
101 0 351 64
101 0 321 204
101 0 572 159
101 0 82 256
101 0 126 159
101 0 298 251
101 0 367 202
101 0 590 262
101 0 224 101
101 0 565 240
101 0 404 115
101 0 183 206
101 0 96 259
101 0 254 298
101 0 467 253
101 0 316 310
11
99 301 312 173
162 315 245 183
506 343 415 162
556 56 562 283
111 217 386 144
599 307 496 323
139 199 82 95
278 102 201 110
521 274 141 248
553 99 371 245
462 136 310 284
