3
3
L1 86 0
U2 476 0
L3 148 0
12
259 299
198 67
478 93
311 87
419 28
29 122
103 258
318 183
149 98
473 53
16 200
403 129
1 L1
14 L1
471 159 86 0
218 97 86 0
593 109 86 0
282 194 86 0
260 168 86 0
470 110 86 0
394 222 86 0
331 204 86 0
59 180 86 0
364 66 86 0
298 194 86 0
293 69 86 0
101 167 86 0
331 89 86 0
1 L3
14 L3
595 191 148 0
191 202 148 0
440 221 148 0
44 65 148 0
374 71 148 0
389 62 148 0
45 105 148 0
60 287 148 0
189 108 148 0
536 241 148 0
12 200 148 0
304 218 148 0
595 96 148 0
197 331 148 0
1 U2
476 0 328 254
14 U2
476 0 466 330
476 0 396 181
476 0 598 148
476 0 183 206
476 0 29 104
476 0 47 181
476 0 429 255
476 0 411 218
476 0 334 261
476 0 203 244
476 0 326 179
476 0 464 201
476 0 364 205
476 0 159 156
7
471 159 560 203
595 191 575 173
218 97 188 270
191 202 269 204
593 109 295 167
440 221 195 73
282 194 54 224
