4
4
L1 29 0
U2 218 0
L3 257 0
U4 170 0
16
296 71
57 98
495 278
241 223
591 141
424 113
232 112
240 26
308 219
313 192
290 32
83 307
72 65
356 22
308 143
449 144
2 L1
22 L1
55 118 29 0
542 302 29 0
366 276 29 0
495 284 29 0
23 107 29 0
183 314 29 0
436 72 29 0
181 58 29 0
429 323 29 0
431 243 29 0
335 244 29 0
278 277 29 0
312 81 29 0
557 134 29 0
263 230 29 0
134 259 29 0
318 79 29 0
440 77 29 0
109 144 29 0
596 128 29 0
287 212 29 0
54 259 29 0
2 L3
22 L3
25 75 257 0
385 50 257 0
243 309 257 0
253 129 257 0
459 252 257 0
468 171 257 0
514 163 257 0
328 151 257 0
343 323 257 0
192 311 257 0
38 256 257 0
212 68 257 0
287 121 257 0
318 252 257 0
472 255 257 0
6 104 257 0
445 280 257 0
328 65 257 0
488 72 257 0
201 317 257 0
565 74 257 0
59 270 257 0
2 U2
218 0 260 89
218 0 397 206
22 U2
218 0 98 141
218 0 212 123
218 0 15 97
218 0 484 108
218 0 531 226
218 0 248 331
218 0 474 166
218 0 118 217
218 0 20 77
218 0 470 113
218 0 552 80
218 0 543 320
218 0 64 186
218 0 394 292
218 0 239 308
218 0 435 140
218 0 275 257
218 0 18 78
218 0 312 148
218 0 290 107
218 0 219 297
218 0 411 230
2 U4
170 0 366 191
170 0 305 330
22 U4
170 0 563 191
170 0 128 326
170 0 507 253
170 0 137 106
170 0 526 88
170 0 166 298
170 0 522 211
170 0 173 102
170 0 166 333
170 0 13 289
170 0 66 242
170 0 201 185
170 0 246 252
170 0 376 241
170 0 180 321
170 0 598 85
170 0 528 328
170 0 207 312
170 0 457 177
170 0 483 167
170 0 281 181
170 0 546 242
9
55 118 588 100
25 75 142 75
542 302 393 94
385 50 94 67
366 276 17 162
243 309 471 177
495 284 185 59
253 129 389 147
23 107 184 286
