4
4
L1 179 0
U2 515 0
L3 263 0
U4 474 0
20
161 81
165 330
463 35
59 226
67 131
100 190
147 299
194 284
195 142
586 184
547 3
145 168
405 66
499 221
561 286
88 88
189 317
285 122
144 46
595 95
2 L1
18 L1
375 223 179 0
509 218 179 0
372 162 179 0
65 333 179 0
207 192 179 0
215 71 179 0
504 201 179 0
291 157 179 0
370 255 179 0
495 347 179 0
185 139 179 0
448 280 179 0
586 277 179 0
291 208 179 0
325 173 179 0
537 95 179 0
549 322 179 0
194 152 179 0
2 L3
18 L3
291 78 263 0
454 290 263 0
125 171 263 0
39 335 263 0
528 335 263 0
253 136 263 0
194 159 263 0
298 147 263 0
514 96 263 0
429 108 263 0
334 107 263 0
496 69 263 0
369 185 263 0
486 323 263 0
580 305 263 0
249 172 263 0
246 306 263 0
214 290 263 0
2 U2
515 0 175 283
515 0 426 87
18 U2
515 0 159 277
515 0 142 197
515 0 518 181
515 0 170 336
515 0 424 101
515 0 57 215
515 0 569 285
515 0 184 310
515 0 212 269
515 0 493 324
515 0 377 350
515 0 179 178
515 0 347 210
515 0 143 165
515 0 147 217
515 0 108 58
515 0 534 292
515 0 175 77
2 U4
474 0 11 72
474 0 393 242
18 U4
474 0 97 346
474 0 89 229
474 0 525 184
474 0 463 136
474 0 388 101
474 0 73 102
474 0 382 193
474 0 313 243
474 0 131 82
474 0 442 119
474 0 438 181
474 0 243 59
474 0 455 343
474 0 103 241
474 0 100 267
474 0 71 131
474 0 259 188
474 0 467 283
8
375 223 246 214
291 78 435 304
509 218 395 282
454 290 422 57
372 162 299 273
125 171 215 291
65 333 52 296
39 335 247 226
