5
5
L1 91 0
U2 443 0
L3 562 0
U4 34 0
L5 145 0
15
134 192
76 32
359 66
53 133
553 173
184 199
81 185
502 290
161 50
577 101
136 6
522 252
501 234
340 125
543 131
2 L1
22 L1
145 172 91 0
557 266 91 0
91 154 91 0
244 145 91 0
525 140 91 0
387 71 91 0
21 236 91 0
361 299 91 0
65 221 91 0
346 255 91 0
274 90 91 0
18 140 91 0
288 195 91 0
137 146 91 0
239 68 91 0
179 62 91 0
198 185 91 0
486 269 91 0
471 183 91 0
518 112 91 0
371 117 91 0
496 143 91 0
2 L3
22 L3
576 130 562 0
57 190 562 0
284 69 562 0
43 149 562 0
581 204 562 0
14 140 562 0
100 112 562 0
50 240 562 0
224 118 562 0
243 277 562 0
535 166 562 0
498 269 562 0
7 191 562 0
352 180 562 0
87 314 562 0
432 288 562 0
20 117 562 0
436 211 562 0
51 275 562 0
135 286 562 0
566 193 562 0
48 336 562 0
2 L5
22 L5
355 142 145 0
481 340 145 0
386 74 145 0
158 335 145 0
84 318 145 0
561 137 145 0
155 245 145 0
148 226 145 0
127 332 145 0
494 66 145 0
231 279 145 0
536 53 145 0
451 336 145 0
45 294 145 0
182 79 145 0
550 77 145 0
30 200 145 0
322 163 145 0
598 54 145 0
539 237 145 0
258 162 145 0
168 278 145 0
2 U2
443 0 451 190
443 0 582 200
22 U2
443 0 393 84
443 0 186 210
443 0 103 124
443 0 184 210
443 0 183 237
443 0 422 92
443 0 478 317
443 0 550 191
443 0 382 64
443 0 369 209
443 0 465 269
443 0 494 203
443 0 279 133
443 0 190 207
443 0 340 86
443 0 12 128
443 0 429 203
443 0 371 320
443 0 162 322
443 0 93 72
443 0 264 198
443 0 28 252
2 U4
34 0 176 300
34 0 556 350
22 U4
34 0 321 295
34 0 428 322
34 0 545 302
34 0 193 119
34 0 485 320
34 0 411 156
34 0 299 322
34 0 357 335
34 0 411 60
34 0 71 70
34 0 534 331
34 0 286 78
34 0 169 288
34 0 505 156
34 0 528 195
34 0 55 212
34 0 252 141
34 0 286 205
34 0 182 53
34 0 465 200
34 0 384 124
34 0 316 283
17
145 172 140 328
576 130 87 298
355 142 401 321
557 266 489 282
57 190 478 235
481 340 67 263
91 154 469 232
284 69 210 274
386 74 482 177
244 145 456 218
43 149 96 277
158 335 277 58
525 140 510 73
581 204 188 342
84 318 373 88
387 71 167 290
14 140 352 274
