5
5
L1 320 0
U2 581 0
L3 246 0
U4 152 0
L5 593 0
20
387 262
451 326
56 103
69 182
298 218
35 85
196 269
330 240
564 286
177 332
407 71
381 119
100 79
548 211
536 180
201 102
473 20
537 60
502 238
354 302
2 L1
18 L1
460 134 320 0
551 117 320 0
111 296 320 0
198 224 320 0
192 209 320 0
385 328 320 0
461 248 320 0
122 130 320 0
397 235 320 0
227 129 320 0
270 349 320 0
4 129 320 0
416 294 320 0
450 286 320 0
595 274 320 0
137 350 320 0
5 282 320 0
410 268 320 0
2 L3
18 L3
103 256 246 0
298 192 246 0
262 72 246 0
518 249 246 0
121 200 246 0
577 130 246 0
426 132 246 0
103 163 246 0
458 335 246 0
525 289 246 0
29 111 246 0
597 138 246 0
504 234 246 0
494 224 246 0
286 267 246 0
103 171 246 0
70 329 246 0
17 60 246 0
2 L5
18 L5
452 167 593 0
346 279 593 0
87 164 593 0
287 113 593 0
17 113 593 0
461 207 593 0
407 119 593 0
22 310 593 0
4 207 593 0
354 275 593 0
274 159 593 0
45 251 593 0
199 103 593 0
99 256 593 0
519 62 593 0
557 304 593 0
313 209 593 0
313 349 593 0
2 U2
581 0 469 126
581 0 139 132
18 U2
581 0 297 107
581 0 590 127
581 0 531 212
581 0 277 330
581 0 4 96
581 0 106 311
581 0 5 132
581 0 132 124
581 0 469 50
581 0 160 139
581 0 123 194
581 0 132 236
581 0 180 350
581 0 422 158
581 0 79 133
581 0 301 225
581 0 312 74
581 0 206 183
2 U4
152 0 469 64
152 0 196 114
18 U4
152 0 6 90
152 0 227 115
152 0 493 182
152 0 75 182
152 0 88 283
152 0 8 180
152 0 433 171
152 0 35 151
152 0 42 146
152 0 137 260
152 0 373 350
152 0 171 50
152 0 168 251
152 0 214 66
152 0 35 161
152 0 94 86
152 0 149 282
152 0 319 344
5
460 134 490 204
103 256 531 62
452 167 487 301
551 117 272 128
298 192 63 331
