3
4
L1 442 0
U2 486 0
L3 196 0
U4 318 0
12
70 322
489 288
227 233
204 309
286 5
197 138
435 40
216 45
574 280
510 234
485 49
291 68
1 L1
14 L1
471 68 442 0
456 221 442 0
596 313 442 0
155 120 442 0
338 151 442 0
373 242 442 0
375 103 442 0
562 269 442 0
371 343 442 0
473 165 442 0
407 86 442 0
26 240 442 0
534 302 442 0
482 126 442 0
1 L3
14 L3
47 197 196 0
11 243 196 0
591 104 196 0
104 323 196 0
428 147 196 0
337 311 196 0
463 153 196 0
470 258 196 0
335 80 196 0
0 254 196 0
218 109 196 0
310 304 196 0
515 50 196 0
36 243 196 0
1 U2
486 0 205 257
14 U2
486 0 73 252
486 0 145 128
486 0 134 132
486 0 88 196
486 0 63 216
486 0 74 173
486 0 166 53
486 0 309 99
486 0 594 200
486 0 210 322
486 0 150 180
486 0 123 81
486 0 504 114
486 0 560 240
1 U4
318 0 551 52
14 U4
318 0 77 98
318 0 143 298
318 0 495 209
318 0 20 170
318 0 513 68
318 0 100 219
318 0 21 310
318 0 1 320
318 0 37 67
318 0 507 223
318 0 25 162
318 0 142 156
318 0 526 261
318 0 383 306
3
471 68 201 288
47 197 420 331
456 221 73 57
