5
4
L1 83 0
U2 217 0
L3 564 0
U4 177 0
12
306 254
464 111
123 181
5 98
89 210
209 211
35 299
289 289
101 235
241 236
549 58
133 132
2 L1
22 L1
387 135 83 0
560 85 83 0
567 129 83 0
105 53 83 0
500 188 83 0
406 136 83 0
421 273 83 0
184 91 83 0
157 153 83 0
215 174 83 0
300 73 83 0
23 180 83 0
193 291 83 0
315 334 83 0
479 311 83 0
527 315 83 0
238 304 83 0
278 136 83 0
532 195 83 0
8 71 83 0
485 284 83 0
281 287 83 0
2 L3
22 L3
142 332 564 0
594 279 564 0
148 116 564 0
566 194 564 0
591 229 564 0
451 188 564 0
104 248 564 0
549 242 564 0
201 313 564 0
214 312 564 0
422 301 564 0
497 326 564 0
369 144 564 0
433 98 564 0
73 164 564 0
336 313 564 0
556 162 564 0
341 83 564 0
86 68 564 0
80 191 564 0
549 65 564 0
42 298 564 0
2 U2
217 0 580 257
217 0 497 144
22 U2
217 0 545 169
217 0 1 198
217 0 206 295
217 0 226 341
217 0 139 117
217 0 474 184
217 0 475 106
217 0 100 121
217 0 369 207
217 0 195 128
217 0 350 264
217 0 237 153
217 0 285 241
217 0 253 146
217 0 552 166
217 0 560 310
217 0 272 159
217 0 207 134
217 0 447 84
217 0 255 184
217 0 240 129
217 0 116 217
2 U4
177 0 264 127
177 0 246 226
22 U4
177 0 576 253
177 0 305 82
177 0 198 93
177 0 224 128
177 0 223 343
177 0 118 117
177 0 119 312
177 0 80 222
177 0 214 131
177 0 566 292
177 0 233 50
177 0 0 142
177 0 23 292
177 0 483 234
177 0 403 318
177 0 523 137
177 0 120 270
177 0 483 169
177 0 420 326
177 0 435 137
177 0 37 65
177 0 75 300
14
387 135 432 297
142 332 497 271
560 85 101 113
594 279 106 203
567 129 275 126
148 116 34 94
105 53 177 85
566 194 571 115
500 188 31 145
591 229 26 207
406 136 6 188
451 188 350 237
421 273 328 201
104 248 10 245
