4
5
L1 465 0
U2 297 0
L3 93 0
U4 589 0
L5 540 0
15
168 78
179 307
551 40
411 130
543 182
442 139
339 116
370 314
384 122
151 79
534 149
201 247
177 59
513 187
206 174
2 L1
10 L1
324 205 465 0
246 307 465 0
6 131 465 0
399 280 465 0
457 312 465 0
379 90 465 0
288 242 465 0
335 308 465 0
223 97 465 0
478 116 465 0
2 L3
10 L3
227 289 93 0
256 140 93 0
382 137 93 0
398 286 93 0
197 219 93 0
285 62 93 0
197 129 93 0
179 60 93 0
176 52 93 0
435 69 93 0
2 L5
10 L5
11 244 540 0
208 181 540 0
104 146 540 0
496 237 540 0
439 336 540 0
316 95 540 0
460 206 540 0
48 287 540 0
267 136 540 0
434 308 540 0
2 U2
297 0 223 202
297 0 219 75
10 U2
297 0 110 133
297 0 38 265
297 0 125 349
297 0 208 350
297 0 533 163
297 0 300 150
297 0 207 330
297 0 386 350
297 0 136 123
297 0 145 263
2 U4
589 0 276 202
589 0 358 143
10 U4
589 0 353 226
589 0 328 306
589 0 557 348
589 0 156 230
589 0 300 53
589 0 499 191
589 0 173 264
589 0 496 190
589 0 206 162
589 0 62 300
8
324 205 409 337
227 289 4 308
11 244 129 246
246 307 494 255
256 140 197 293
208 181 236 178
6 131 3 224
382 137 361 233
