5
3
L1 470 0
U2 431 0
L3 107 0
9
332 271
235 62
517 163
296 101
150 16
174 204
302 131
381 287
256 108
2 L1
14 L1
440 139 470 0
55 186 470 0
500 72 470 0
300 268 470 0
19 143 470 0
461 64 470 0
528 148 470 0
251 246 470 0
377 335 470 0
543 288 470 0
442 293 470 0
200 142 470 0
338 149 470 0
436 310 470 0
2 L3
14 L3
233 144 107 0
110 58 107 0
147 293 107 0
391 247 107 0
132 187 107 0
564 211 107 0
86 130 107 0
135 142 107 0
362 197 107 0
438 249 107 0
372 69 107 0
311 329 107 0
501 219 107 0
132 232 107 0
2 U2
431 0 83 77
431 0 148 317
14 U2
431 0 245 286
431 0 156 205
431 0 471 203
431 0 385 99
431 0 467 309
431 0 553 324
431 0 341 328
431 0 68 322
431 0 273 93
431 0 561 103
431 0 287 250
431 0 245 53
431 0 468 230
431 0 535 80
7
440 139 567 134
233 144 357 64
55 186 269 308
110 58 444 185
500 72 513 114
147 293 485 140
300 268 535 241
