4
3
L1 209 0
U2 574 0
L3 59 0
9
67 249
347 124
272 295
106 57
12 279
338 20
535 193
351 149
62 230
2 L1
22 L1
203 201 209 0
183 114 209 0
134 235 209 0
111 91 209 0
433 110 209 0
383 305 209 0
426 347 209 0
491 157 209 0
503 136 209 0
302 279 209 0
241 209 209 0
338 266 209 0
423 147 209 0
155 151 209 0
148 157 209 0
405 305 209 0
197 248 209 0
133 146 209 0
159 53 209 0
471 186 209 0
106 101 209 0
357 185 209 0
2 L3
22 L3
75 230 59 0
376 225 59 0
547 234 59 0
120 126 59 0
296 251 59 0
112 154 59 0
558 135 59 0
157 197 59 0
35 281 59 0
316 136 59 0
487 347 59 0
204 213 59 0
95 91 59 0
212 132 59 0
154 338 59 0
126 303 59 0
49 87 59 0
214 194 59 0
130 350 59 0
248 88 59 0
75 288 59 0
489 150 59 0
2 U2
574 0 440 225
574 0 527 308
22 U2
574 0 354 288
574 0 93 106
574 0 360 316
574 0 328 180
574 0 46 125
574 0 380 289
574 0 142 246
574 0 437 197
574 0 579 222
574 0 295 275
574 0 98 314
574 0 581 52
574 0 306 264
574 0 510 137
574 0 533 55
574 0 43 128
574 0 178 316
574 0 388 134
574 0 523 60
574 0 29 99
574 0 91 167
574 0 538 318
7
203 201 469 87
75 230 446 276
183 114 464 145
376 225 492 59
134 235 17 296
547 234 492 331
111 91 175 56
