3
3
L1 256 0
U2 400 0
L3 463 0
15
288 344
422 108
554 194
560 62
448 250
203 226
485 285
18 65
296 254
254 210
387 97
428 139
172 140
289 324
481 27
1 L1
14 L1
10 247 256 0
333 266 256 0
250 191 256 0
279 228 256 0
261 247 256 0
16 302 256 0
529 111 256 0
274 247 256 0
339 105 256 0
281 104 256 0
195 242 256 0
155 334 256 0
344 192 256 0
93 231 256 0
1 L3
14 L3
458 171 463 0
238 287 463 0
257 95 463 0
449 125 463 0
554 154 463 0
225 66 463 0
278 190 463 0
588 67 463 0
57 167 463 0
424 235 463 0
77 199 463 0
139 90 463 0
355 123 463 0
551 301 463 0
1 U2
400 0 388 216
14 U2
400 0 425 174
400 0 286 174
400 0 365 96
400 0 0 216
400 0 403 61
400 0 389 321
400 0 183 96
400 0 13 78
400 0 202 333
400 0 6 297
400 0 30 131
400 0 219 293
400 0 85 133
400 0 585 318
3
10 247 364 90
458 171 65 243
333 266 595 314
