5
4
L1 548 0
U2 70 0
L3 226 0
U4 576 0
12
585 223
387 320
192 29
579 335
151 289
456 228
470 332
559 240
211 36
463 136
464 201
354 146
2 L1
10 L1
125 112 548 0
448 93 548 0
301 87 548 0
581 228 548 0
285 280 548 0
297 208 548 0
228 131 548 0
587 50 548 0
278 254 548 0
170 88 548 0
2 L3
10 L3
469 234 226 0
249 58 226 0
589 246 226 0
439 98 226 0
329 93 226 0
511 227 226 0
71 117 226 0
533 184 226 0
245 78 226 0
456 170 226 0
2 U2
70 0 112 248
70 0 407 107
10 U2
70 0 501 171
70 0 137 269
70 0 24 58
70 0 345 283
70 0 271 135
70 0 272 70
70 0 597 294
70 0 210 197
70 0 198 296
70 0 513 126
2 U4
576 0 134 205
576 0 412 267
10 U4
576 0 483 217
576 0 528 298
576 0 181 289
576 0 495 51
576 0 221 90
576 0 40 334
576 0 445 85
576 0 596 93
576 0 191 324
576 0 302 182
4
125 112 10 74
469 234 254 306
448 93 368 104
249 58 195 128
