4
5
L1 402 0
U2 388 0
L3 245 0
U4 240 0
L5 68 0
20
93 130
122 172
4 221
209 4
215 318
162 119
245 312
321 301
276 65
180 264
339 200
466 344
424 110
79 185
265 330
537 219
453 287
406 290
578 44
307 201
2 L1
18 L1
138 173 402 0
57 118 402 0
243 337 402 0
419 152 402 0
260 90 402 0
164 193 402 0
347 175 402 0
537 61 402 0
188 338 402 0
128 137 402 0
163 117 402 0
204 176 402 0
233 266 402 0
281 151 402 0
288 88 402 0
237 263 402 0
482 51 402 0
311 168 402 0
2 L3
18 L3
422 329 245 0
435 303 245 0
166 59 245 0
568 276 245 0
352 195 245 0
170 120 245 0
325 162 245 0
59 148 245 0
33 119 245 0
440 337 245 0
471 68 245 0
230 232 245 0
388 96 245 0
79 93 245 0
49 87 245 0
362 158 245 0
170 282 245 0
82 228 245 0
2 L5
18 L5
170 219 68 0
503 236 68 0
531 116 68 0
479 71 68 0
27 235 68 0
180 320 68 0
107 208 68 0
569 204 68 0
213 335 68 0
343 52 68 0
499 303 68 0
299 234 68 0
584 88 68 0
488 348 68 0
298 242 68 0
76 223 68 0
204 238 68 0
301 101 68 0
2 U2
388 0 215 242
388 0 468 167
18 U2
388 0 281 87
388 0 515 329
388 0 550 213
388 0 442 251
388 0 439 286
388 0 513 323
388 0 306 157
388 0 458 253
388 0 271 59
388 0 472 284
388 0 531 64
388 0 444 324
388 0 77 79
388 0 62 271
388 0 465 93
388 0 303 66
388 0 371 64
388 0 176 311
2 U4
240 0 297 180
240 0 77 152
18 U4
240 0 148 233
240 0 74 338
240 0 87 84
240 0 220 58
240 0 474 160
240 0 101 318
240 0 128 348
240 0 428 317
240 0 500 276
240 0 268 334
240 0 229 138
240 0 437 167
240 0 28 163
240 0 504 346
240 0 98 309
240 0 539 107
240 0 104 211
240 0 182 289
14
138 173 260 259
422 329 252 114
170 219 220 194
57 118 313 344
435 303 423 96
503 236 35 76
243 337 423 90
166 59 57 328
531 116 379 272
419 152 537 82
568 276 518 243
479 71 163 264
260 90 373 302
352 195 127 295
