3
6
L1 11 0
U2 259 0
L3 41 0
U4 368 0
L5 362 0
U6 8 0
24
45 244
473 131
465 109
219 339
302 226
269 270
164 295
344 92
85 193
319 115
165 263
77 13
511 167
149 253
42 223
313 297
250 285
476 272
189 343
406 212
126 96
355 224
587 300
491 285
1 L1
22 L1
327 126 11 0
218 96 11 0
428 98 11 0
578 316 11 0
45 181 11 0
432 231 11 0
378 75 11 0
365 277 11 0
189 250 11 0
580 181 11 0
167 291 11 0
146 318 11 0
222 193 11 0
227 74 11 0
452 293 11 0
205 273 11 0
142 184 11 0
428 71 11 0
569 178 11 0
344 99 11 0
32 259 11 0
336 94 11 0
1 L3
22 L3
366 124 41 0
373 186 41 0
294 321 41 0
372 339 41 0
133 319 41 0
91 201 41 0
498 290 41 0
84 213 41 0
551 240 41 0
502 106 41 0
457 143 41 0
586 212 41 0
112 285 41 0
217 148 41 0
167 112 41 0
451 101 41 0
150 147 41 0
331 244 41 0
431 195 41 0
274 256 41 0
333 340 41 0
71 205 41 0
1 L5
22 L5
596 107 362 0
500 274 362 0
447 344 362 0
471 162 362 0
470 176 362 0
6 273 362 0
550 312 362 0
521 276 362 0
390 323 362 0
515 58 362 0
287 346 362 0
132 293 362 0
211 73 362 0
157 204 362 0
189 60 362 0
430 237 362 0
82 193 362 0
139 295 362 0
38 244 362 0
375 84 362 0
204 303 362 0
544 221 362 0
1 U2
259 0 221 111
22 U2
259 0 172 128
259 0 216 220
259 0 509 186
259 0 207 263
259 0 100 122
259 0 387 103
259 0 500 287
259 0 465 146
259 0 505 240
259 0 92 317
259 0 517 123
259 0 254 217
259 0 352 108
259 0 319 87
259 0 198 246
259 0 70 57
259 0 193 130
259 0 282 139
259 0 146 280
259 0 440 169
259 0 165 168
259 0 263 337
1 U4
368 0 6 323
22 U4
368 0 323 288
368 0 143 219
368 0 263 212
368 0 309 65
368 0 164 140
368 0 196 305
368 0 574 71
368 0 30 223
368 0 494 307
368 0 186 119
368 0 201 343
368 0 527 94
368 0 181 295
368 0 161 172
368 0 211 244
368 0 538 225
368 0 26 289
368 0 256 239
368 0 239 140
368 0 215 112
368 0 491 58
368 0 417 221
1 U6
8 0 592 187
22 U6
8 0 131 265
8 0 572 59
8 0 493 331
8 0 298 77
8 0 459 262
8 0 45 292
8 0 418 273
8 0 451 150
8 0 344 131
8 0 197 83
8 0 553 118
8 0 225 152
8 0 32 231
8 0 455 109
8 0 326 261
8 0 482 319
8 0 309 190
8 0 75 325
8 0 208 318
8 0 11 135
8 0 462 281
8 0 415 64
20
327 126 290 144
366 124 582 84
596 107 130 226
218 96 594 120
373 186 183 260
500 274 475 273
428 98 236 161
294 321 162 257
447 344 15 115
578 316 110 103
372 339 549 299
471 162 412 221
45 181 398 288
133 319 293 226
470 176 26 348
432 231 429 185
91 201 42 317
6 273 386 290
378 75 350 286
498 290 309 221
