4
6
L1 88 0
U2 128 0
L3 508 0
U4 173 0
L5 275 0
U6 315 0
24
319 257
38 258
175 163
23 172
130 243
242 202
558 194
164 149
271 165
96 136
2 97
356 231
340 230
227 333
363 315
408 167
268 215
23 165
594 37
480 47
441 335
356 253
447 63
109 150
2 L1
14 L1
232 330 88 0
38 60 88 0
318 313 88 0
534 134 88 0
491 129 88 0
351 339 88 0
398 310 88 0
403 132 88 0
108 92 88 0
387 243 88 0
539 152 88 0
147 311 88 0
400 108 88 0
365 334 88 0
2 L3
14 L3
110 176 508 0
380 262 508 0
62 296 508 0
276 318 508 0
64 145 508 0
98 150 508 0
567 141 508 0
98 120 508 0
433 140 508 0
231 324 508 0
455 271 508 0
160 226 508 0
405 240 508 0
500 228 508 0
2 L5
14 L5
52 99 275 0
564 201 275 0
117 54 275 0
426 229 275 0
484 309 275 0
224 82 275 0
283 121 275 0
219 64 275 0
105 193 275 0
261 127 275 0
68 285 275 0
433 120 275 0
68 289 275 0
469 168 275 0
2 U2
128 0 541 346
128 0 490 273
14 U2
128 0 220 268
128 0 283 266
128 0 569 110
128 0 468 295
128 0 259 206
128 0 115 102
128 0 13 252
128 0 432 117
128 0 212 317
128 0 249 316
128 0 494 251
128 0 126 69
128 0 314 273
128 0 29 304
2 U4
173 0 387 99
173 0 102 242
14 U4
173 0 554 140
173 0 81 156
173 0 109 66
173 0 213 204
173 0 567 322
173 0 410 106
173 0 466 292
173 0 494 74
173 0 464 108
173 0 440 345
173 0 172 244
173 0 547 164
173 0 276 290
173 0 598 118
2 U6
315 0 360 158
315 0 199 64
14 U6
315 0 494 109
315 0 327 107
315 0 599 206
315 0 204 264
315 0 550 206
315 0 298 299
315 0 526 95
315 0 562 108
315 0 125 70
315 0 436 131
315 0 327 70
315 0 487 328
315 0 241 270
315 0 262 350
5
232 330 376 325
110 176 593 294
52 99 149 282
38 60 90 137
380 262 372 239
