3
4
L1 367 0
U2 423 0
L3 276 0
U4 490 0
12
132 63
21 71
3 140
273 133
385 101
326 48
456 3
152 270
190 4
600 312
516 207
492 6
1 L1
14 L1
108 224 367 0
498 195 367 0
65 346 367 0
249 92 367 0
229 332 367 0
247 267 367 0
37 317 367 0
325 118 367 0
251 243 367 0
195 149 367 0
323 318 367 0
513 97 367 0
387 246 367 0
285 265 367 0
1 L3
14 L3
259 114 276 0
507 55 276 0
195 267 276 0
589 281 276 0
317 301 276 0
522 132 276 0
496 332 276 0
482 102 276 0
545 52 276 0
398 236 276 0
460 184 276 0
166 226 276 0
133 301 276 0
280 233 276 0
1 U2
423 0 494 267
14 U2
423 0 551 255
423 0 476 301
423 0 111 347
423 0 333 150
423 0 286 331
423 0 593 231
423 0 445 141
423 0 62 252
423 0 418 50
423 0 17 122
423 0 175 145
423 0 248 175
423 0 60 170
423 0 146 280
1 U4
490 0 595 98
14 U4
490 0 460 124
490 0 73 84
490 0 347 92
490 0 537 189
490 0 480 144
490 0 54 92
490 0 142 55
490 0 300 227
490 0 589 306
490 0 366 163
490 0 544 229
490 0 43 79
490 0 462 244
490 0 532 250
6
108 224 593 129
259 114 402 302
498 195 533 262
507 55 552 81
65 346 239 141
195 267 500 114
