4
3
L1 345 0
U2 302 0
L3 28 0
15
474 261
262 338
332 228
249 315
238 132
50 222
254 165
531 257
507 140
597 126
106 248
137 210
162 26
21 10
593 320
2 L1
10 L1
122 154 345 0
600 109 345 0
486 59 345 0
412 101 345 0
326 105 345 0
159 188 345 0
542 265 345 0
23 73 345 0
560 261 345 0
417 290 345 0
2 L3
10 L3
493 196 28 0
223 281 28 0
488 328 28 0
506 158 28 0
256 61 28 0
109 267 28 0
594 312 28 0
202 219 28 0
392 88 28 0
392 321 28 0
2 U2
302 0 544 117
302 0 1 280
10 U2
302 0 176 161
302 0 295 264
302 0 134 310
302 0 108 191
302 0 37 198
302 0 361 96
302 0 230 269
302 0 14 319
302 0 114 172
302 0 516 85
3
122 154 176 89
493 196 147 160
600 109 252 127
