3
3
L1 61 0
U2 404 0
L3 33 0
12
280 22
285 183
127 303
387 79
390 302
345 117
127 65
314 199
167 212
416 77
88 180
21 105
1 L1
14 L1
189 163 61 0
327 150 61 0
520 323 61 0
452 82 61 0
358 154 61 0
457 162 61 0
42 306 61 0
568 175 61 0
394 216 61 0
517 135 61 0
466 113 61 0
100 125 61 0
205 244 61 0
247 173 61 0
1 L3
14 L3
21 212 33 0
399 301 33 0
319 334 33 0
17 111 33 0
221 150 33 0
489 201 33 0
186 99 33 0
427 109 33 0
1 215 33 0
595 219 33 0
110 231 33 0
575 65 33 0
283 179 33 0
300 68 33 0
1 U2
404 0 149 344
14 U2
404 0 542 318
404 0 240 136
404 0 517 281
404 0 238 136
404 0 595 147
404 0 174 71
404 0 2 53
404 0 181 85
404 0 75 331
404 0 598 85
404 0 274 263
404 0 239 191
404 0 245 227
404 0 513 241
3
189 163 449 306
21 212 311 263
327 150 324 166
