4
5
L1 176 0
U2 460 0
L3 3 0
U4 325 0
L5 75 0
20
96 223
535 58
73 327
473 48
100 160
362 115
557 6
226 181
544 114
415 122
142 135
36 0
14 117
343 180
239 45
361 223
474 64
91 46
166 37
267 142
2 L1
10 L1
21 122 176 0
473 283 176 0
31 333 176 0
214 171 176 0
200 117 176 0
541 252 176 0
394 178 176 0
389 117 176 0
338 144 176 0
355 191 176 0
2 L3
10 L3
112 157 3 0
430 262 3 0
316 199 3 0
488 123 3 0
351 118 3 0
228 101 3 0
446 202 3 0
92 233 3 0
195 294 3 0
320 164 3 0
2 L5
10 L5
71 228 75 0
176 241 75 0
559 199 75 0
348 234 75 0
220 93 75 0
42 209 75 0
160 102 75 0
325 83 75 0
101 51 75 0
127 284 75 0
2 U2
460 0 261 255
460 0 164 87
10 U2
460 0 575 281
460 0 10 283
460 0 75 321
460 0 352 320
460 0 134 170
460 0 337 307
460 0 592 252
460 0 322 215
460 0 525 61
460 0 598 150
2 U4
325 0 599 86
325 0 164 82
10 U4
325 0 289 163
325 0 40 81
325 0 354 186
325 0 583 79
325 0 346 266
325 0 434 69
325 0 531 204
325 0 598 299
325 0 223 321
325 0 575 259
8
21 122 588 146
112 157 494 143
71 228 491 70
473 283 437 108
430 262 441 219
176 241 197 71
31 333 426 118
316 199 585 90
