4
6
L1 443 0
U2 523 0
L3 158 0
U4 397 0
L5 408 0
U6 118 0
30
425 205
377 4
503 306
67 67
177 216
332 166
491 328
564 7
120 218
415 126
431 304
583 66
421 144
533 320
545 345
570 220
551 322
207 97
482 193
373 315
1 323
380 288
290 178
363 69
402 277
530 328
64 288
54 166
353 265
221 152
2 L1
14 L1
401 306 443 0
382 341 443 0
235 139 443 0
421 196 443 0
226 316 443 0
285 341 443 0
126 59 443 0
569 186 443 0
30 339 443 0
534 121 443 0
50 131 443 0
249 77 443 0
325 50 443 0
214 303 443 0
2 L3
14 L3
218 86 158 0
0 341 158 0
58 200 158 0
57 145 158 0
249 251 158 0
472 261 158 0
362 220 158 0
470 112 158 0
162 288 158 0
564 169 158 0
203 55 158 0
427 55 158 0
547 118 158 0
151 195 158 0
2 L5
14 L5
352 333 408 0
441 210 408 0
191 209 408 0
534 143 408 0
106 119 408 0
200 160 408 0
256 99 408 0
106 248 408 0
314 218 408 0
236 281 408 0
169 197 408 0
524 157 408 0
247 113 408 0
267 329 408 0
2 U2
523 0 320 227
523 0 192 288
14 U2
523 0 146 167
523 0 461 89
523 0 192 232
523 0 404 264
523 0 188 75
523 0 593 343
523 0 420 338
523 0 408 306
523 0 349 342
523 0 426 114
523 0 11 73
523 0 191 129
523 0 22 106
523 0 540 319
2 U4
397 0 239 56
397 0 168 165
14 U4
397 0 592 66
397 0 575 181
397 0 512 212
397 0 66 262
397 0 361 345
397 0 272 326
397 0 386 189
397 0 279 83
397 0 352 216
397 0 538 203
397 0 535 221
397 0 537 166
397 0 432 239
397 0 286 237
2 U6
118 0 179 345
118 0 33 248
14 U6
118 0 140 110
118 0 108 241
118 0 520 81
118 0 148 94
118 0 269 336
118 0 364 122
118 0 57 81
118 0 434 194
118 0 104 270
118 0 581 269
118 0 585 213
118 0 596 167
118 0 33 340
118 0 72 172
9
401 306 119 63
218 86 497 224
352 333 26 214
382 341 559 299
0 341 367 303
441 210 322 123
235 139 533 58
58 200 7 298
191 209 295 95
