4
6
L1 536 0
U2 18 0
L3 276 0
U4 298 0
L5 505 0
U6 124 0
24
436 14
265 207
76 233
67 60
521 263
352 178
83 60
266 344
450 293
261 106
413 323
503 161
287 249
70 291
261 39
369 66
138 254
519 176
402 143
79 145
276 184
499 220
239 268
282 190
2 L1
10 L1
9 214 536 0
329 211 536 0
362 298 536 0
190 223 536 0
468 338 536 0
598 336 536 0
568 339 536 0
483 289 536 0
79 182 536 0
368 266 536 0
2 L3
10 L3
383 299 276 0
67 238 276 0
209 188 276 0
556 136 276 0
532 233 276 0
193 114 276 0
111 97 276 0
592 90 276 0
120 221 276 0
352 297 276 0
2 L5
10 L5
303 124 505 0
424 81 505 0
206 51 505 0
143 252 505 0
351 147 505 0
86 114 505 0
527 349 505 0
549 101 505 0
209 326 505 0
105 131 505 0
2 U2
18 0 319 67
18 0 311 159
10 U2
18 0 482 130
18 0 346 258
18 0 514 287
18 0 578 237
18 0 493 254
18 0 157 157
18 0 310 172
18 0 269 71
18 0 221 89
18 0 551 323
2 U4
298 0 287 278
298 0 590 325
10 U4
298 0 519 288
298 0 204 320
298 0 190 327
298 0 433 266
298 0 39 248
298 0 274 147
298 0 355 61
298 0 484 227
298 0 323 272
298 0 414 312
2 U6
124 0 353 262
124 0 584 179
10 U6
124 0 446 173
124 0 19 166
124 0 207 236
124 0 308 139
124 0 500 116
124 0 409 269
124 0 354 233
124 0 37 224
124 0 111 349
124 0 21 251
3
9 214 168 293
383 299 354 250
303 124 554 104
