3
5
L1 55 0
U2 72 0
L3 58 0
U4 44 0
L5 139 0
20
298 18
576 48
595 42
133 279
9 243
334 213
426 157
482 8
297 162
547 343
199 269
348 263
475 184
165 36
51 339
551 136
587 164
293 322
36 34
211 61
1 L1
22 L1
159 94 55 0
419 121 55 0
407 179 55 0
221 228 55 0
75 179 55 0
242 105 55 0
162 247 55 0
250 241 55 0
4 276 55 0
216 244 55 0
533 263 55 0
550 332 55 0
279 278 55 0
269 65 55 0
94 62 55 0
325 280 55 0
531 282 55 0
3 346 55 0
453 175 55 0
276 346 55 0
499 280 55 0
409 193 55 0
1 L3
22 L3
475 254 58 0
194 90 58 0
371 105 58 0
69 203 58 0
388 113 58 0
226 153 58 0
260 254 58 0
514 315 58 0
174 83 58 0
175 236 58 0
153 71 58 0
158 167 58 0
42 280 58 0
576 287 58 0
460 155 58 0
239 255 58 0
278 156 58 0
514 60 58 0
71 229 58 0
270 83 58 0
514 256 58 0
253 335 58 0
1 L5
22 L5
96 84 139 0
449 237 139 0
437 61 139 0
397 201 139 0
137 349 139 0
278 156 139 0
599 219 139 0
219 250 139 0
478 297 139 0
400 90 139 0
489 94 139 0
288 278 139 0
451 147 139 0
348 50 139 0
250 173 139 0
488 94 139 0
535 115 139 0
409 55 139 0
68 68 139 0
13 183 139 0
488 58 139 0
531 344 139 0
1 U2
72 0 221 253
22 U2
72 0 168 325
72 0 23 334
72 0 488 173
72 0 586 202
72 0 286 105
72 0 196 233
72 0 357 140
72 0 354 75
72 0 206 188
72 0 171 338
72 0 291 198
72 0 277 239
72 0 289 73
72 0 186 273
72 0 24 147
72 0 341 74
72 0 114 61
72 0 259 138
72 0 541 167
72 0 421 295
72 0 298 131
72 0 79 79
1 U4
44 0 251 149
22 U4
44 0 0 100
44 0 74 297
44 0 47 90
44 0 403 185
44 0 355 246
44 0 532 236
44 0 135 328
44 0 449 131
44 0 51 245
44 0 564 217
44 0 577 297
44 0 362 99
44 0 92 311
44 0 427 196
44 0 488 270
44 0 27 318
44 0 31 113
44 0 471 50
44 0 353 225
44 0 179 129
44 0 486 216
44 0 4 202
17
159 94 246 125
475 254 224 271
96 84 444 233
419 121 473 75
194 90 197 82
449 237 447 308
407 179 242 309
371 105 312 169
437 61 215 276
221 228 561 111
69 203 290 215
397 201 380 310
75 179 53 170
388 113 523 80
137 349 317 86
242 105 412 56
226 153 138 216
