4
3
L1 358 0
U2 375 0
L3 302 0
12
421 80
441 145
128 235
83 74
107 130
181 107
255 89
511 291
220 183
437 322
574 238
429 118
2 L1
22 L1
280 224 358 0
407 103 358 0
366 141 358 0
280 187 358 0
524 198 358 0
383 136 358 0
180 328 358 0
418 154 358 0
281 172 358 0
169 336 358 0
121 222 358 0
445 198 358 0
568 341 358 0
55 222 358 0
124 127 358 0
7 74 358 0
17 337 358 0
294 89 358 0
13 85 358 0
518 211 358 0
40 92 358 0
92 122 358 0
2 L3
22 L3
251 134 302 0
586 222 302 0
453 113 302 0
359 171 302 0
400 115 302 0
574 161 302 0
583 92 302 0
412 204 302 0
27 234 302 0
553 285 302 0
171 317 302 0
287 283 302 0
544 197 302 0
515 247 302 0
301 204 302 0
25 262 302 0
227 269 302 0
543 282 302 0
207 132 302 0
414 308 302 0
230 124 302 0
263 107 302 0
2 U2
375 0 431 282
375 0 190 63
22 U2
375 0 160 347
375 0 392 76
375 0 484 76
375 0 449 341
375 0 52 160
375 0 509 247
375 0 523 255
375 0 273 175
375 0 73 222
375 0 592 294
375 0 41 196
375 0 596 271
375 0 480 221
375 0 591 334
375 0 249 71
375 0 523 75
375 0 335 231
375 0 521 168
375 0 517 80
375 0 287 195
375 0 104 71
375 0 10 321
4
280 224 58 317
251 134 176 51
407 103 552 268
586 222 209 271
