5
5
L1 92 0
U2 79 0
L3 403 0
U4 353 0
L5 476 0
20
540 244
391 350
530 104
142 16
541 29
349 152
535 246
358 181
84 207
512 233
208 250
569 38
456 162
17 201
10 288
470 34
338 280
225 45
6 15
38 340
2 L1
22 L1
569 116 92 0
519 327 92 0
448 185 92 0
279 339 92 0
190 114 92 0
519 223 92 0
270 268 92 0
199 285 92 0
493 62 92 0
54 263 92 0
71 234 92 0
148 151 92 0
505 112 92 0
537 155 92 0
320 301 92 0
388 272 92 0
276 142 92 0
169 336 92 0
278 289 92 0
104 234 92 0
431 211 92 0
346 237 92 0
2 L3
22 L3
513 233 403 0
182 231 403 0
276 95 403 0
521 288 403 0
144 234 403 0
9 312 403 0
167 302 403 0
560 149 403 0
562 84 403 0
220 273 403 0
402 60 403 0
546 336 403 0
573 75 403 0
260 54 403 0
553 306 403 0
37 330 403 0
78 192 403 0
309 99 403 0
516 269 403 0
529 151 403 0
55 328 403 0
168 313 403 0
2 L5
22 L5
304 87 476 0
386 346 476 0
258 90 476 0
35 256 476 0
359 62 476 0
294 275 476 0
557 308 476 0
492 223 476 0
58 61 476 0
595 263 476 0
595 247 476 0
480 133 476 0
263 271 476 0
246 232 476 0
529 209 476 0
280 87 476 0
551 288 476 0
284 101 476 0
575 208 476 0
150 124 476 0
275 230 476 0
10 339 476 0
2 U2
79 0 13 216
79 0 487 313
22 U2
79 0 483 274
79 0 96 264
79 0 153 85
79 0 299 256
79 0 39 349
79 0 499 91
79 0 371 337
79 0 10 92
79 0 334 164
79 0 148 237
79 0 315 294
79 0 137 63
79 0 273 127
79 0 121 170
79 0 515 328
79 0 227 96
79 0 545 100
79 0 111 127
79 0 257 286
79 0 333 153
79 0 294 182
79 0 366 196
2 U4
353 0 83 106
353 0 245 94
22 U4
353 0 318 348
353 0 448 82
353 0 575 277
353 0 55 181
353 0 104 212
353 0 310 171
353 0 251 123
353 0 244 344
353 0 198 237
353 0 303 211
353 0 95 122
353 0 372 280
353 0 229 158
353 0 103 204
353 0 511 349
353 0 84 289
353 0 378 153
353 0 404 220
353 0 42 294
353 0 87 83
353 0 402 107
353 0 266 95
6
569 116 532 288
513 233 587 336
304 87 1 135
519 327 147 307
182 231 540 287
386 346 566 213
