4
4
L1 371 0
U2 534 0
L3 382 0
U4 476 0
16
412 151
379 173
105 94
350 156
77 103
582 298
348 103
554 122
284 205
67 115
338 167
173 66
29 28
141 310
309 278
533 331
2 L1
14 L1
591 176 371 0
158 336 371 0
375 118 371 0
192 201 371 0
240 239 371 0
559 67 371 0
225 316 371 0
257 204 371 0
233 178 371 0
49 188 371 0
15 280 371 0
250 201 371 0
417 240 371 0
355 53 371 0
2 L3
14 L3
80 211 382 0
13 347 382 0
587 206 382 0
298 142 382 0
502 144 382 0
86 167 382 0
441 104 382 0
485 280 382 0
7 136 382 0
163 249 382 0
468 309 382 0
70 121 382 0
424 96 382 0
315 295 382 0
2 U2
534 0 586 332
534 0 213 346
14 U2
534 0 214 187
534 0 244 183
534 0 55 332
534 0 96 329
534 0 559 246
534 0 39 312
534 0 572 350
534 0 87 62
534 0 13 220
534 0 513 87
534 0 458 310
534 0 138 58
534 0 104 221
534 0 38 123
2 U4
476 0 28 284
476 0 428 105
14 U4
476 0 90 124
476 0 49 171
476 0 345 51
476 0 236 54
476 0 395 315
476 0 283 235
476 0 444 243
476 0 273 307
476 0 184 83
476 0 93 62
476 0 475 140
476 0 326 138
476 0 373 220
476 0 539 322
3
591 176 532 135
80 211 132 56
158 336 313 350
