4
5
L1 501 0
U2 223 0
L3 436 0
U4 245 0
L5 438 0
15
258 253
185 112
452 29
335 265
327 144
186 284
84 323
277 105
454 346
8 273
567 288
389 333
81 112
150 313
536 180
2 L1
10 L1
57 194 501 0
72 273 501 0
260 190 501 0
476 343 501 0
580 278 501 0
28 224 501 0
179 244 501 0
120 107 501 0
82 118 501 0
536 54 501 0
2 L3
10 L3
487 229 436 0
177 173 436 0
134 137 436 0
480 314 436 0
560 113 436 0
459 75 436 0
431 187 436 0
382 317 436 0
31 205 436 0
263 238 436 0
2 L5
10 L5
516 51 438 0
58 134 438 0
256 176 438 0
461 205 438 0
551 336 438 0
90 58 438 0
202 325 438 0
344 341 438 0
427 102 438 0
233 114 438 0
2 U2
223 0 508 98
223 0 451 164
10 U2
223 0 180 156
223 0 464 258
223 0 554 322
223 0 142 309
223 0 439 254
223 0 0 194
223 0 184 209
223 0 157 279
223 0 249 183
223 0 431 79
2 U4
245 0 118 98
245 0 165 309
10 U4
245 0 485 310
245 0 329 286
245 0 570 342
245 0 489 340
245 0 501 271
245 0 228 337
245 0 123 240
245 0 107 315
245 0 363 304
245 0 95 330
3
57 194 151 164
487 229 503 234
516 51 489 204
