3
3
L1 135 0
U2 431 0
L3 316 0
12
71 346
213 217
285 334
351 242
353 137
314 56
326 273
96 5
62 37
400 25
143 276
47 9
1 L1
18 L1
440 166 135 0
336 180 135 0
287 162 135 0
373 201 135 0
106 91 135 0
381 85 135 0
91 95 135 0
5 123 135 0
431 217 135 0
52 80 135 0
253 109 135 0
392 284 135 0
436 141 135 0
463 153 135 0
478 350 135 0
204 111 135 0
147 136 135 0
527 157 135 0
1 L3
18 L3
565 255 316 0
17 54 316 0
129 349 316 0
45 217 316 0
460 103 316 0
133 287 316 0
295 190 316 0
309 88 316 0
527 208 316 0
446 304 316 0
475 110 316 0
313 90 316 0
241 263 316 0
270 87 316 0
215 329 316 0
266 56 316 0
82 190 316 0
251 322 316 0
1 U2
431 0 532 187
18 U2
431 0 469 50
431 0 338 300
431 0 431 311
431 0 141 125
431 0 178 187
431 0 416 228
431 0 37 247
431 0 292 85
431 0 370 350
431 0 188 191
431 0 290 83
431 0 281 155
431 0 491 349
431 0 378 169
431 0 86 212
431 0 74 116
431 0 418 320
431 0 318 307
9
440 166 79 239
565 255 425 283
336 180 470 201
17 54 309 181
287 162 556 168
129 349 76 256
373 201 84 184
45 217 354 59
106 91 341 233
