4
3
L1 392 0
U2 447 0
L3 130 0
9
572 331
485 325
524 60
374 40
512 163
479 95
402 33
380 243
355 301
2 L1
22 L1
491 326 392 0
350 78 392 0
560 267 392 0
254 345 392 0
446 347 392 0
47 98 392 0
438 269 392 0
150 275 392 0
420 70 392 0
358 216 392 0
115 159 392 0
152 178 392 0
171 328 392 0
513 257 392 0
246 169 392 0
272 283 392 0
531 184 392 0
495 255 392 0
96 88 392 0
265 250 392 0
541 189 392 0
70 168 392 0
2 L3
22 L3
398 277 130 0
68 219 130 0
309 261 130 0
7 252 130 0
377 100 130 0
136 323 130 0
461 242 130 0
311 270 130 0
297 259 130 0
171 288 130 0
537 327 130 0
411 259 130 0
402 217 130 0
115 283 130 0
578 83 130 0
45 53 130 0
261 252 130 0
300 84 130 0
302 50 130 0
6 298 130 0
465 314 130 0
36 93 130 0
2 U2
447 0 386 97
447 0 278 293
22 U2
447 0 499 74
447 0 559 325
447 0 329 110
447 0 373 267
447 0 30 261
447 0 313 329
447 0 284 70
447 0 432 308
447 0 370 249
447 0 242 143
447 0 362 241
447 0 62 196
447 0 47 214
447 0 24 285
447 0 285 310
447 0 52 145
447 0 171 234
447 0 455 252
447 0 331 85
447 0 384 286
447 0 334 83
447 0 13 180
4
491 326 78 271
398 277 247 78
350 78 489 338
68 219 97 101
