4
4
L1 442 0
U2 577 0
L3 406 0
U4 382 0
12
530 17
27 111
314 257
46 216
92 120
73 232
68 133
259 17
38 63
236 67
589 18
553 81
2 L1
14 L1
260 203 442 0
240 248 442 0
386 299 442 0
263 311 442 0
387 167 442 0
279 168 442 0
325 68 442 0
414 316 442 0
428 345 442 0
290 118 442 0
273 250 442 0
135 169 442 0
589 328 442 0
255 315 442 0
2 L3
14 L3
495 177 406 0
81 277 406 0
37 121 406 0
517 279 406 0
114 100 406 0
126 154 406 0
202 254 406 0
531 160 406 0
143 64 406 0
462 105 406 0
212 92 406 0
19 267 406 0
9 163 406 0
452 70 406 0
2 U2
577 0 146 195
577 0 2 284
14 U2
577 0 314 245
577 0 70 108
577 0 585 254
577 0 140 60
577 0 423 331
577 0 481 219
577 0 12 175
577 0 444 194
577 0 316 254
577 0 555 85
577 0 478 105
577 0 29 233
577 0 199 59
577 0 343 278
2 U4
382 0 492 288
382 0 212 303
14 U4
382 0 220 208
382 0 22 125
382 0 146 85
382 0 487 321
382 0 214 120
382 0 306 259
382 0 338 240
382 0 580 233
382 0 141 148
382 0 390 277
382 0 95 139
382 0 360 254
382 0 82 193
382 0 566 301
9
260 203 14 115
495 177 198 229
240 248 103 170
81 277 165 178
386 299 403 83
37 121 280 86
263 311 253 268
517 279 303 286
387 167 65 121
