5
5
L1 280 0
U2 536 0
L3 329 0
U4 258 0
L5 281 0
20
205 239
424 169
150 21
327 228
315 301
218 315
214 330
298 343
47 146
315 200
390 80
67 19
13 10
407 106
486 189
530 190
113 265
377 169
235 56
384 130
2 L1
10 L1
507 71 280 0
60 115 280 0
404 234 280 0
565 136 280 0
113 298 280 0
323 179 280 0
325 168 280 0
512 175 280 0
453 321 280 0
140 201 280 0
2 L3
10 L3
203 294 329 0
537 334 329 0
0 210 329 0
59 230 329 0
292 298 329 0
183 136 329 0
440 324 329 0
102 311 329 0
1 316 329 0
186 144 329 0
2 L5
10 L5
244 242 281 0
495 213 281 0
544 102 281 0
194 235 281 0
175 109 281 0
208 254 281 0
246 303 281 0
524 212 281 0
531 318 281 0
182 171 281 0
2 U2
536 0 340 164
536 0 338 227
10 U2
536 0 356 99
536 0 188 311
536 0 291 215
536 0 263 219
536 0 214 248
536 0 252 288
536 0 280 241
536 0 323 67
536 0 571 332
536 0 273 258
2 U4
258 0 130 340
258 0 574 256
10 U4
258 0 56 146
258 0 56 72
258 0 301 291
258 0 309 276
258 0 246 199
258 0 235 109
258 0 460 152
258 0 503 80
258 0 54 130
258 0 120 289
8
507 71 374 337
203 294 558 214
244 242 360 156
60 115 592 52
537 334 322 310
495 213 494 173
404 234 349 103
0 210 27 316
