4
4
L1 65 0
U2 33 0
L3 140 0
U4 22 0
12
338 279
181 173
32 44
556 124
324 193
367 311
193 31
45 225
71 315
343 283
498 90
548 6
2 L1
10 L1
553 153 65 0
110 277 65 0
456 111 65 0
422 217 65 0
90 306 65 0
34 291 65 0
584 226 65 0
321 187 65 0
526 60 65 0
154 141 65 0
2 L3
10 L3
222 59 140 0
18 240 140 0
141 139 140 0
233 228 140 0
200 157 140 0
251 346 140 0
362 101 140 0
445 251 140 0
235 305 140 0
473 334 140 0
2 U2
33 0 133 342
33 0 11 77
10 U2
33 0 70 328
33 0 190 164
33 0 488 50
33 0 117 253
33 0 356 72
33 0 99 331
33 0 374 137
33 0 384 317
33 0 431 247
33 0 385 202
2 U4
22 0 2 271
22 0 571 316
10 U4
22 0 495 267
22 0 523 309
22 0 120 325
22 0 5 177
22 0 142 121
22 0 540 332
22 0 498 196
22 0 99 75
22 0 424 213
22 0 419 147
6
553 153 528 95
222 59 441 271
110 277 226 63
18 240 587 165
456 111 369 259
141 139 125 279
