5
6
L1 561 0
U2 217 0
L3 525 0
U4 269 0
L5 152 0
U6 421 0
18
502 138
268 278
154 350
43 40
563 192
481 332
35 298
185 202
458 266
15 0
10 220
556 54
480 157
60 222
521 322
165 205
194 151
312 285
2 L1
22 L1
389 225 561 0
84 74 561 0
529 236 561 0
458 327 561 0
84 204 561 0
576 235 561 0
437 59 561 0
552 131 561 0
323 60 561 0
122 345 561 0
530 195 561 0
13 72 561 0
539 223 561 0
458 203 561 0
380 199 561 0
81 316 561 0
519 148 561 0
270 230 561 0
588 157 561 0
587 332 561 0
391 128 561 0
192 180 561 0
2 L3
22 L3
213 158 525 0
450 141 525 0
137 280 525 0
207 311 525 0
592 310 525 0
167 252 525 0
140 277 525 0
153 122 525 0
74 83 525 0
529 294 525 0
299 118 525 0
532 271 525 0
222 155 525 0
585 143 525 0
556 221 525 0
322 247 525 0
211 54 525 0
463 316 525 0
234 146 525 0
408 166 525 0
40 248 525 0
28 199 525 0
2 L5
22 L5
539 197 152 0
423 158 152 0
213 257 152 0
371 66 152 0
116 249 152 0
482 255 152 0
165 168 152 0
201 308 152 0
314 334 152 0
192 144 152 0
266 232 152 0
232 99 152 0
514 234 152 0
541 317 152 0
168 259 152 0
568 339 152 0
372 235 152 0
589 317 152 0
49 83 152 0
0 130 152 0
591 162 152 0
232 110 152 0
2 U2
217 0 331 228
217 0 578 257
22 U2
217 0 522 283
217 0 344 166
217 0 93 247
217 0 333 227
217 0 297 249
217 0 143 186
217 0 506 231
217 0 320 292
217 0 323 204
217 0 323 340
217 0 451 97
217 0 317 328
217 0 502 350
217 0 238 171
217 0 117 337
217 0 284 142
217 0 339 76
217 0 48 122
217 0 361 225
217 0 108 56
217 0 438 284
217 0 369 338
2 U4
269 0 196 277
269 0 175 117
22 U4
269 0 168 89
269 0 473 60
269 0 289 230
269 0 243 108
269 0 404 189
269 0 282 82
269 0 168 114
269 0 422 73
269 0 110 88
269 0 421 79
269 0 149 133
269 0 244 301
269 0 263 317
269 0 70 345
269 0 573 149
269 0 456 137
269 0 410 161
269 0 260 128
269 0 475 103
269 0 218 346
269 0 238 102
269 0 279 181
2 U6
421 0 588 198
421 0 375 203
22 U6
421 0 247 264
421 0 519 58
421 0 439 226
421 0 388 73
421 0 187 292
421 0 495 257
421 0 8 212
421 0 293 315
421 0 435 257
421 0 280 246
421 0 397 59
421 0 418 156
421 0 556 83
421 0 458 283
421 0 181 82
421 0 218 100
421 0 9 72
421 0 66 113
421 0 130 73
421 0 223 226
421 0 33 151
421 0 580 131
20
389 225 234 191
213 158 424 168
539 197 296 215
84 74 127 344
450 141 276 243
423 158 464 350
529 236 562 198
137 280 542 145
213 257 578 149
458 327 113 337
207 311 471 281
371 66 591 327
84 204 19 161
592 310 592 238
116 249 362 310
576 235 413 159
167 252 217 124
482 255 308 187
437 59 555 302
140 277 485 306
