3
6
L1 87 0
U2 554 0
L3 534 0
U4 36 0
L5 291 0
U6 574 0
30
338 161
32 204
599 314
501 67
354 255
306 325
227 326
24 49
228 141
187 337
524 234
188 37
322 239
547 288
411 105
378 100
437 146
118 62
298 214
294 8
186 189
206 331
516 113
92 40
376 69
515 284
150 323
500 70
150 57
519 194
1 L1
22 L1
184 287 87 0
315 242 87 0
262 140 87 0
221 215 87 0
354 100 87 0
393 224 87 0
349 250 87 0
153 181 87 0
361 127 87 0
315 320 87 0
111 283 87 0
37 207 87 0
341 300 87 0
115 120 87 0
78 247 87 0
254 315 87 0
181 55 87 0
73 51 87 0
440 304 87 0
485 56 87 0
577 122 87 0
404 326 87 0
1 L3
22 L3
223 221 534 0
324 299 534 0
314 79 534 0
578 177 534 0
257 325 534 0
344 188 534 0
240 306 534 0
412 224 534 0
97 198 534 0
361 296 534 0
516 64 534 0
323 94 534 0
300 142 534 0
171 333 534 0
596 349 534 0
390 346 534 0
57 285 534 0
228 78 534 0
109 337 534 0
145 211 534 0
281 277 534 0
62 190 534 0
1 L5
22 L5
404 211 291 0
177 236 291 0
395 178 291 0
263 319 291 0
324 92 291 0
285 138 291 0
270 52 291 0
493 243 291 0
51 87 291 0
471 186 291 0
74 149 291 0
361 119 291 0
279 297 291 0
214 212 291 0
448 122 291 0
186 276 291 0
62 96 291 0
338 267 291 0
489 263 291 0
368 146 291 0
63 126 291 0
393 78 291 0
1 U2
554 0 378 263
22 U2
554 0 556 166
554 0 457 330
554 0 576 117
554 0 552 247
554 0 470 159
554 0 14 306
554 0 268 149
554 0 522 237
554 0 256 186
554 0 387 314
554 0 172 287
554 0 106 307
554 0 519 218
554 0 523 227
554 0 259 206
554 0 278 179
554 0 374 231
554 0 588 215
554 0 55 82
554 0 402 232
554 0 539 101
554 0 143 155
1 U4
36 0 565 159
22 U4
36 0 322 313
36 0 515 120
36 0 42 269
36 0 241 94
36 0 163 50
36 0 65 259
36 0 111 216
36 0 332 177
36 0 588 92
36 0 14 231
36 0 298 329
36 0 141 257
36 0 282 216
36 0 511 296
36 0 342 151
36 0 227 345
36 0 300 328
36 0 372 172
36 0 559 275
36 0 361 291
36 0 546 255
36 0 501 243
1 U6
574 0 432 284
22 U6
574 0 318 89
574 0 575 57
574 0 202 121
574 0 579 252
574 0 383 64
574 0 201 250
574 0 16 260
574 0 233 90
574 0 412 274
574 0 52 82
574 0 482 274
574 0 432 192
574 0 184 88
574 0 0 260
574 0 64 93
574 0 522 293
574 0 138 124
574 0 331 187
574 0 500 296
574 0 201 185
574 0 564 302
574 0 473 322
7
184 287 285 292
223 221 585 213
404 211 565 336
315 242 576 280
324 299 546 194
177 236 270 271
262 140 312 280
