5
6
L1 247 0
U2 492 0
L3 300 0
U4 98 0
L5 490 0
U6 14 0
18
317 313
576 348
309 202
424 61
219 210
288 227
125 186
247 346
531 189
376 339
491 62
18 39
168 232
171 31
153 243
572 88
137 57
87 15
2 L1
14 L1
577 70 247 0
256 162 247 0
159 56 247 0
559 290 247 0
209 225 247 0
580 123 247 0
560 79 247 0
456 140 247 0
419 206 247 0
51 218 247 0
430 102 247 0
111 237 247 0
468 181 247 0
561 145 247 0
2 L3
14 L3
126 102 300 0
361 86 300 0
242 302 300 0
96 151 300 0
321 92 300 0
347 98 300 0
353 115 300 0
521 342 300 0
548 250 300 0
520 61 300 0
178 133 300 0
479 162 300 0
228 332 300 0
161 281 300 0
2 L5
14 L5
331 343 490 0
222 86 490 0
431 273 490 0
287 192 490 0
352 232 490 0
74 341 490 0
6 113 490 0
435 63 490 0
549 316 490 0
245 109 490 0
355 221 490 0
176 235 490 0
388 271 490 0
113 153 490 0
2 U2
492 0 555 318
492 0 91 319
14 U2
492 0 382 189
492 0 466 342
492 0 201 340
492 0 418 147
492 0 446 148
492 0 425 322
492 0 3 141
492 0 152 169
492 0 417 121
492 0 370 344
492 0 11 293
492 0 151 139
492 0 260 316
492 0 234 55
2 U4
98 0 35 129
98 0 520 95
14 U4
98 0 18 82
98 0 5 336
98 0 248 220
98 0 205 271
98 0 203 58
98 0 49 271
98 0 308 56
98 0 44 99
98 0 515 94
98 0 96 79
98 0 26 279
98 0 422 260
98 0 213 101
98 0 507 321
2 U6
14 0 453 73
14 0 562 179
14 U6
14 0 287 194
14 0 360 288
14 0 17 271
14 0 116 324
14 0 493 193
14 0 2 129
14 0 334 265
14 0 207 145
14 0 69 142
14 0 279 227
14 0 478 329
14 0 109 251
14 0 256 291
14 0 358 66
13
577 70 461 89
126 102 462 188
331 343 338 274
256 162 595 244
361 86 355 350
222 86 408 103
159 56 519 349
242 302 30 71
431 273 293 281
559 290 186 294
96 151 366 197
287 192 565 231
209 225 156 277
