5
4
L1 127 0
U2 422 0
L3 37 0
U4 181 0
12
147 133
379 341
339 130
246 126
201 189
515 31
163 153
131 116
263 111
500 12
86 271
567 23
2 L1
14 L1
518 129 127 0
514 206 127 0
591 180 127 0
131 85 127 0
300 59 127 0
105 139 127 0
336 81 127 0
187 92 127 0
432 276 127 0
267 76 127 0
557 296 127 0
379 122 127 0
298 174 127 0
163 182 127 0
2 L3
14 L3
199 75 37 0
581 113 37 0
5 146 37 0
451 156 37 0
89 108 37 0
384 102 37 0
384 125 37 0
309 159 37 0
308 211 37 0
44 296 37 0
538 120 37 0
272 94 37 0
283 207 37 0
478 224 37 0
2 U2
422 0 491 67
422 0 171 196
14 U2
422 0 500 178
422 0 435 316
422 0 578 226
422 0 295 340
422 0 65 202
422 0 309 103
422 0 75 234
422 0 98 340
422 0 399 108
422 0 191 135
422 0 227 153
422 0 198 209
422 0 120 143
422 0 213 70
2 U4
181 0 402 282
181 0 244 195
14 U4
181 0 507 260
181 0 246 77
181 0 190 54
181 0 484 155
181 0 37 184
181 0 188 220
181 0 320 333
181 0 269 201
181 0 323 206
181 0 542 129
181 0 37 110
181 0 44 218
181 0 99 293
181 0 421 190
6
518 129 242 188
199 75 477 251
514 206 183 282
581 113 462 162
591 180 221 194
5 146 417 347
