3
6
L1 357 0
U2 48 0
L3 452 0
U4 325 0
L5 305 0
U6 310 0
18
498 64
457 50
504 236
493 295
120 47
3 148
523 225
580 332
527 275
186 169
300 16
591 238
271 46
87 173
382 7
528 283
505 289
129 323
1 L1
10 L1
317 136 357 0
42 145 357 0
106 258 357 0
266 302 357 0
530 218 357 0
283 203 357 0
479 88 357 0
297 324 357 0
562 132 357 0
157 183 357 0
1 L3
10 L3
571 194 452 0
375 155 452 0
526 114 452 0
535 59 452 0
239 69 452 0
157 234 452 0
53 283 452 0
570 259 452 0
160 262 452 0
579 214 452 0
1 L5
10 L5
167 247 305 0
586 255 305 0
96 291 305 0
432 276 305 0
47 127 305 0
352 105 305 0
419 249 305 0
57 121 305 0
319 246 305 0
205 267 305 0
1 U2
48 0 307 245
10 U2
48 0 575 289
48 0 477 134
48 0 511 205
48 0 101 135
48 0 316 74
48 0 145 220
48 0 464 87
48 0 323 317
48 0 470 185
48 0 533 148
1 U4
325 0 362 108
10 U4
325 0 4 317
325 0 189 84
325 0 247 69
325 0 584 74
325 0 540 244
325 0 79 93
325 0 249 147
325 0 552 268
325 0 14 134
325 0 135 126
1 U6
310 0 299 165
10 U6
310 0 467 62
310 0 582 333
310 0 101 71
310 0 124 309
310 0 422 54
310 0 588 114
310 0 160 149
310 0 349 233
310 0 92 246
310 0 363 316
6
317 136 85 271
571 194 360 145
167 247 541 275
42 145 578 67
375 155 438 275
586 255 550 317
