5
5
L1 442 0
U2 225 0
L3 209 0
U4 180 0
L5 369 0
20
150 6
182 107
44 223
86 79
367 9
144 76
131 242
433 120
595 101
340 254
381 337
507 151
189 74
141 180
141 346
489 53
530 89
457 116
61 289
58 285
2 L1
10 L1
233 211 442 0
269 294 442 0
41 186 442 0
251 181 442 0
298 324 442 0
358 135 442 0
377 150 442 0
363 298 442 0
68 83 442 0
144 128 442 0
2 L3
10 L3
275 197 209 0
584 138 209 0
183 300 209 0
317 148 209 0
562 188 209 0
229 84 209 0
50 239 209 0
390 167 209 0
399 321 209 0
339 287 209 0
2 L5
10 L5
170 311 369 0
87 125 369 0
164 117 369 0
596 108 369 0
415 202 369 0
380 344 369 0
413 335 369 0
85 101 369 0
427 224 369 0
387 271 369 0
2 U2
225 0 531 242
225 0 88 163
10 U2
225 0 381 306
225 0 436 138
225 0 182 348
225 0 64 59
225 0 582 160
225 0 24 275
225 0 55 194
225 0 17 67
225 0 106 78
225 0 298 323
2 U4
180 0 182 90
180 0 163 79
10 U4
180 0 299 116
180 0 91 64
180 0 368 101
180 0 424 277
180 0 535 136
180 0 500 160
180 0 99 290
180 0 551 348
180 0 330 100
180 0 37 108
5
233 211 340 168
275 197 202 297
170 311 343 58
269 294 556 328
584 138 410 315
