3
5
L1 122 0
U2 379 0
L3 241 0
U4 532 0
L5 505 0
25
320 346
70 227
382 178
537 282
103 267
339 331
544 246
222 91
118 37
307 320
103 214
545 71
281 78
369 147
405 325
588 17
320 270
205 325
65 168
131 324
106 40
507 197
361 106
127 3
459 193
1 L1
14 L1
257 347 122 0
587 180 122 0
542 327 122 0
473 222 122 0
479 345 122 0
275 272 122 0
276 271 122 0
584 328 122 0
583 317 122 0
303 218 122 0
219 100 122 0
549 277 122 0
451 211 122 0
92 176 122 0
1 L3
14 L3
400 270 241 0
558 62 241 0
407 119 241 0
60 306 241 0
468 334 241 0
425 317 241 0
554 205 241 0
283 78 241 0
75 287 241 0
82 280 241 0
190 236 241 0
26 345 241 0
501 321 241 0
182 288 241 0
1 L5
14 L5
536 254 505 0
55 144 505 0
224 323 505 0
177 328 505 0
392 274 505 0
52 64 505 0
448 259 505 0
473 141 505 0
522 234 505 0
325 271 505 0
24 235 505 0
225 93 505 0
564 64 505 0
459 178 505 0
1 U2
379 0 364 189
14 U2
379 0 116 101
379 0 500 155
379 0 262 54
379 0 414 242
379 0 153 215
379 0 498 315
379 0 284 300
379 0 411 239
379 0 188 53
379 0 596 332
379 0 492 331
379 0 322 231
379 0 485 133
379 0 85 251
1 U4
532 0 74 137
14 U4
532 0 577 263
532 0 126 265
532 0 471 317
532 0 31 263
532 0 582 229
532 0 185 312
532 0 452 80
532 0 271 245
532 0 551 174
532 0 246 151
532 0 315 233
532 0 541 238
532 0 34 194
532 0 483 133
7
257 347 481 242
400 270 304 299
536 254 527 257
587 180 571 343
558 62 165 346
55 144 182 306
542 327 218 321
