5
4
L1 439 0
U2 117 0
L3 458 0
U4 527 0
16
389 11
473 258
113 63
577 262
542 184
284 342
360 239
439 79
487 77
361 89
523 109
129 87
307 308
32 98
125 186
466 275
2 L1
22 L1
175 77 439 0
142 176 439 0
169 311 439 0
420 236 439 0
438 135 439 0
552 60 439 0
541 319 439 0
3 54 439 0
316 162 439 0
504 224 439 0
516 123 439 0
422 228 439 0
186 58 439 0
221 183 439 0
394 316 439 0
272 69 439 0
417 346 439 0
150 286 439 0
518 65 439 0
75 207 439 0
370 107 439 0
81 218 439 0
2 L3
22 L3
271 57 458 0
371 323 458 0
521 309 458 0
429 88 458 0
55 86 458 0
177 76 458 0
409 216 458 0
62 266 458 0
227 107 458 0
450 62 458 0
226 300 458 0
58 298 458 0
339 282 458 0
263 59 458 0
5 277 458 0
263 207 458 0
368 94 458 0
106 303 458 0
46 328 458 0
115 111 458 0
129 117 458 0
495 259 458 0
2 U2
117 0 352 238
117 0 178 310
22 U2
117 0 302 278
117 0 173 326
117 0 93 119
117 0 346 189
117 0 370 240
117 0 8 213
117 0 9 177
117 0 3 111
117 0 263 311
117 0 226 139
117 0 336 184
117 0 318 269
117 0 323 272
117 0 374 335
117 0 147 264
117 0 65 288
117 0 63 340
117 0 486 54
117 0 443 285
117 0 314 198
117 0 556 228
117 0 17 313
2 U4
527 0 68 254
527 0 487 253
22 U4
527 0 41 173
527 0 304 265
527 0 422 327
527 0 182 128
527 0 280 195
527 0 254 232
527 0 207 95
527 0 100 133
527 0 310 216
527 0 85 144
527 0 540 63
527 0 397 171
527 0 442 348
527 0 425 227
527 0 564 61
527 0 373 218
527 0 482 170
527 0 126 120
527 0 194 134
527 0 575 146
527 0 116 64
527 0 40 188
9
175 77 420 105
271 57 51 152
142 176 370 350
371 323 49 210
169 311 58 73
521 309 536 189
420 236 23 95
429 88 299 69
438 135 91 117
