5
3
L1 182 0
U2 217 0
L3 176 0
9
268 168
289 127
142 296
189 186
118 34
446 141
454 41
527 205
0 87
2 L1
22 L1
450 67 182 0
389 107 182 0
383 72 182 0
247 217 182 0
121 126 182 0
284 194 182 0
11 262 182 0
112 95 182 0
171 322 182 0
184 249 182 0
511 126 182 0
555 59 182 0
1 216 182 0
335 170 182 0
517 140 182 0
292 138 182 0
312 338 182 0
351 289 182 0
188 202 182 0
532 200 182 0
478 77 182 0
49 77 182 0
2 L3
22 L3
39 100 176 0
298 119 176 0
508 152 176 0
469 222 176 0
342 307 176 0
459 294 176 0
423 171 176 0
146 117 176 0
49 52 176 0
441 325 176 0
5 152 176 0
559 257 176 0
61 250 176 0
41 232 176 0
456 192 176 0
335 193 176 0
204 65 176 0
416 231 176 0
24 75 176 0
377 54 176 0
428 132 176 0
517 50 176 0
2 U2
217 0 36 301
217 0 590 106
22 U2
217 0 403 53
217 0 557 215
217 0 555 66
217 0 411 204
217 0 446 138
217 0 311 152
217 0 478 111
217 0 175 241
217 0 102 114
217 0 157 184
217 0 311 144
217 0 584 333
217 0 337 122
217 0 517 338
217 0 533 77
217 0 207 273
217 0 191 159
217 0 211 86
217 0 299 169
217 0 429 153
217 0 136 270
217 0 102 56
10
450 67 236 134
39 100 464 202
389 107 548 331
298 119 156 77
383 72 261 53
508 152 594 339
247 217 353 225
469 222 251 173
121 126 524 247
342 307 368 302
