5
3
L1 196 0
U2 190 0
L3 192 0
15
179 315
12 266
235 310
582 174
329 100
398 96
464 277
533 101
181 3
120 33
446 139
598 293
518 135
502 16
344 253
2 L1
18 L1
549 65 196 0
127 236 196 0
386 170 196 0
114 308 196 0
58 81 196 0
55 90 196 0
337 209 196 0
575 160 196 0
294 328 196 0
586 85 196 0
21 217 196 0
223 211 196 0
225 87 196 0
302 50 196 0
542 288 196 0
444 237 196 0
392 229 196 0
598 217 196 0
2 L3
18 L3
533 168 192 0
397 146 192 0
386 107 192 0
109 65 192 0
527 336 192 0
314 267 192 0
413 93 192 0
221 331 192 0
93 59 192 0
191 315 192 0
359 191 192 0
560 171 192 0
54 322 192 0
167 263 192 0
219 345 192 0
130 286 192 0
492 278 192 0
346 104 192 0
2 U2
190 0 209 167
190 0 234 203
18 U2
190 0 522 278
190 0 98 137
190 0 157 183
190 0 161 215
190 0 380 138
190 0 404 113
190 0 466 66
190 0 78 91
190 0 372 250
190 0 349 201
190 0 208 175
190 0 400 242
190 0 386 314
190 0 289 55
190 0 553 125
190 0 204 103
190 0 104 108
190 0 226 185
9
549 65 126 337
533 168 114 118
127 236 235 119
397 146 309 178
386 170 385 131
386 107 232 111
114 308 417 142
109 65 166 162
58 81 581 321
