3
6
L1 30 0
U2 10 0
L3 395 0
U4 214 0
L5 189 0
U6 317 0
18
444 280
346 346
96 300
269 249
393 131
103 133
26 266
468 95
199 198
366 169
108 201
199 100
130 120
49 280
425 200
541 196
376 35
426 94
1 L1
18 L1
188 165 30 0
361 328 30 0
472 62 30 0
149 91 30 0
364 196 30 0
481 276 30 0
348 160 30 0
571 61 30 0
168 190 30 0
376 332 30 0
161 325 30 0
522 67 30 0
193 61 30 0
569 221 30 0
276 108 30 0
563 303 30 0
391 296 30 0
586 328 30 0
1 L3
18 L3
483 277 395 0
154 138 395 0
81 270 395 0
93 256 395 0
134 249 395 0
263 156 395 0
456 322 395 0
24 126 395 0
13 276 395 0
226 181 395 0
406 94 395 0
487 231 395 0
371 172 395 0
243 192 395 0
488 163 395 0
580 116 395 0
571 264 395 0
387 330 395 0
1 L5
18 L5
184 96 189 0
509 238 189 0
85 334 189 0
91 103 189 0
21 348 189 0
367 243 189 0
259 163 189 0
328 55 189 0
198 107 189 0
137 324 189 0
568 198 189 0
512 115 189 0
593 59 189 0
324 76 189 0
233 222 189 0
533 73 189 0
395 155 189 0
263 129 189 0
1 U2
10 0 486 245
18 U2
10 0 382 101
10 0 394 336
10 0 507 214
10 0 329 89
10 0 530 273
10 0 66 143
10 0 120 348
10 0 530 84
10 0 171 272
10 0 4 229
10 0 287 142
10 0 91 105
10 0 358 77
10 0 104 279
10 0 211 152
10 0 324 285
10 0 60 297
10 0 128 242
1 U4
214 0 433 193
18 U4
214 0 303 111
214 0 348 177
214 0 122 81
214 0 563 339
214 0 78 74
214 0 99 89
214 0 171 157
214 0 219 134
214 0 157 268
214 0 588 235
214 0 144 178
214 0 378 240
214 0 135 192
214 0 50 74
214 0 17 131
214 0 512 350
214 0 315 91
214 0 524 139
1 U6
317 0 277 163
18 U6
317 0 585 60
317 0 367 313
317 0 368 216
317 0 400 185
317 0 427 140
317 0 141 333
317 0 415 208
317 0 459 252
317 0 307 189
317 0 194 211
317 0 318 124
317 0 380 182
317 0 97 341
317 0 149 119
317 0 329 72
317 0 373 67
317 0 429 53
317 0 114 334
11
188 165 335 197
483 277 179 71
184 96 487 108
361 328 355 256
154 138 284 313
509 238 154 73
472 62 577 93
81 270 314 104
85 334 128 212
149 91 289 157
93 256 507 70
