4
5
L1 366 0
U2 345 0
L3 442 0
U4 244 0
L5 156 0
20
462 169
164 60
144 222
26 81
553 89
264 2
230 301
387 349
27 339
498 226
51 169
477 175
482 157
554 258
365 317
412 141
156 130
510 136
365 57
359 336
2 L1
22 L1
509 95 366 0
85 126 366 0
107 67 366 0
496 279 366 0
271 135 366 0
361 244 366 0
57 278 366 0
155 186 366 0
60 172 366 0
593 67 366 0
576 136 366 0
323 282 366 0
365 278 366 0
235 169 366 0
159 345 366 0
280 236 366 0
119 267 366 0
350 185 366 0
227 70 366 0
9 167 366 0
64 154 366 0
433 100 366 0
2 L3
22 L3
457 168 442 0
88 104 442 0
517 325 442 0
167 209 442 0
210 217 442 0
68 314 442 0
197 232 442 0
557 216 442 0
595 322 442 0
237 184 442 0
489 253 442 0
468 339 442 0
432 164 442 0
578 236 442 0
69 287 442 0
5 342 442 0
369 268 442 0
466 158 442 0
125 152 442 0
239 322 442 0
78 321 442 0
55 117 442 0
2 L5
22 L5
81 156 156 0
264 187 156 0
455 179 156 0
422 240 156 0
112 303 156 0
289 278 156 0
173 324 156 0
495 153 156 0
535 84 156 0
491 228 156 0
275 238 156 0
107 74 156 0
357 284 156 0
333 139 156 0
9 324 156 0
558 229 156 0
533 344 156 0
92 134 156 0
446 109 156 0
185 76 156 0
563 111 156 0
386 169 156 0
2 U2
345 0 534 315
345 0 540 308
22 U2
345 0 240 275
345 0 537 67
345 0 311 95
345 0 497 350
345 0 450 233
345 0 380 300
345 0 334 327
345 0 133 295
345 0 459 75
345 0 405 311
345 0 153 213
345 0 117 283
345 0 279 176
345 0 66 254
345 0 219 262
345 0 34 76
345 0 193 183
345 0 113 276
345 0 192 133
345 0 474 321
345 0 468 240
345 0 346 83
2 U4
244 0 147 113
244 0 326 207
22 U4
244 0 490 88
244 0 221 298
244 0 148 125
244 0 217 132
244 0 111 122
244 0 486 182
244 0 539 215
244 0 245 167
244 0 323 188
244 0 148 202
244 0 166 50
244 0 481 283
244 0 327 131
244 0 523 160
244 0 458 90
244 0 466 270
244 0 107 95
244 0 1 273
244 0 298 147
244 0 468 342
244 0 436 95
244 0 433 157
17
509 95 507 62
457 168 403 180
81 156 149 72
85 126 190 218
88 104 511 342
264 187 87 349
107 67 512 142
517 325 382 303
455 179 400 315
496 279 177 309
167 209 378 221
422 240 405 254
271 135 486 269
210 217 122 196
112 303 260 288
361 244 570 255
68 314 233 195
