4
4
L1 549 0
U2 221 0
L3 220 0
U4 451 0
20
338 324
556 277
294 22
151 239
299 301
299 138
0 57
140 26
344 61
78 122
400 105
297 180
318 275
476 275
516 265
97 309
525 198
78 107
508 197
77 285
2 L1
10 L1
204 130 549 0
27 238 549 0
253 119 549 0
403 332 549 0
81 137 549 0
454 345 549 0
114 283 549 0
119 328 549 0
6 248 549 0
436 332 549 0
2 L3
10 L3
550 246 220 0
547 76 220 0
309 182 220 0
208 216 220 0
590 208 220 0
441 170 220 0
171 346 220 0
498 302 220 0
189 126 220 0
176 50 220 0
2 U2
221 0 386 227
221 0 507 132
10 U2
221 0 444 184
221 0 463 265
221 0 489 144
221 0 309 274
221 0 476 146
221 0 455 139
221 0 395 197
221 0 90 271
221 0 8 156
221 0 67 60
2 U4
451 0 330 59
451 0 419 215
10 U4
451 0 539 110
451 0 392 267
451 0 595 169
451 0 424 89
451 0 560 316
451 0 39 193
451 0 136 196
451 0 122 248
451 0 95 91
451 0 304 346
4
204 130 181 150
550 246 315 229
27 238 249 112
547 76 403 305
