5
4
L1 594 0
U2 280 0
L3 454 0
U4 21 0
12
259 349
27 97
231 310
98 107
596 133
34 156
404 300
600 28
297 57
598 70
436 80
16 283
2 L1
22 L1
422 67 594 0
278 296 594 0
586 284 594 0
103 79 594 0
316 268 594 0
239 58 594 0
159 253 594 0
45 235 594 0
470 201 594 0
207 104 594 0
120 170 594 0
117 134 594 0
416 336 594 0
290 55 594 0
141 149 594 0
424 259 594 0
193 284 594 0
358 173 594 0
133 128 594 0
197 256 594 0
588 61 594 0
94 198 594 0
2 L3
22 L3
321 108 454 0
56 339 454 0
287 187 454 0
38 341 454 0
568 250 454 0
448 146 454 0
150 132 454 0
501 263 454 0
268 261 454 0
469 299 454 0
503 154 454 0
159 155 454 0
336 301 454 0
118 56 454 0
218 80 454 0
536 170 454 0
472 215 454 0
281 275 454 0
112 307 454 0
363 96 454 0
504 219 454 0
467 82 454 0
2 U2
280 0 215 185
280 0 550 295
22 U2
280 0 91 258
280 0 455 210
280 0 322 104
280 0 519 204
280 0 291 50
280 0 66 239
280 0 4 233
280 0 135 228
280 0 66 171
280 0 508 280
280 0 235 84
280 0 66 93
280 0 262 315
280 0 87 145
280 0 183 105
280 0 7 184
280 0 523 57
280 0 505 72
280 0 379 300
280 0 586 114
280 0 21 329
280 0 539 97
2 U4
21 0 123 121
21 0 143 134
22 U4
21 0 107 69
21 0 467 210
21 0 201 172
21 0 373 132
21 0 519 51
21 0 187 104
21 0 484 63
21 0 278 62
21 0 18 247
21 0 42 134
21 0 168 337
21 0 353 155
21 0 385 323
21 0 385 114
21 0 222 207
21 0 202 186
21 0 174 213
21 0 334 172
21 0 156 101
21 0 336 307
21 0 60 291
21 0 151 209
5
422 67 97 115
321 108 338 316
278 296 3 346
56 339 235 219
586 284 355 188
