4
5
L1 555 0
U2 513 0
L3 112 0
U4 412 0
L5 410 0
20
135 112
466 114
120 125
367 183
140 45
284 92
3 1
497 253
240 252
393 304
196 334
231 343
540 300
555 208
488 3
579 108
162 288
571 81
338 105
160 78
2 L1
10 L1
119 330 555 0
353 130 555 0
373 106 555 0
144 167 555 0
361 146 555 0
359 289 555 0
282 225 555 0
321 78 555 0
427 346 555 0
321 107 555 0
2 L3
10 L3
294 294 112 0
150 125 112 0
322 217 112 0
274 141 112 0
595 328 112 0
16 254 112 0
144 302 112 0
417 179 112 0
341 105 112 0
139 302 112 0
2 L5
10 L5
368 246 410 0
266 207 410 0
224 336 410 0
398 62 410 0
124 113 410 0
141 122 410 0
201 167 410 0
83 149 410 0
38 206 410 0
541 292 410 0
2 U2
513 0 149 94
513 0 118 64
10 U2
513 0 500 263
513 0 328 190
513 0 363 55
513 0 463 232
513 0 411 170
513 0 313 56
513 0 386 347
513 0 124 212
513 0 78 237
513 0 553 101
2 U4
412 0 592 201
412 0 596 196
10 U4
412 0 160 342
412 0 521 219
412 0 292 113
412 0 104 149
412 0 232 234
412 0 138 190
412 0 344 113
412 0 177 70
412 0 118 329
412 0 66 301
3
119 330 537 84
294 294 15 135
368 246 83 322
