4
4
L1 187 0
U2 503 0
L3 49 0
U4 236 0
12
579 186
454 112
161 166
83 94
488 299
563 12
252 279
590 168
497 30
143 235
26 338
263 55
2 L1
18 L1
519 202 187 0
131 155 187 0
548 75 187 0
549 101 187 0
74 126 187 0
209 89 187 0
519 244 187 0
513 193 187 0
227 122 187 0
423 80 187 0
430 177 187 0
83 242 187 0
456 289 187 0
78 297 187 0
211 266 187 0
185 113 187 0
38 172 187 0
199 159 187 0
2 L3
18 L3
440 258 49 0
273 184 49 0
394 279 49 0
506 180 49 0
390 147 49 0
330 166 49 0
600 313 49 0
482 65 49 0
293 265 49 0
548 186 49 0
185 229 49 0
489 233 49 0
270 308 49 0
591 133 49 0
387 289 49 0
153 243 49 0
229 77 49 0
1 116 49 0
2 U2
503 0 444 324
503 0 574 192
18 U2
503 0 323 82
503 0 238 180
503 0 311 286
503 0 144 293
503 0 175 67
503 0 97 308
503 0 385 127
503 0 502 72
503 0 552 219
503 0 31 314
503 0 516 180
503 0 461 166
503 0 407 62
503 0 597 300
503 0 301 263
503 0 507 280
503 0 19 309
503 0 520 284
2 U4
236 0 582 240
236 0 532 118
18 U4
236 0 493 56
236 0 569 85
236 0 161 294
236 0 531 271
236 0 177 53
236 0 146 67
236 0 147 165
236 0 329 114
236 0 567 96
236 0 456 268
236 0 372 51
236 0 79 309
236 0 320 310
236 0 450 82
236 0 548 334
236 0 43 174
236 0 340 258
236 0 204 312
4
519 202 140 255
440 258 501 272
131 155 467 320
273 184 202 160
