3
6
L1 468 0
U2 455 0
L3 228 0
U4 357 0
L5 536 0
U6 500 0
30
9 80
450 86
162 15
20 62
560 106
303 260
253 30
345 143
492 248
421 286
481 87
409 323
84 224
226 243
433 133
246 116
399 92
5 103
178 41
151 45
221 11
543 35
217 140
461 330
420 337
152 306
228 164
259 128
406 233
519 199
1 L1
14 L1
135 63 468 0
344 66 468 0
50 231 468 0
13 151 468 0
125 103 468 0
64 334 468 0
234 221 468 0
60 196 468 0
14 132 468 0
468 259 468 0
442 170 468 0
141 291 468 0
291 320 468 0
440 350 468 0
1 L3
14 L3
248 270 228 0
388 100 228 0
317 299 228 0
123 327 228 0
338 252 228 0
80 144 228 0
488 217 228 0
37 64 228 0
453 168 228 0
205 86 228 0
124 168 228 0
455 74 228 0
367 50 228 0
357 187 228 0
1 L5
14 L5
232 314 536 0
141 95 536 0
44 94 536 0
475 181 536 0
234 330 536 0
459 348 536 0
233 338 536 0
340 307 536 0
384 277 536 0
267 91 536 0
432 234 536 0
412 287 536 0
447 134 536 0
211 245 536 0
1 U2
455 0 346 130
14 U2
455 0 405 100
455 0 438 335
455 0 109 165
455 0 500 142
455 0 422 262
455 0 50 198
455 0 291 277
455 0 84 83
455 0 106 241
455 0 170 205
455 0 339 118
455 0 219 78
455 0 574 106
455 0 563 132
1 U4
357 0 297 205
14 U4
357 0 259 222
357 0 265 241
357 0 18 142
357 0 484 80
357 0 493 142
357 0 272 114
357 0 472 275
357 0 187 272
357 0 11 168
357 0 437 275
357 0 249 126
357 0 47 242
357 0 111 183
357 0 416 306
1 U6
500 0 504 158
14 U6
500 0 275 146
500 0 212 308
500 0 143 54
500 0 304 161
500 0 554 335
500 0 441 166
500 0 486 104
500 0 193 183
500 0 331 147
500 0 12 290
500 0 4 52
500 0 398 144
500 0 146 207
500 0 132 132
13
135 63 77 135
248 270 505 118
232 314 292 100
344 66 225 349
388 100 578 337
141 95 153 300
50 231 47 299
317 299 584 193
44 94 531 327
13 151 282 132
123 327 598 97
475 181 391 191
125 103 489 250
