5
6
L1 399 0
U2 0 0
L3 512 0
U4 91 0
L5 376 0
U6 437 0
18
418 260
491 23
237 174
100 244
301 314
454 213
383 40
344 57
583 52
474 66
303 163
75 288
346 181
62 194
5 119
208 221
574 313
23 291
2 L1
18 L1
124 87 399 0
51 84 399 0
48 215 399 0
348 329 399 0
30 66 399 0
302 143 399 0
102 142 399 0
428 124 399 0
203 163 399 0
437 301 399 0
580 138 399 0
521 189 399 0
226 300 399 0
49 173 399 0
93 220 399 0
541 290 399 0
229 219 399 0
300 108 399 0
2 L3
18 L3
144 238 512 0
307 271 512 0
464 130 512 0
462 261 512 0
343 330 512 0
517 108 512 0
444 319 512 0
545 107 512 0
44 120 512 0
165 183 512 0
70 134 512 0
232 180 512 0
220 239 512 0
182 276 512 0
37 71 512 0
136 244 512 0
64 285 512 0
404 194 512 0
2 L5
18 L5
108 85 376 0
399 80 376 0
513 346 376 0
120 273 376 0
273 160 376 0
137 141 376 0
93 136 376 0
461 210 376 0
293 175 376 0
51 234 376 0
354 144 376 0
143 63 376 0
307 193 376 0
273 271 376 0
524 178 376 0
266 183 376 0
206 289 376 0
466 291 376 0
2 U2
0 0 320 206
0 0 63 84
18 U2
0 0 481 230
0 0 525 223
0 0 403 294
0 0 389 247
0 0 355 110
0 0 541 76
0 0 21 113
0 0 383 238
0 0 532 231
0 0 58 120
0 0 157 305
0 0 590 75
0 0 573 269
0 0 238 117
0 0 446 146
0 0 305 256
0 0 557 63
0 0 458 232
2 U4
91 0 225 299
91 0 534 269
18 U4
91 0 517 111
91 0 246 277
91 0 118 62
91 0 212 257
91 0 238 82
91 0 80 230
91 0 123 286
91 0 449 122
91 0 496 75
91 0 396 335
91 0 88 233
91 0 252 120
91 0 374 103
91 0 155 217
91 0 196 287
91 0 246 276
91 0 192 78
91 0 510 127
2 U6
437 0 158 174
437 0 272 174
18 U6
437 0 428 288
437 0 316 112
437 0 379 141
437 0 103 158
437 0 120 329
437 0 336 109
437 0 578 171
437 0 562 182
437 0 282 210
437 0 15 331
437 0 237 234
437 0 251 163
437 0 449 64
437 0 266 284
437 0 147 305
437 0 364 53
437 0 156 97
437 0 454 209
6
124 87 248 125
144 238 310 243
108 85 98 126
51 84 237 151
307 271 37 255
399 80 173 318
