3
4
L1 125 0
U2 489 0
L3 552 0
U4 348 0
16
33 276
552 128
142 254
241 38
338 256
328 86
94 328
387 29
577 333
72 348
5 105
363 83
335 16
15 301
211 75
383 66
1 L1
10 L1
256 214 125 0
506 122 125 0
394 277 125 0
44 192 125 0
63 80 125 0
1 159 125 0
592 301 125 0
596 291 125 0
215 88 125 0
404 127 125 0
1 L3
10 L3
244 60 552 0
452 114 552 0
268 312 552 0
258 213 552 0
183 226 552 0
588 202 552 0
512 296 552 0
143 181 552 0
180 276 552 0
529 157 552 0
1 U2
489 0 342 129
10 U2
489 0 202 290
489 0 364 96
489 0 450 195
489 0 382 244
489 0 105 183
489 0 90 130
489 0 574 170
489 0 426 63
489 0 381 314
489 0 541 246
1 U4
348 0 82 247
10 U4
348 0 180 227
348 0 447 107
348 0 354 158
348 0 183 160
348 0 454 216
348 0 229 197
348 0 86 320
348 0 377 184
348 0 163 327
348 0 564 261
2
256 214 516 245
244 60 172 304
