4
4
L1 178 0
U2 161 0
L3 400 0
U4 545 0
16
491 153
102 239
166 153
5 171
65 244
385 216
428 258
7 96
458 275
90 159
184 222
513 4
279 256
584 276
60 205
550 256
2 L1
22 L1
219 144 178 0
481 201 178 0
67 222 178 0
567 189 178 0
241 125 178 0
276 214 178 0
423 203 178 0
333 225 178 0
123 95 178 0
361 81 178 0
379 272 178 0
362 74 178 0
322 338 178 0
230 292 178 0
75 242 178 0
343 156 178 0
337 294 178 0
80 253 178 0
385 305 178 0
487 81 178 0
307 276 178 0
99 163 178 0
2 L3
22 L3
466 337 400 0
568 222 400 0
597 327 400 0
583 297 400 0
179 182 400 0
318 83 400 0
512 88 400 0
478 330 400 0
29 64 400 0
15 101 400 0
348 120 400 0
105 239 400 0
5 330 400 0
81 190 400 0
405 100 400 0
544 263 400 0
405 203 400 0
316 147 400 0
507 203 400 0
552 127 400 0
270 149 400 0
218 163 400 0
2 U2
161 0 595 220
161 0 369 107
22 U2
161 0 67 109
161 0 70 253
161 0 455 284
161 0 56 176
161 0 0 253
161 0 577 151
161 0 571 274
161 0 344 242
161 0 115 98
161 0 117 232
161 0 454 256
161 0 363 197
161 0 412 145
161 0 378 122
161 0 43 290
161 0 452 233
161 0 425 124
161 0 224 297
161 0 369 123
161 0 446 174
161 0 45 343
161 0 349 295
2 U4
545 0 185 60
545 0 484 83
22 U4
545 0 541 274
545 0 65 296
545 0 127 276
545 0 174 260
545 0 167 349
545 0 199 230
545 0 10 255
545 0 222 227
545 0 79 341
545 0 513 211
545 0 224 273
545 0 173 283
545 0 370 75
545 0 300 340
545 0 456 327
545 0 446 207
545 0 489 74
545 0 4 275
545 0 536 278
545 0 579 160
545 0 554 214
545 0 560 68
14
219 144 573 144
466 337 152 108
481 201 337 189
568 222 350 172
67 222 287 180
597 327 157 120
567 189 365 174
583 297 95 117
241 125 94 299
179 182 429 155
276 214 436 62
318 83 259 258
423 203 217 182
512 88 353 249
