4
6
L1 350 0
U2 390 0
L3 352 0
U4 542 0
L5 27 0
U6 254 0
30
321 11
183 159
260 309
509 21
495 33
510 319
416 3
178 47
432 121
368 107
500 155
304 204
207 247
457 95
336 288
519 3
113 144
225 205
127 249
148 8
202 141
516 80
111 214
298 335
48 350
96 321
571 258
293 50
451 342
366 58
2 L1
18 L1
408 294 350 0
49 206 350 0
170 345 350 0
128 282 350 0
74 319 350 0
54 92 350 0
48 350 350 0
468 224 350 0
573 93 350 0
346 155 350 0
297 337 350 0
216 81 350 0
59 297 350 0
169 279 350 0
215 154 350 0
479 209 350 0
525 228 350 0
163 69 350 0
2 L3
18 L3
108 295 352 0
160 222 352 0
522 132 352 0
317 150 352 0
132 290 352 0
197 262 352 0
565 173 352 0
63 70 352 0
535 154 352 0
283 114 352 0
487 261 352 0
585 198 352 0
581 260 352 0
464 185 352 0
39 233 352 0
175 62 352 0
576 234 352 0
45 221 352 0
2 L5
18 L5
255 322 27 0
332 118 27 0
103 239 27 0
437 107 27 0
27 201 27 0
481 348 27 0
296 190 27 0
545 85 27 0
71 342 27 0
16 204 27 0
11 61 27 0
149 109 27 0
165 80 27 0
305 238 27 0
524 185 27 0
517 101 27 0
321 89 27 0
34 193 27 0
2 U2
390 0 546 205
390 0 588 67
18 U2
390 0 519 225
390 0 490 230
390 0 182 328
390 0 102 125
390 0 417 347
390 0 376 114
390 0 564 225
390 0 30 274
390 0 36 124
390 0 331 164
390 0 522 127
390 0 157 161
390 0 268 303
390 0 30 90
390 0 99 203
390 0 456 142
390 0 18 247
390 0 71 326
2 U4
542 0 214 182
542 0 25 171
18 U4
542 0 511 92
542 0 588 137
542 0 489 130
542 0 257 51
542 0 81 228
542 0 584 169
542 0 305 99
542 0 464 83
542 0 361 297
542 0 121 217
542 0 347 256
542 0 377 322
542 0 353 228
542 0 287 284
542 0 149 307
542 0 600 293
542 0 474 158
542 0 58 135
2 U6
254 0 265 179
254 0 291 198
18 U6
254 0 266 350
254 0 516 89
254 0 126 188
254 0 205 330
254 0 251 127
254 0 567 204
254 0 575 314
254 0 199 178
254 0 333 190
254 0 9 156
254 0 496 165
254 0 510 299
254 0 286 221
254 0 109 277
254 0 201 107
254 0 583 121
254 0 393 153
254 0 492 156
6
408 294 162 283
108 295 26 99
255 322 347 338
49 206 544 340
160 222 257 60
332 118 545 163
