4
6
L1 13 0
U2 85 0
L3 459 0
U4 458 0
L5 96 0
U6 57 0
18
37 263
184 231
457 65
405 218
398 61
223 79
99 330
349 39
122 47
506 344
573 332
441 215
468 81
150 6
340 41
468 209
261 140
598 4
2 L1
10 L1
496 85 13 0
173 188 13 0
217 113 13 0
347 311 13 0
127 324 13 0
562 93 13 0
105 191 13 0
577 171 13 0
577 74 13 0
383 295 13 0
2 L3
10 L3
560 59 459 0
281 339 459 0
293 66 459 0
317 294 459 0
593 52 459 0
562 208 459 0
367 348 459 0
407 111 459 0
279 74 459 0
60 298 459 0
2 L5
10 L5
579 274 96 0
162 223 96 0
569 347 96 0
44 92 96 0
484 147 96 0
562 130 96 0
275 256 96 0
123 182 96 0
329 60 96 0
116 87 96 0
2 U2
85 0 527 208
85 0 411 157
10 U2
85 0 294 177
85 0 346 256
85 0 143 317
85 0 220 87
85 0 141 120
85 0 261 204
85 0 555 74
85 0 422 266
85 0 335 123
85 0 486 57
2 U4
458 0 18 252
458 0 456 98
10 U4
458 0 156 265
458 0 468 137
458 0 180 188
458 0 385 189
458 0 259 77
458 0 500 156
458 0 454 98
458 0 183 99
458 0 176 197
458 0 482 222
2 U6
57 0 406 252
57 0 112 319
10 U6
57 0 357 96
57 0 74 336
57 0 469 124
57 0 214 188
57 0 441 141
57 0 542 89
57 0 372 277
57 0 215 78
57 0 423 158
57 0 163 50
6
496 85 340 259
560 59 345 125
579 274 535 255
173 188 395 322
281 339 238 201
162 223 586 101
