4
5
L1 219 0
U2 471 0
L3 274 0
U4 148 0
L5 278 0
25
575 303
123 253
108 315
505 340
29 129
211 164
168 134
511 257
86 323
514 212
40 104
42 242
1 11
273 13
20 183
54 337
54 282
301 202
103 175
408 1
244 128
414 47
185 203
244 128
91 93
2 L1
10 L1
288 75 219 0
3 195 219 0
432 307 219 0
129 180 219 0
384 159 219 0
211 82 219 0
222 346 219 0
164 111 219 0
47 273 219 0
539 166 219 0
2 L3
10 L3
204 250 274 0
112 333 274 0
310 148 274 0
418 59 274 0
54 197 274 0
142 61 274 0
308 125 274 0
53 223 274 0
267 181 274 0
290 104 274 0
2 L5
10 L5
391 309 278 0
47 227 278 0
279 259 278 0
304 73 278 0
269 219 278 0
509 203 278 0
422 114 278 0
149 286 278 0
74 253 278 0
119 173 278 0
2 U2
471 0 97 344
471 0 223 181
10 U2
471 0 325 196
471 0 456 337
471 0 113 86
471 0 13 204
471 0 69 110
471 0 591 176
471 0 493 246
471 0 39 290
471 0 572 239
471 0 309 306
2 U4
148 0 100 316
148 0 408 160
10 U4
148 0 246 345
148 0 497 154
148 0 409 338
148 0 178 310
148 0 498 307
148 0 236 262
148 0 329 285
148 0 17 112
148 0 515 200
148 0 282 311
5
288 75 426 53
204 250 433 105
391 309 88 171
3 195 170 197
112 333 119 255
