5
4
L1 433 0
U2 83 0
L3 40 0
U4 595 0
20
370 184
439 201
317 247
396 230
554 11
435 261
469 275
564 116
24 265
237 336
565 74
140 226
566 317
170 216
188 260
469 237
260 192
406 251
369 124
196 128
2 L1
14 L1
95 98 433 0
472 278 433 0
293 81 433 0
468 249 433 0
542 238 433 0
43 336 433 0
375 258 433 0
409 201 433 0
501 220 433 0
348 276 433 0
166 132 433 0
558 159 433 0
197 132 433 0
491 240 433 0
2 L3
14 L3
543 181 40 0
335 314 40 0
110 337 40 0
33 183 40 0
301 142 40 0
379 199 40 0
216 121 40 0
265 291 40 0
63 53 40 0
197 170 40 0
441 162 40 0
95 200 40 0
208 206 40 0
409 181 40 0
2 U2
83 0 151 97
83 0 25 328
14 U2
83 0 258 308
83 0 488 181
83 0 400 142
83 0 384 196
83 0 487 214
83 0 410 174
83 0 375 140
83 0 108 97
83 0 569 187
83 0 146 210
83 0 13 92
83 0 584 194
83 0 130 204
83 0 305 260
2 U4
595 0 107 314
595 0 163 88
14 U4
595 0 55 283
595 0 405 312
595 0 385 184
595 0 1 103
595 0 59 318
595 0 363 141
595 0 204 240
595 0 136 148
595 0 261 137
595 0 586 61
595 0 583 318
595 0 476 195
595 0 499 304
595 0 449 260
6
95 98 174 97
543 181 270 256
472 278 419 175
335 314 177 322
293 81 514 77
110 337 129 310
