3
6
L1 545 0
U2 6 0
L3 176 0
U4 355 0
L5 141 0
U6 126 0
24
591 175
171 122
486 164
520 67
467 209
370 20
32 258
259 92
568 202
154 87
298 274
457 172
33 37
597 338
48 132
286 99
582 29
266 265
241 74
31 175
415 75
79 274
91 278
324 218
1 L1
10 L1
595 239 545 0
150 295 545 0
327 278 545 0
101 77 545 0
216 189 545 0
194 225 545 0
124 118 545 0
420 83 545 0
453 250 545 0
83 204 545 0
1 L3
10 L3
491 249 176 0
159 205 176 0
5 234 176 0
544 227 176 0
193 309 176 0
516 162 176 0
145 51 176 0
24 209 176 0
28 72 176 0
500 341 176 0
1 L5
10 L5
461 146 141 0
43 85 141 0
543 349 141 0
598 269 141 0
365 297 141 0
243 240 141 0
316 306 141 0
515 280 141 0
357 265 141 0
538 227 141 0
1 U2
6 0 228 349
10 U2
6 0 200 224
6 0 94 312
6 0 474 262
6 0 357 230
6 0 229 97
6 0 416 322
6 0 561 71
6 0 234 293
6 0 386 344
6 0 596 220
1 U4
355 0 87 120
10 U4
355 0 360 73
355 0 481 292
355 0 53 294
355 0 342 105
355 0 129 285
355 0 591 93
355 0 320 67
355 0 296 123
355 0 276 275
355 0 109 252
1 U6
126 0 12 321
10 U6
126 0 176 220
126 0 415 88
126 0 576 54
126 0 376 192
126 0 268 159
126 0 231 62
126 0 423 180
126 0 578 83
126 0 474 63
126 0 421 63
3
595 239 423 173
491 249 57 259
461 146 417 334
