4
4
L1 194 0
U2 13 0
L3 328 0
U4 178 0
16
69 10
242 226
562 100
530 91
251 182
577 333
239 112
492 12
361 52
74 312
451 232
202 54
543 291
240 284
564 78
348 279
2 L1
14 L1
463 203 194 0
533 339 194 0
296 348 194 0
527 221 194 0
378 208 194 0
513 318 194 0
332 181 194 0
474 247 194 0
11 303 194 0
508 228 194 0
478 180 194 0
508 100 194 0
375 194 194 0
52 285 194 0
2 L3
14 L3
203 281 328 0
457 325 328 0
443 129 328 0
82 326 328 0
187 233 328 0
533 69 328 0
418 326 328 0
477 228 328 0
500 273 328 0
362 195 328 0
144 126 328 0
496 245 328 0
543 277 328 0
290 150 328 0
2 U2
13 0 343 277
13 0 319 162
14 U2
13 0 365 303
13 0 412 81
13 0 470 336
13 0 578 208
13 0 553 260
13 0 334 265
13 0 565 198
13 0 10 51
13 0 180 178
13 0 301 211
13 0 132 142
13 0 558 101
13 0 512 95
13 0 483 290
2 U4
178 0 287 324
178 0 146 94
14 U4
178 0 365 240
178 0 342 277
178 0 321 258
178 0 574 329
178 0 335 83
178 0 590 295
178 0 137 266
178 0 118 154
178 0 198 325
178 0 476 233
178 0 449 269
178 0 401 97
178 0 516 321
178 0 42 100
6
463 203 217 110
203 281 271 314
533 339 516 347
457 325 476 285
296 348 78 226
443 129 564 325
