3
5
L1 122 0
U2 168 0
L3 3 0
U4 385 0
L5 328 0
15
392 54
162 8
574 177
263 303
280 185
533 300
462 2
344 258
234 62
460 27
493 189
322 148
375 27
84 233
295 294
1 L1
22 L1
462 95 122 0
134 258 122 0
344 213 122 0
54 225 122 0
147 77 122 0
405 277 122 0
128 110 122 0
585 339 122 0
275 242 122 0
566 184 122 0
446 66 122 0
63 292 122 0
1 181 122 0
496 246 122 0
264 292 122 0
371 109 122 0
569 147 122 0
538 240 122 0
322 313 122 0
344 198 122 0
326 205 122 0
242 125 122 0
1 L3
22 L3
323 213 3 0
91 191 3 0
71 73 3 0
278 335 3 0
41 115 3 0
412 310 3 0
390 124 3 0
45 189 3 0
276 120 3 0
81 223 3 0
431 323 3 0
178 274 3 0
538 215 3 0
342 68 3 0
138 81 3 0
276 324 3 0
298 148 3 0
344 169 3 0
538 103 3 0
94 85 3 0
168 283 3 0
380 256 3 0
1 L5
22 L5
118 308 328 0
410 247 328 0
66 58 328 0
315 225 328 0
165 271 328 0
314 287 328 0
222 177 328 0
542 198 328 0
41 142 328 0
201 204 328 0
50 191 328 0
562 186 328 0
422 178 328 0
5 227 328 0
41 184 328 0
589 321 328 0
212 111 328 0
199 272 328 0
339 161 328 0
251 167 328 0
495 205 328 0
334 182 328 0
1 U2
168 0 375 213
22 U2
168 0 504 69
168 0 100 184
168 0 596 170
168 0 537 104
168 0 285 203
168 0 337 183
168 0 399 337
168 0 422 182
168 0 367 210
168 0 354 154
168 0 189 128
168 0 157 270
168 0 355 86
168 0 118 193
168 0 196 58
168 0 13 282
168 0 65 109
168 0 101 86
168 0 121 134
168 0 241 308
168 0 302 179
168 0 200 303
1 U4
385 0 265 339
22 U4
385 0 378 134
385 0 441 229
385 0 136 57
385 0 465 90
385 0 508 334
385 0 5 100
385 0 566 80
385 0 329 260
385 0 591 260
385 0 389 106
385 0 470 86
385 0 61 105
385 0 592 333
385 0 384 266
385 0 157 348
385 0 342 311
385 0 252 312
385 0 246 344
385 0 305 239
385 0 90 177
385 0 139 230
385 0 61 118
11
462 95 40 268
323 213 483 334
118 308 9 67
134 258 103 316
91 191 186 156
410 247 368 134
344 213 191 215
71 73 125 284
66 58 596 329
54 225 89 112
278 335 390 284
