5
4
L1 230 0
U2 235 0
L3 284 0
U4 49 0
12
368 213
578 75
127 200
66 251
199 120
110 9
368 101
314 301
167 223
56 253
492 157
583 328
2 L1
22 L1
130 272 230 0
360 74 230 0
463 242 230 0
208 82 230 0
228 116 230 0
543 158 230 0
551 288 230 0
83 180 230 0
49 189 230 0
137 340 230 0
177 347 230 0
569 158 230 0
145 110 230 0
176 107 230 0
358 146 230 0
316 72 230 0
87 58 230 0
467 324 230 0
568 174 230 0
191 271 230 0
241 222 230 0
5 304 230 0
2 L3
22 L3
76 115 284 0
70 97 284 0
282 62 284 0
288 349 284 0
60 215 284 0
51 255 284 0
599 85 284 0
364 124 284 0
38 324 284 0
47 286 284 0
329 137 284 0
238 88 284 0
331 148 284 0
271 171 284 0
210 78 284 0
215 92 284 0
508 311 284 0
256 131 284 0
554 337 284 0
545 192 284 0
11 265 284 0
237 316 284 0
2 U2
235 0 261 115
235 0 570 116
22 U2
235 0 446 117
235 0 243 78
235 0 79 249
235 0 208 339
235 0 270 170
235 0 122 269
235 0 66 315
235 0 26 186
235 0 282 313
235 0 72 165
235 0 135 277
235 0 436 281
235 0 68 173
235 0 262 111
235 0 318 135
235 0 345 85
235 0 197 218
235 0 30 133
235 0 159 161
235 0 552 166
235 0 38 205
235 0 239 82
2 U4
49 0 441 106
49 0 102 212
22 U4
49 0 491 235
49 0 420 157
49 0 560 331
49 0 322 185
49 0 83 303
49 0 196 92
49 0 369 291
49 0 322 326
49 0 575 196
49 0 269 314
49 0 526 68
49 0 223 290
49 0 93 74
49 0 232 118
49 0 67 316
49 0 482 152
49 0 175 237
49 0 134 185
49 0 111 90
49 0 485 158
49 0 4 58
49 0 396 80
9
130 272 587 243
76 115 118 65
360 74 460 231
70 97 302 121
463 242 246 318
282 62 110 68
208 82 420 147
288 349 213 305
228 116 492 280
