4
4
L1 224 0
U2 296 0
L3 444 0
U4 165 0
20
355 205
339 196
160 321
518 340
262 187
477 216
469 162
16 316
125 346
560 5
9 288
470 152
478 190
466 296
377 58
239 71
319 82
177 233
246 89
392 42
2 L1
22 L1
184 125 224 0
534 70 224 0
215 305 224 0
302 240 224 0
1 143 224 0
400 164 224 0
405 101 224 0
192 321 224 0
124 192 224 0
159 171 224 0
4 319 224 0
340 71 224 0
387 201 224 0
315 245 224 0
34 64 224 0
469 331 224 0
93 58 224 0
52 54 224 0
174 346 224 0
20 92 224 0
364 219 224 0
196 250 224 0
2 L3
22 L3
243 192 444 0
237 151 444 0
498 260 444 0
397 350 444 0
200 251 444 0
183 190 444 0
153 292 444 0
268 213 444 0
239 248 444 0
162 169 444 0
562 84 444 0
101 198 444 0
276 294 444 0
0 295 444 0
548 264 444 0
396 293 444 0
296 321 444 0
161 110 444 0
49 204 444 0
476 104 444 0
254 193 444 0
44 259 444 0
2 U2
296 0 104 64
296 0 236 290
22 U2
296 0 469 60
296 0 581 349
296 0 485 306
296 0 141 297
296 0 536 193
296 0 562 72
296 0 483 305
296 0 355 85
296 0 559 143
296 0 595 146
296 0 477 112
296 0 45 300
296 0 182 125
296 0 198 198
296 0 410 247
296 0 526 95
296 0 301 335
296 0 201 282
296 0 377 71
296 0 149 276
296 0 93 66
296 0 298 108
2 U4
165 0 305 87
165 0 63 344
22 U4
165 0 297 331
165 0 366 93
165 0 535 108
165 0 479 52
165 0 498 96
165 0 422 209
165 0 471 98
165 0 598 97
165 0 353 344
165 0 303 61
165 0 9 177
165 0 322 322
165 0 124 244
165 0 490 51
165 0 117 280
165 0 120 67
165 0 462 120
165 0 65 134
165 0 102 93
165 0 513 313
165 0 101 242
165 0 469 179
9
184 125 20 169
243 192 391 331
534 70 108 57
237 151 524 276
215 305 131 226
498 260 252 247
302 240 571 214
397 350 119 191
1 143 249 326
