4
4
L1 79 0
U2 337 0
L3 592 0
U4 104 0
16
164 134
331 345
238 57
445 309
419 64
490 29
479 254
317 302
411 147
278 288
131 58
566 341
384 252
178 197
308 243
105 141
2 L1
10 L1
41 79 79 0
432 333 79 0
312 223 79 0
191 226 79 0
452 278 79 0
1 345 79 0
201 157 79 0
46 112 79 0
209 301 79 0
105 133 79 0
2 L3
10 L3
380 247 592 0
300 107 592 0
571 89 592 0
45 327 592 0
208 187 592 0
577 315 592 0
64 184 592 0
361 277 592 0
302 88 592 0
443 193 592 0
2 U2
337 0 531 214
337 0 150 150
10 U2
337 0 56 112
337 0 298 268
337 0 179 251
337 0 83 83
337 0 435 325
337 0 341 197
337 0 247 284
337 0 72 262
337 0 261 348
337 0 496 241
2 U4
104 0 84 227
104 0 62 238
10 U4
104 0 14 331
104 0 117 310
104 0 575 75
104 0 501 197
104 0 395 256
104 0 496 256
104 0 75 291
104 0 444 210
104 0 314 339
104 0 130 115
4
41 79 424 205
380 247 13 54
432 333 460 119
300 107 204 124
