4
5
L1 565 0
U2 400 0
L3 457 0
U4 233 0
L5 530 0
20
163 64
37 325
80 133
378 118
480 205
319 156
129 120
406 9
266 165
486 231
288 206
442 147
229 151
281 27
250 132
266 306
537 36
591 18
38 128
504 27
2 L1
18 L1
10 145 565 0
584 270 565 0
551 298 565 0
310 79 565 0
214 293 565 0
180 195 565 0
425 267 565 0
291 55 565 0
320 296 565 0
29 173 565 0
71 279 565 0
282 310 565 0
258 147 565 0
44 345 565 0
510 173 565 0
419 116 565 0
194 157 565 0
324 64 565 0
2 L3
18 L3
19 274 457 0
132 88 457 0
20 307 457 0
231 163 457 0
525 308 457 0
434 167 457 0
452 213 457 0
510 120 457 0
36 152 457 0
401 309 457 0
318 146 457 0
259 111 457 0
97 108 457 0
67 214 457 0
468 150 457 0
269 233 457 0
356 325 457 0
217 128 457 0
2 L5
18 L5
236 102 530 0
128 207 530 0
373 291 530 0
532 306 530 0
341 301 530 0
246 181 530 0
26 234 530 0
78 116 530 0
403 349 530 0
417 81 530 0
94 261 530 0
481 250 530 0
504 278 530 0
96 212 530 0
407 224 530 0
501 210 530 0
101 162 530 0
557 74 530 0
2 U2
400 0 90 273
400 0 559 280
18 U2
400 0 201 294
400 0 198 309
400 0 310 64
400 0 45 305
400 0 217 317
400 0 239 175
400 0 325 248
400 0 358 251
400 0 162 169
400 0 490 188
400 0 530 85
400 0 155 141
400 0 415 313
400 0 229 238
400 0 250 187
400 0 419 311
400 0 415 92
400 0 82 155
2 U4
233 0 73 342
233 0 418 152
18 U4
233 0 397 110
233 0 13 311
233 0 393 59
233 0 318 166
233 0 104 257
233 0 36 224
233 0 191 123
233 0 38 125
233 0 272 75
233 0 92 260
233 0 548 206
233 0 35 61
233 0 378 204
233 0 347 258
233 0 515 207
233 0 149 296
233 0 188 105
233 0 431 316
5
10 145 12 87
19 274 32 248
236 102 367 145
584 270 192 277
132 88 285 91
