4
3
L1 418 0
U2 172 0
L3 116 0
15
418 211
27 248
533 209
422 15
565 299
270 73
217 313
327 268
37 12
352 329
68 277
40 323
595 110
376 179
52 240
2 L1
10 L1
127 116 418 0
393 227 418 0
74 216 418 0
575 234 418 0
528 263 418 0
168 323 418 0
241 196 418 0
494 104 418 0
281 349 418 0
296 325 418 0
2 L3
10 L3
56 270 116 0
527 171 116 0
586 177 116 0
292 144 116 0
141 244 116 0
260 320 116 0
115 52 116 0
263 300 116 0
145 121 116 0
77 175 116 0
2 U2
172 0 293 213
172 0 65 62
10 U2
172 0 219 273
172 0 524 177
172 0 473 233
172 0 184 210
172 0 54 62
172 0 447 262
172 0 366 350
172 0 158 51
172 0 75 266
172 0 175 283
2
127 116 295 157
56 270 432 120
