4
3
L1 377 0
U2 364 0
L3 484 0
15
61 205
276 333
249 107
466 286
266 105
339 66
305 208
532 290
442 133
569 76
340 322
318 176
379 247
322 94
378 87
2 L1
18 L1
340 349 377 0
99 107 377 0
189 257 377 0
185 200 377 0
302 126 377 0
166 203 377 0
64 308 377 0
375 305 377 0
522 320 377 0
98 287 377 0
142 78 377 0
493 125 377 0
546 243 377 0
107 106 377 0
167 127 377 0
84 142 377 0
150 162 377 0
317 81 377 0
2 L3
18 L3
480 161 484 0
549 153 484 0
597 190 484 0
215 325 484 0
600 67 484 0
486 287 484 0
503 333 484 0
66 124 484 0
245 198 484 0
514 290 484 0
196 129 484 0
440 109 484 0
82 288 484 0
262 52 484 0
156 255 484 0
599 148 484 0
381 156 484 0
402 310 484 0
2 U2
364 0 160 318
364 0 80 86
18 U2
364 0 224 243
364 0 389 343
364 0 585 218
364 0 202 74
364 0 183 145
364 0 80 80
364 0 505 51
364 0 554 187
364 0 207 144
364 0 205 131
364 0 198 105
364 0 461 91
364 0 500 239
364 0 361 218
364 0 424 255
364 0 366 210
364 0 158 222
364 0 138 250
3
340 349 111 195
480 161 239 95
99 107 54 244
