4
3
L1 297 0
U2 67 0
L3 428 0
9
194 213
251 65
577 163
364 318
177 151
148 259
355 40
485 306
520 77
2 L1
18 L1
580 217 297 0
242 113 297 0
182 163 297 0
224 346 297 0
395 170 297 0
136 56 297 0
261 342 297 0
481 233 297 0
422 60 297 0
495 120 297 0
151 66 297 0
209 279 297 0
441 345 297 0
10 126 297 0
150 345 297 0
263 74 297 0
306 268 297 0
34 233 297 0
2 L3
18 L3
446 97 428 0
321 324 428 0
122 257 428 0
14 63 428 0
251 335 428 0
41 155 428 0
372 329 428 0
113 249 428 0
280 341 428 0
93 125 428 0
393 193 428 0
155 109 428 0
543 332 428 0
392 188 428 0
461 304 428 0
502 236 428 0
95 203 428 0
106 73 428 0
2 U2
67 0 331 313
67 0 120 222
18 U2
67 0 365 341
67 0 82 139
67 0 89 117
67 0 10 104
67 0 228 181
67 0 71 110
67 0 389 246
67 0 327 107
67 0 416 269
67 0 553 52
67 0 191 180
67 0 322 257
67 0 600 270
67 0 6 307
67 0 430 126
67 0 74 269
67 0 594 161
67 0 230 280
9
580 217 44 315
446 97 273 342
242 113 414 195
321 324 22 204
182 163 475 58
122 257 357 133
224 346 238 294
14 63 106 244
395 170 542 109
