3
3
L1 598 0
U2 170 0
L3 441 0
12
267 81
21 204
435 145
296 104
259 253
371 74
283 282
60 333
394 148
151 260
349 63
169 133
1 L1
10 L1
413 110 598 0
438 336 598 0
426 284 598 0
250 96 598 0
54 244 598 0
495 350 598 0
217 347 598 0
288 293 598 0
26 312 598 0
585 334 598 0
1 L3
10 L3
16 146 441 0
150 328 441 0
496 194 441 0
145 251 441 0
291 88 441 0
312 258 441 0
335 347 441 0
392 87 441 0
57 348 441 0
443 159 441 0
1 U2
170 0 239 168
10 U2
170 0 105 264
170 0 257 337
170 0 478 294
170 0 82 291
170 0 163 321
170 0 486 112
170 0 24 346
170 0 143 265
170 0 595 124
170 0 98 117
3
413 110 555 284
16 146 432 81
438 336 60 294
