5
3
L1 152 0
U2 160 0
L3 214 0
9
203 263
260 163
48 66
40 230
141 162
170 339
246 81
458 156
50 270
2 L1
18 L1
494 87 152 0
491 123 152 0
42 222 152 0
55 150 152 0
124 341 152 0
177 250 152 0
423 174 152 0
556 232 152 0
91 302 152 0
244 82 152 0
246 137 152 0
329 97 152 0
338 130 152 0
348 302 152 0
486 55 152 0
321 202 152 0
503 128 152 0
369 210 152 0
2 L3
18 L3
315 269 214 0
394 260 214 0
562 302 214 0
216 241 214 0
100 70 214 0
106 312 214 0
222 294 214 0
51 211 214 0
511 120 214 0
34 124 214 0
531 256 214 0
580 326 214 0
440 286 214 0
445 180 214 0
513 94 214 0
121 85 214 0
94 328 214 0
528 350 214 0
2 U2
160 0 68 300
160 0 542 212
18 U2
160 0 451 162
160 0 109 166
160 0 95 302
160 0 186 174
160 0 302 57
160 0 134 61
160 0 360 290
160 0 0 120
160 0 480 99
160 0 297 69
160 0 382 178
160 0 282 297
160 0 508 267
160 0 597 194
160 0 298 202
160 0 501 114
160 0 226 226
160 0 232 292
9
494 87 189 105
315 269 421 164
491 123 416 303
394 260 136 236
42 222 277 350
562 302 390 92
55 150 427 73
216 241 287 190
124 341 83 102
