4
5
L1 187 0
U2 163 0
L3 432 0
U4 543 0
L5 7 0
20
367 132
243 211
401 146
387 30
285 287
235 122
362 81
592 325
169 180
57 168
103 303
329 163
266 227
428 78
310 60
545 65
571 202
541 242
96 241
79 328
2 L1
14 L1
106 257 187 0
268 318 187 0
561 76 187 0
492 65 187 0
349 185 187 0
453 330 187 0
576 240 187 0
105 201 187 0
441 159 187 0
259 227 187 0
468 235 187 0
31 80 187 0
228 53 187 0
496 282 187 0
2 L3
14 L3
447 174 432 0
329 349 432 0
128 298 432 0
76 314 432 0
416 269 432 0
51 230 432 0
203 176 432 0
250 288 432 0
137 156 432 0
316 62 432 0
92 264 432 0
74 63 432 0
527 283 432 0
402 162 432 0
2 L5
14 L5
554 295 7 0
474 128 7 0
397 59 7 0
546 201 7 0
268 57 7 0
88 268 7 0
536 163 7 0
437 230 7 0
374 296 7 0
540 176 7 0
27 280 7 0
276 275 7 0
277 267 7 0
448 292 7 0
2 U2
163 0 146 135
163 0 314 238
14 U2
163 0 243 149
163 0 459 280
163 0 97 192
163 0 269 332
163 0 119 157
163 0 256 135
163 0 31 255
163 0 170 230
163 0 494 310
163 0 349 54
163 0 42 226
163 0 107 309
163 0 548 265
163 0 34 310
2 U4
543 0 531 129
543 0 347 190
14 U4
543 0 285 62
543 0 356 78
543 0 573 116
543 0 56 320
543 0 474 198
543 0 66 186
543 0 588 215
543 0 118 114
543 0 225 300
543 0 586 191
543 0 387 236
543 0 542 261
543 0 105 283
543 0 144 231
7
106 257 227 306
447 174 87 279
554 295 465 52
268 318 572 120
329 349 377 166
474 128 570 77
561 76 475 147
