5
4
L1 597 0
U2 79 0
L3 351 0
U4 90 0
12
476 293
160 289
363 73
177 243
59 325
547 208
357 285
385 176
178 239
483 230
147 123
284 65
2 L1
14 L1
599 222 597 0
124 298 597 0
313 104 597 0
134 59 597 0
14 268 597 0
243 243 597 0
62 143 597 0
462 57 597 0
423 296 597 0
308 61 597 0
74 231 597 0
185 201 597 0
234 183 597 0
178 302 597 0
2 L3
14 L3
372 191 351 0
259 261 351 0
20 216 351 0
364 205 351 0
548 195 351 0
64 291 351 0
536 299 351 0
212 223 351 0
276 197 351 0
168 145 351 0
18 61 351 0
499 62 351 0
211 313 351 0
536 288 351 0
2 U2
79 0 221 204
79 0 433 69
14 U2
79 0 508 138
79 0 370 140
79 0 325 115
79 0 305 332
79 0 449 182
79 0 334 223
79 0 359 104
79 0 76 187
79 0 391 56
79 0 543 300
79 0 360 216
79 0 39 69
79 0 302 337
79 0 409 318
2 U4
90 0 448 105
90 0 443 245
14 U4
90 0 3 310
90 0 35 243
90 0 18 144
90 0 93 147
90 0 398 332
90 0 381 285
90 0 263 317
90 0 536 331
90 0 84 53
90 0 442 158
90 0 203 235
90 0 74 164
90 0 165 104
90 0 387 310
3
599 222 463 330
372 191 496 214
124 298 141 193
