4
6
L1 348 0
U2 14 0
L3 328 0
U4 511 0
L5 179 0
U6 153 0
18
302 211
600 76
455 147
156 60
574 277
297 115
315 19
119 244
514 231
332 41
317 138
175 76
34 74
554 297
281 73
578 271
51 298
313 300
2 L1
10 L1
299 297 348 0
419 109 348 0
233 136 348 0
392 177 348 0
381 286 348 0
354 230 348 0
67 167 348 0
275 254 348 0
407 179 348 0
92 173 348 0
2 L3
10 L3
411 248 328 0
258 221 328 0
253 208 328 0
598 123 328 0
475 253 328 0
297 128 328 0
53 300 328 0
120 173 328 0
76 222 328 0
553 89 328 0
2 L5
10 L5
353 263 179 0
516 227 179 0
435 183 179 0
218 195 179 0
335 187 179 0
505 274 179 0
57 232 179 0
452 125 179 0
563 57 179 0
148 311 179 0
2 U2
14 0 211 72
14 0 12 85
10 U2
14 0 505 191
14 0 32 195
14 0 301 134
14 0 46 258
14 0 436 282
14 0 551 342
14 0 236 206
14 0 537 250
14 0 494 283
14 0 597 106
2 U4
511 0 478 151
511 0 340 293
10 U4
511 0 84 156
511 0 193 138
511 0 208 349
511 0 569 79
511 0 465 135
511 0 194 247
511 0 234 309
511 0 123 182
511 0 160 74
511 0 226 56
2 U6
153 0 502 188
153 0 60 247
10 U6
153 0 157 233
153 0 448 128
153 0 4 54
153 0 107 148
153 0 209 203
153 0 585 71
153 0 229 97
153 0 105 313
153 0 292 133
153 0 244 167
9
299 297 80 346
411 248 92 295
353 263 478 78
419 109 221 181
258 221 173 113
516 227 340 126
233 136 237 277
253 208 182 70
435 183 445 257
