5
3
L1 48 0
U2 439 0
L3 183 0
15
362 109
547 329
336 197
469 110
226 161
413 0
344 48
212 94
349 153
150 212
343 257
35 195
396 292
395 5
464 273
2 L1
14 L1
237 170 48 0
199 242 48 0
291 234 48 0
535 190 48 0
566 261 48 0
402 343 48 0
319 266 48 0
64 159 48 0
151 175 48 0
318 72 48 0
406 194 48 0
519 212 48 0
377 167 48 0
13 81 48 0
2 L3
14 L3
244 299 183 0
420 73 183 0
84 191 183 0
281 185 183 0
426 118 183 0
280 159 183 0
497 75 183 0
403 182 183 0
367 91 183 0
324 178 183 0
156 349 183 0
303 97 183 0
599 72 183 0
271 235 183 0
2 U2
439 0 328 265
439 0 396 130
14 U2
439 0 167 143
439 0 267 180
439 0 556 286
439 0 396 148
439 0 395 52
439 0 566 286
439 0 436 169
439 0 31 97
439 0 398 270
439 0 484 316
439 0 494 338
439 0 573 132
439 0 489 233
439 0 372 50
5
237 170 40 179
244 299 39 129
199 242 169 157
420 73 152 344
291 234 471 276
