4
3
L1 522 0
U2 426 0
L3 542 0
9
241 180
209 34
42 55
560 339
359 79
36 81
475 72
376 192
15 203
2 L1
22 L1
439 173 522 0
101 115 522 0
47 287 522 0
417 182 522 0
227 225 522 0
371 246 522 0
94 79 522 0
155 317 522 0
12 77 522 0
371 143 522 0
450 275 522 0
517 185 522 0
434 126 522 0
188 329 522 0
146 56 522 0
345 50 522 0
416 187 522 0
259 339 522 0
324 60 522 0
377 64 522 0
559 284 522 0
416 92 522 0
2 L3
22 L3
234 299 542 0
388 101 542 0
356 181 542 0
214 119 542 0
403 92 542 0
185 196 542 0
503 203 542 0
557 118 542 0
600 129 542 0
16 189 542 0
315 333 542 0
8 155 542 0
72 275 542 0
384 184 542 0
89 92 542 0
562 325 542 0
291 69 542 0
163 277 542 0
376 346 542 0
321 227 542 0
9 137 542 0
157 315 542 0
2 U2
426 0 55 302
426 0 588 340
22 U2
426 0 410 91
426 0 577 298
426 0 261 324
426 0 46 170
426 0 209 56
426 0 91 258
426 0 532 262
426 0 259 292
426 0 548 313
426 0 573 195
426 0 446 218
426 0 445 87
426 0 152 218
426 0 512 338
426 0 316 133
426 0 164 259
426 0 225 279
426 0 361 151
426 0 318 104
426 0 119 272
426 0 566 249
426 0 434 188
10
439 173 183 334
234 299 555 230
101 115 305 60
388 101 453 71
47 287 285 139
356 181 392 62
417 182 336 80
214 119 526 152
227 225 278 283
403 92 185 171
