4
4
L1 508 0
U2 361 0
L3 400 0
U4 144 0
16
132 156
322 262
459 152
574 124
220 101
321 345
14 40
82 155
398 36
409 342
504 320
449 25
359 127
541 82
47 321
185 303
2 L1
14 L1
86 195 508 0
265 67 508 0
126 268 508 0
403 205 508 0
367 109 508 0
467 334 508 0
477 297 508 0
452 78 508 0
153 218 508 0
35 269 508 0
110 149 508 0
330 306 508 0
522 197 508 0
415 347 508 0
2 L3
14 L3
400 333 400 0
518 141 400 0
377 123 400 0
36 179 400 0
218 224 400 0
152 341 400 0
231 111 400 0
411 341 400 0
271 227 400 0
503 59 400 0
563 174 400 0
300 94 400 0
278 222 400 0
317 50 400 0
2 U2
361 0 61 313
361 0 278 236
14 U2
361 0 69 314
361 0 31 257
361 0 63 211
361 0 41 90
361 0 55 88
361 0 317 229
361 0 429 90
361 0 404 102
361 0 43 64
361 0 17 246
361 0 593 139
361 0 353 283
361 0 493 348
361 0 415 327
2 U4
144 0 462 333
144 0 509 249
14 U4
144 0 273 228
144 0 235 177
144 0 559 295
144 0 197 198
144 0 136 144
144 0 464 67
144 0 552 201
144 0 341 150
144 0 239 237
144 0 548 349
144 0 372 73
144 0 387 341
144 0 62 174
144 0 508 210
9
86 195 166 200
400 333 416 246
265 67 564 347
518 141 465 323
126 268 304 169
377 123 162 106
403 205 286 349
36 179 455 224
367 109 265 138
