3
6
L1 133 0
U2 460 0
L3 235 0
U4 372 0
L5 413 0
U6 272 0
24
474 94
221 27
267 333
35 243
406 31
371 33
32 306
197 197
117 135
22 145
146 122
54 15
548 148
145 176
119 15
105 278
192 293
150 43
324 85
406 124
263 261
131 326
66 340
349 54
1 L1
14 L1
333 141 133 0
377 184 133 0
282 221 133 0
288 307 133 0
80 70 133 0
134 321 133 0
203 233 133 0
342 171 133 0
49 116 133 0
134 275 133 0
117 289 133 0
216 79 133 0
552 158 133 0
467 167 133 0
1 L3
14 L3
155 257 235 0
245 305 235 0
285 247 235 0
441 342 235 0
230 203 235 0
509 69 235 0
574 79 235 0
191 117 235 0
41 129 235 0
480 333 235 0
496 304 235 0
115 338 235 0
327 188 235 0
270 185 235 0
1 L5
14 L5
364 298 413 0
543 247 413 0
590 123 413 0
143 195 413 0
384 228 413 0
249 65 413 0
397 289 413 0
8 344 413 0
141 312 413 0
17 350 413 0
251 240 413 0
10 205 413 0
45 265 413 0
310 53 413 0
1 U2
460 0 532 91
14 U2
460 0 304 55
460 0 506 132
460 0 489 136
460 0 254 136
460 0 349 251
460 0 104 58
460 0 561 273
460 0 144 105
460 0 572 286
460 0 252 256
460 0 457 72
460 0 135 63
460 0 577 66
460 0 365 156
1 U4
372 0 170 287
14 U4
372 0 517 217
372 0 514 301
372 0 36 215
372 0 287 94
372 0 83 305
372 0 473 53
372 0 515 324
372 0 458 284
372 0 54 89
372 0 134 80
372 0 118 322
372 0 7 92
372 0 65 242
372 0 579 324
1 U6
272 0 547 176
14 U6
272 0 398 276
272 0 380 261
272 0 484 85
272 0 345 50
272 0 357 323
272 0 162 63
272 0 104 214
272 0 11 57
272 0 572 286
272 0 363 304
272 0 386 192
272 0 583 272
272 0 552 101
272 0 568 329
13
333 141 457 295
155 257 360 186
364 298 442 53
377 184 49 82
245 305 7 140
543 247 424 254
282 221 151 340
285 247 389 163
590 123 565 77
288 307 212 257
441 342 479 349
143 195 528 181
80 70 141 111
