5
5
L1 444 0
U2 480 0
L3 535 0
U4 31 0
L5 272 0
25
390 72
17 95
257 96
352 283
246 81
352 14
477 188
541 77
415 252
254 101
440 154
113 61
331 343
599 75
329 111
200 328
355 110
146 68
190 24
147 251
516 17
19 305
381 18
508 25
303 233
2 L1
22 L1
558 225 444 0
51 50 444 0
201 302 444 0
229 188 444 0
302 69 444 0
345 200 444 0
475 267 444 0
346 126 444 0
317 140 444 0
14 304 444 0
445 258 444 0
401 249 444 0
568 156 444 0
258 96 444 0
554 86 444 0
591 67 444 0
223 84 444 0
562 61 444 0
442 149 444 0
129 128 444 0
17 157 444 0
211 165 444 0
2 L3
22 L3
307 260 535 0
50 61 535 0
301 64 535 0
195 91 535 0
214 167 535 0
155 283 535 0
469 226 535 0
172 223 535 0
419 280 535 0
583 61 535 0
153 244 535 0
572 58 535 0
139 218 535 0
51 112 535 0
419 286 535 0
397 133 535 0
502 252 535 0
360 224 535 0
568 220 535 0
576 306 535 0
67 114 535 0
355 250 535 0
2 L5
22 L5
591 320 272 0
323 259 272 0
380 267 272 0
581 146 272 0
118 308 272 0
129 343 272 0
65 70 272 0
329 136 272 0
528 100 272 0
242 75 272 0
30 214 272 0
110 288 272 0
529 141 272 0
457 278 272 0
361 139 272 0
544 173 272 0
390 148 272 0
513 242 272 0
501 315 272 0
593 112 272 0
461 129 272 0
514 56 272 0
2 U2
480 0 351 323
480 0 593 200
22 U2
480 0 451 108
480 0 273 335
480 0 525 279
480 0 477 215
480 0 365 180
480 0 273 54
480 0 326 186
480 0 48 173
480 0 570 210
480 0 243 238
480 0 247 245
480 0 594 266
480 0 393 122
480 0 595 251
480 0 138 238
480 0 525 253
480 0 33 149
480 0 117 121
480 0 307 289
480 0 454 231
480 0 42 328
480 0 174 221
2 U4
31 0 217 225
31 0 269 254
22 U4
31 0 110 172
31 0 95 286
31 0 74 230
31 0 142 192
31 0 382 331
31 0 418 222
31 0 62 66
31 0 237 241
31 0 208 50
31 0 545 79
31 0 435 53
31 0 160 223
31 0 152 208
31 0 596 163
31 0 295 68
31 0 245 232
31 0 364 67
31 0 371 260
31 0 150 174
31 0 208 350
31 0 381 291
31 0 397 83
11
558 225 17 156
307 260 564 256
591 320 107 56
51 50 208 199
50 61 300 151
323 259 354 74
201 302 586 115
301 64 278 290
380 267 183 269
229 188 9 143
195 91 149 58
