4
4
L1 444 0
U2 399 0
L3 253 0
U4 39 0
20
19 42
57 343
40 171
158 257
68 320
579 36
107 28
331 168
97 237
81 192
452 235
328 187
21 185
55 159
539 333
286 155
571 167
328 224
555 317
566 296
2 L1
18 L1
10 72 444 0
504 254 444 0
364 288 444 0
371 117 444 0
217 77 444 0
574 310 444 0
586 158 444 0
520 334 444 0
78 241 444 0
575 210 444 0
591 290 444 0
583 86 444 0
3 295 444 0
283 262 444 0
413 297 444 0
73 132 444 0
472 135 444 0
186 179 444 0
2 L3
18 L3
147 342 253 0
267 342 253 0
106 348 253 0
257 315 253 0
423 56 253 0
158 306 253 0
446 343 253 0
589 323 253 0
191 55 253 0
422 255 253 0
327 118 253 0
165 291 253 0
252 127 253 0
223 153 253 0
295 232 253 0
458 228 253 0
205 266 253 0
61 97 253 0
2 U2
399 0 575 130
399 0 8 276
18 U2
399 0 534 298
399 0 526 113
399 0 308 337
399 0 541 239
399 0 274 199
399 0 163 119
399 0 260 78
399 0 241 75
399 0 84 104
399 0 265 141
399 0 68 294
399 0 377 96
399 0 323 298
399 0 150 261
399 0 340 205
399 0 88 239
399 0 111 168
399 0 509 182
2 U4
39 0 312 279
39 0 17 340
18 U4
39 0 44 159
39 0 350 89
39 0 116 133
39 0 408 332
39 0 268 297
39 0 45 140
39 0 160 287
39 0 539 120
39 0 226 208
39 0 300 308
39 0 183 285
39 0 417 185
39 0 142 162
39 0 455 219
39 0 440 166
39 0 255 299
39 0 550 131
39 0 297 346
11
10 72 284 86
147 342 69 255
504 254 21 93
267 342 57 341
364 288 587 191
106 348 212 314
371 117 582 347
257 315 581 65
217 77 365 259
423 56 590 51
574 310 592 347
