4
3
L1 221 0
U2 188 0
L3 136 0
12
39 130
63 309
161 201
106 309
379 269
441 203
573 87
529 286
158 55
189 24
545 161
560 307
2 L1
14 L1
210 187 221 0
462 299 221 0
447 99 221 0
214 222 221 0
20 278 221 0
381 214 221 0
423 194 221 0
124 271 221 0
429 280 221 0
561 102 221 0
379 261 221 0
243 319 221 0
248 127 221 0
545 159 221 0
2 L3
14 L3
117 116 136 0
271 179 136 0
28 160 136 0
383 261 136 0
536 52 136 0
386 184 136 0
321 280 136 0
31 74 136 0
216 134 136 0
412 216 136 0
208 116 136 0
197 285 136 0
452 252 136 0
33 317 136 0
2 U2
188 0 380 305
188 0 374 283
14 U2
188 0 116 60
188 0 460 128
188 0 477 275
188 0 308 223
188 0 244 115
188 0 436 78
188 0 228 105
188 0 160 325
188 0 228 201
188 0 349 61
188 0 348 110
188 0 132 97
188 0 156 296
188 0 0 211
3
210 187 134 240
117 116 370 55
462 299 0 281
