4
5
L1 104 0
U2 593 0
L3 251 0
U4 211 0
L5 414 0
20
8 139
377 43
446 255
570 176
509 129
201 259
204 88
183 169
234 163
483 294
242 126
124 311
576 307
150 86
275 178
17 41
584 252
524 276
23 269
402 189
2 L1
22 L1
76 314 104 0
530 100 104 0
390 159 104 0
164 209 104 0
53 283 104 0
263 173 104 0
30 181 104 0
471 251 104 0
253 258 104 0
560 194 104 0
454 248 104 0
71 306 104 0
517 94 104 0
150 85 104 0
440 124 104 0
434 312 104 0
139 79 104 0
204 298 104 0
206 101 104 0
507 294 104 0
364 138 104 0
551 90 104 0
2 L3
22 L3
362 311 251 0
159 311 251 0
448 123 251 0
434 318 251 0
58 66 251 0
453 111 251 0
88 71 251 0
490 130 251 0
128 52 251 0
417 348 251 0
36 51 251 0
66 298 251 0
31 312 251 0
191 139 251 0
525 325 251 0
494 101 251 0
46 150 251 0
7 157 251 0
46 323 251 0
55 182 251 0
309 151 251 0
497 265 251 0
2 L5
22 L5
247 89 414 0
498 287 414 0
324 172 414 0
89 332 414 0
449 317 414 0
536 327 414 0
75 69 414 0
485 88 414 0
177 154 414 0
600 65 414 0
315 346 414 0
504 200 414 0
136 253 414 0
599 89 414 0
389 101 414 0
8 137 414 0
437 271 414 0
510 344 414 0
247 330 414 0
116 244 414 0
288 180 414 0
294 310 414 0
2 U2
593 0 502 174
593 0 170 204
22 U2
593 0 86 50
593 0 525 245
593 0 119 71
593 0 435 309
593 0 418 130
593 0 144 115
593 0 224 344
593 0 420 304
593 0 267 75
593 0 229 178
593 0 454 280
593 0 141 83
593 0 223 282
593 0 572 66
593 0 124 66
593 0 196 284
593 0 205 99
593 0 252 208
593 0 232 273
593 0 57 85
593 0 96 177
593 0 378 208
2 U4
211 0 269 62
211 0 536 179
22 U4
211 0 541 92
211 0 73 324
211 0 514 300
211 0 53 295
211 0 505 138
211 0 540 143
211 0 483 200
211 0 459 158
211 0 170 189
211 0 254 116
211 0 451 131
211 0 230 180
211 0 437 225
211 0 88 70
211 0 539 332
211 0 430 258
211 0 73 76
211 0 565 225
211 0 14 274
211 0 489 164
211 0 432 239
211 0 421 152
6
76 314 258 249
362 311 490 217
247 89 578 154
530 100 271 185
159 311 40 338
498 287 569 247
