3
4
L1 199 0
U2 595 0
L3 392 0
U4 10 0
16
363 42
74 264
233 266
367 130
540 321
243 102
17 66
372 98
599 340
405 255
363 310
570 287
239 91
273 272
429 36
362 242
1 L1
10 L1
564 268 199 0
290 50 199 0
550 279 199 0
195 143 199 0
69 343 199 0
216 191 199 0
326 165 199 0
527 236 199 0
442 276 199 0
53 68 199 0
1 L3
10 L3
42 169 392 0
556 307 392 0
564 317 392 0
128 252 392 0
214 63 392 0
321 70 392 0
174 174 392 0
124 150 392 0
518 248 392 0
538 161 392 0
1 U2
595 0 432 77
10 U2
595 0 485 108
595 0 154 76
595 0 561 253
595 0 327 177
595 0 62 111
595 0 424 172
595 0 486 271
595 0 127 258
595 0 67 294
595 0 579 267
1 U4
10 0 401 105
10 U4
10 0 456 206
10 0 325 340
10 0 30 63
10 0 292 349
10 0 150 186
10 0 104 113
10 0 49 176
10 0 536 249
10 0 4 235
10 0 224 246
4
564 268 50 233
42 169 227 92
290 50 516 74
556 307 375 90
