5
5
L1 47 0
U2 447 0
L3 311 0
U4 273 0
L5 274 0
25
308 110
5 14
338 43
387 293
158 62
76 287
64 259
12 144
151 103
389 20
429 198
487 87
251 235
87 348
20 14
95 321
529 110
382 226
286 198
16 78
465 320
6 26
271 86
585 163
573 79
2 L1
10 L1
548 219 47 0
402 296 47 0
96 150 47 0
496 63 47 0
35 261 47 0
400 304 47 0
294 314 47 0
520 234 47 0
324 81 47 0
437 191 47 0
2 L3
10 L3
487 192 311 0
105 338 311 0
121 258 311 0
157 280 311 0
146 277 311 0
336 191 311 0
15 225 311 0
581 158 311 0
533 309 311 0
324 344 311 0
2 L5
10 L5
393 198 274 0
576 161 274 0
339 89 274 0
406 106 274 0
545 50 274 0
36 133 274 0
321 105 274 0
547 287 274 0
66 334 274 0
126 153 274 0
2 U2
447 0 314 162
447 0 15 254
10 U2
447 0 316 270
447 0 344 147
447 0 442 293
447 0 76 275
447 0 213 310
447 0 119 209
447 0 47 155
447 0 94 193
447 0 575 246
447 0 587 52
2 U4
273 0 558 84
273 0 546 138
10 U4
273 0 100 154
273 0 59 99
273 0 174 263
273 0 223 293
273 0 486 150
273 0 115 229
273 0 591 245
273 0 480 259
273 0 512 100
273 0 492 223
5
548 219 350 349
487 192 135 309
393 198 386 97
402 296 415 288
105 338 76 199
