4
3
L1 61 0
U2 449 0
L3 322 0
15
188 209
522 291
538 164
581 319
268 56
32 103
38 175
358 263
86 32
463 218
497 73
422 9
531 175
387 257
283 262
2 L1
14 L1
453 276 61 0
427 279 61 0
544 202 61 0
506 323 61 0
260 200 61 0
530 261 61 0
112 246 61 0
585 245 61 0
585 168 61 0
128 186 61 0
244 251 61 0
314 250 61 0
460 249 61 0
463 145 61 0
2 L3
14 L3
569 348 322 0
558 350 322 0
3 52 322 0
371 76 322 0
66 249 322 0
68 274 322 0
113 307 322 0
459 53 322 0
328 350 322 0
213 132 322 0
237 309 322 0
530 54 322 0
10 86 322 0
43 76 322 0
2 U2
449 0 95 187
449 0 55 346
14 U2
449 0 222 183
449 0 496 341
449 0 90 188
449 0 159 68
449 0 304 227
449 0 52 86
449 0 158 90
449 0 173 115
449 0 179 51
449 0 203 336
449 0 189 99
449 0 381 197
449 0 139 149
449 0 138 250
7
453 276 259 267
569 348 450 190
427 279 316 147
558 350 1 162
544 202 349 222
3 52 223 259
506 323 454 129
