3
4
L1 508 0
U2 121 0
L3 591 0
U4 591 0
16
242 247
315 58
185 119
581 295
175 99
390 33
423 6
424 151
19 195
406 19
202 155
338 21
196 229
476 15
46 44
19 209
1 L1
22 L1
551 347 508 0
306 202 508 0
150 289 508 0
475 295 508 0
443 106 508 0
323 92 508 0
136 133 508 0
150 142 508 0
529 284 508 0
528 182 508 0
409 309 508 0
564 164 508 0
452 296 508 0
436 348 508 0
122 266 508 0
199 99 508 0
564 122 508 0
284 227 508 0
219 184 508 0
263 342 508 0
255 195 508 0
507 114 508 0
1 L3
22 L3
63 347 591 0
46 176 591 0
178 276 591 0
51 246 591 0
146 229 591 0
136 333 591 0
518 179 591 0
450 188 591 0
418 223 591 0
199 265 591 0
41 348 591 0
131 229 591 0
220 289 591 0
526 347 591 0
140 135 591 0
364 307 591 0
355 166 591 0
412 219 591 0
93 194 591 0
516 136 591 0
464 109 591 0
378 314 591 0
1 U2
121 0 525 310
22 U2
121 0 233 92
121 0 374 293
121 0 196 252
121 0 591 95
121 0 462 294
121 0 122 210
121 0 305 335
121 0 91 169
121 0 281 91
121 0 521 108
121 0 88 228
121 0 560 61
121 0 5 288
121 0 63 257
121 0 66 333
121 0 278 278
121 0 430 282
121 0 185 219
121 0 242 182
121 0 65 67
121 0 44 138
121 0 332 72
1 U4
591 0 367 293
22 U4
591 0 0 75
591 0 394 204
591 0 262 224
591 0 179 82
591 0 549 227
591 0 463 158
591 0 194 198
591 0 101 334
591 0 31 167
591 0 159 207
591 0 68 56
591 0 180 179
591 0 139 141
591 0 475 334
591 0 52 97
591 0 234 176
591 0 597 160
591 0 221 258
591 0 388 273
591 0 511 260
591 0 281 121
591 0 90 87
5
551 347 311 189
63 347 199 123
306 202 425 324
46 176 86 300
150 289 393 315
