3
5
L1 270 0
U2 326 0
L3 16 0
U4 424 0
L5 501 0
20
89 249
488 329
466 11
433 60
196 55
75 343
263 313
225 74
143 280
25 109
1 328
92 150
231 63
387 177
151 215
406 306
484 221
6 54
216 177
285 235
1 L1
10 L1
564 157 270 0
32 348 270 0
347 153 270 0
382 170 270 0
345 158 270 0
85 251 270 0
95 243 270 0
223 134 270 0
281 339 270 0
451 208 270 0
1 L3
10 L3
147 303 16 0
278 91 16 0
186 83 16 0
546 325 16 0
28 143 16 0
363 330 16 0
197 266 16 0
534 224 16 0
511 321 16 0
565 255 16 0
1 L5
10 L5
498 105 501 0
131 255 501 0
352 246 501 0
66 236 501 0
12 258 501 0
226 292 501 0
454 344 501 0
143 215 501 0
263 337 501 0
285 132 501 0
1 U2
326 0 524 274
10 U2
326 0 112 257
326 0 115 103
326 0 243 272
326 0 362 260
326 0 579 155
326 0 386 344
326 0 269 131
326 0 546 151
326 0 492 247
326 0 204 237
1 U4
424 0 432 346
10 U4
424 0 581 117
424 0 489 310
424 0 110 94
424 0 244 233
424 0 355 308
424 0 444 162
424 0 92 160
424 0 272 130
424 0 169 107
424 0 227 289
5
564 157 34 323
147 303 475 293
498 105 218 116
32 348 91 235
278 91 4 308
