5
3
L1 422 0
U2 388 0
L3 585 0
12
128 264
102 60
160 36
115 134
298 268
585 192
280 71
406 325
497 227
145 276
557 317
206 301
2 L1
10 L1
6 106 422 0
282 313 422 0
229 126 422 0
43 235 422 0
544 331 422 0
359 210 422 0
160 316 422 0
542 314 422 0
527 115 422 0
571 79 422 0
2 L3
10 L3
557 316 585 0
112 233 585 0
32 268 585 0
22 311 585 0
210 129 585 0
39 259 585 0
524 81 585 0
204 142 585 0
96 161 585 0
373 98 585 0
2 U2
388 0 577 140
388 0 420 128
10 U2
388 0 574 108
388 0 539 149
388 0 236 295
388 0 384 294
388 0 314 57
388 0 145 303
388 0 414 256
388 0 556 267
388 0 159 221
388 0 175 285
2
6 106 31 228
557 316 547 291
