4
5
L1 358 0
U2 310 0
L3 70 0
U4 393 0
L5 407 0
25
148 119
303 132
393 111
330 77
446 294
161 344
244 193
362 269
581 65
440 111
168 196
55 11
263 192
155 126
123 64
350 33
445 68
217 66
118 312
416 140
224 230
389 153
39 313
174 153
123 27
2 L1
18 L1
148 312 358 0
70 202 358 0
544 105 358 0
121 119 358 0
427 230 358 0
146 194 358 0
385 190 358 0
525 293 358 0
159 166 358 0
460 265 358 0
459 247 358 0
31 169 358 0
167 349 358 0
96 295 358 0
429 142 358 0
394 221 358 0
230 258 358 0
526 97 358 0
2 L3
18 L3
128 268 70 0
428 148 70 0
202 181 70 0
7 253 70 0
276 277 70 0
353 318 70 0
389 316 70 0
282 285 70 0
220 256 70 0
544 306 70 0
281 280 70 0
416 79 70 0
105 329 70 0
420 107 70 0
194 344 70 0
447 68 70 0
463 304 70 0
90 108 70 0
2 L5
18 L5
191 73 407 0
409 181 407 0
153 206 407 0
284 253 407 0
448 195 407 0
39 301 407 0
522 263 407 0
555 349 407 0
155 307 407 0
300 237 407 0
180 57 407 0
104 111 407 0
401 85 407 0
434 314 407 0
344 52 407 0
329 64 407 0
69 133 407 0
557 345 407 0
2 U2
310 0 218 109
310 0 389 107
18 U2
310 0 343 335
310 0 220 134
310 0 406 71
310 0 406 51
310 0 54 67
310 0 252 338
310 0 404 189
310 0 543 176
310 0 89 64
310 0 130 212
310 0 202 201
310 0 247 146
310 0 102 261
310 0 541 267
310 0 175 245
310 0 295 331
310 0 484 129
310 0 298 250
2 U4
393 0 596 80
393 0 535 69
18 U4
393 0 94 346
393 0 54 347
393 0 143 331
393 0 562 88
393 0 129 186
393 0 460 344
393 0 497 194
393 0 374 245
393 0 476 284
393 0 561 339
393 0 460 214
393 0 469 303
393 0 27 315
393 0 56 350
393 0 329 179
393 0 408 295
393 0 416 274
393 0 432 110
9
148 312 568 269
128 268 498 121
191 73 525 303
70 202 135 168
428 148 189 61
409 181 95 70
544 105 39 292
202 181 468 83
153 206 593 56
