5
5
L1 41 0
U2 109 0
L3 387 0
U4 122 0
L5 444 0
20
170 268
434 2
135 206
463 135
487 235
471 268
306 164
535 43
562 113
66 80
470 304
165 202
19 344
425 246
510 168
335 55
524 304
339 11
403 138
545 112
2 L1
18 L1
114 168 41 0
254 61 41 0
593 156 41 0
55 174 41 0
5 286 41 0
408 71 41 0
278 243 41 0
194 310 41 0
313 346 41 0
150 225 41 0
293 217 41 0
281 177 41 0
184 168 41 0
371 97 41 0
452 222 41 0
329 90 41 0
501 340 41 0
468 119 41 0
2 L3
18 L3
353 325 387 0
495 55 387 0
301 175 387 0
176 305 387 0
566 84 387 0
116 229 387 0
563 167 387 0
229 306 387 0
579 53 387 0
44 66 387 0
549 232 387 0
540 138 387 0
231 123 387 0
146 112 387 0
86 75 387 0
202 170 387 0
167 97 387 0
2 280 387 0
2 L5
18 L5
541 160 444 0
573 286 444 0
13 338 444 0
383 144 444 0
486 76 444 0
84 237 444 0
77 158 444 0
7 195 444 0
263 253 444 0
37 295 444 0
442 254 444 0
362 303 444 0
402 269 444 0
538 206 444 0
476 281 444 0
392 130 444 0
346 129 444 0
140 233 444 0
2 U2
109 0 75 292
109 0 520 179
18 U2
109 0 363 291
109 0 68 68
109 0 397 290
109 0 375 304
109 0 337 169
109 0 359 107
109 0 33 209
109 0 332 342
109 0 490 118
109 0 419 158
109 0 387 92
109 0 292 344
109 0 343 161
109 0 459 84
109 0 235 84
109 0 418 277
109 0 237 297
109 0 38 348
2 U4
122 0 312 181
122 0 501 177
18 U4
122 0 451 198
122 0 318 207
122 0 451 69
122 0 170 318
122 0 165 270
122 0 328 208
122 0 435 244
122 0 412 323
122 0 79 150
122 0 227 338
122 0 384 138
122 0 474 129
122 0 142 222
122 0 371 269
122 0 262 67
122 0 407 312
122 0 243 95
122 0 320 189
14
114 168 535 331
353 325 38 272
541 160 401 154
254 61 365 258
495 55 541 118
573 286 581 185
593 156 163 290
301 175 439 197
13 338 77 224
55 174 327 321
176 305 324 70
383 144 412 69
5 286 308 297
566 84 517 115
