4
4
L1 252 0
U2 20 0
L3 562 0
U4 76 0
12
448 84
296 15
38 83
78 65
204 151
513 242
161 213
487 255
407 336
1 267
547 243
324 158
2 L1
14 L1
335 199 252 0
531 264 252 0
25 112 252 0
12 281 252 0
131 55 252 0
600 193 252 0
458 317 252 0
566 316 252 0
317 99 252 0
510 137 252 0
595 348 252 0
559 209 252 0
438 187 252 0
338 73 252 0
2 L3
14 L3
342 348 562 0
122 84 562 0
89 235 562 0
5 341 562 0
537 74 562 0
129 219 562 0
353 243 562 0
524 153 562 0
287 342 562 0
97 153 562 0
206 85 562 0
180 162 562 0
584 319 562 0
418 186 562 0
2 U2
20 0 193 198
20 0 74 263
14 U2
20 0 68 254
20 0 291 166
20 0 556 52
20 0 193 170
20 0 499 147
20 0 325 345
20 0 197 138
20 0 47 143
20 0 369 298
20 0 59 178
20 0 57 208
20 0 100 61
20 0 26 327
20 0 103 274
2 U4
76 0 300 331
76 0 54 331
14 U4
76 0 511 57
76 0 160 131
76 0 197 277
76 0 544 120
76 0 158 62
76 0 509 276
76 0 112 202
76 0 497 284
76 0 206 335
76 0 353 64
76 0 95 110
76 0 471 74
76 0 409 307
76 0 497 229
3
335 199 567 200
342 348 204 191
531 264 134 80
