5
4
L1 362 0
U2 271 0
L3 299 0
U4 249 0
20
562 213
297 248
338 318
60 224
92 44
535 178
83 192
118 70
534 124
263 167
293 47
251 347
169 52
48 151
266 139
174 221
7 267
156 191
21 220
358 24
2 L1
14 L1
412 142 362 0
167 244 362 0
572 215 362 0
48 62 362 0
21 307 362 0
337 346 362 0
337 326 362 0
79 256 362 0
574 223 362 0
281 157 362 0
499 79 362 0
35 152 362 0
140 262 362 0
251 260 362 0
2 L3
14 L3
362 135 299 0
562 178 299 0
257 200 299 0
285 246 299 0
149 179 299 0
481 341 299 0
563 152 299 0
59 133 299 0
4 281 299 0
264 61 299 0
556 69 299 0
195 146 299 0
204 207 299 0
34 51 299 0
2 U2
271 0 513 166
271 0 547 204
14 U2
271 0 47 216
271 0 167 153
271 0 306 206
271 0 48 115
271 0 80 155
271 0 132 213
271 0 577 279
271 0 393 70
271 0 98 134
271 0 506 190
271 0 278 218
271 0 363 85
271 0 575 253
271 0 125 113
2 U4
249 0 331 114
249 0 179 166
14 U4
249 0 371 77
249 0 565 65
249 0 597 89
249 0 315 219
249 0 570 121
249 0 112 220
249 0 592 240
249 0 379 328
249 0 386 202
249 0 533 305
249 0 34 79
249 0 71 158
249 0 381 143
249 0 440 206
9
412 142 581 300
362 135 339 221
167 244 256 212
562 178 536 119
572 215 152 278
257 200 309 181
48 62 510 76
285 246 56 271
21 307 244 230
