5
3
L1 484 0
U2 170 0
L3 478 0
12
77 14
109 308
453 100
193 63
58 151
343 258
577 155
439 291
441 24
364 156
425 349
485 173
2 L1
18 L1
387 258 484 0
415 114 484 0
61 63 484 0
388 83 484 0
568 71 484 0
228 277 484 0
417 78 484 0
206 288 484 0
483 269 484 0
233 141 484 0
103 170 484 0
260 291 484 0
507 170 484 0
188 347 484 0
91 142 484 0
395 119 484 0
173 320 484 0
138 65 484 0
2 L3
18 L3
363 184 478 0
409 92 478 0
261 314 478 0
218 76 478 0
69 190 478 0
75 241 478 0
72 220 478 0
386 239 478 0
59 104 478 0
302 238 478 0
192 346 478 0
223 270 478 0
452 221 478 0
138 147 478 0
333 235 478 0
332 260 478 0
78 184 478 0
84 91 478 0
2 U2
170 0 518 267
170 0 557 109
18 U2
170 0 287 61
170 0 188 296
170 0 211 231
170 0 5 155
170 0 542 291
170 0 347 210
170 0 421 151
170 0 308 91
170 0 31 159
170 0 422 309
170 0 90 115
170 0 388 86
170 0 241 148
170 0 550 189
170 0 116 72
170 0 236 151
170 0 130 299
170 0 40 316
6
387 258 524 199
363 184 370 238
415 114 380 146
409 92 105 193
61 63 552 286
261 314 27 242
