3
3
L1 357 0
U2 4 0
L3 180 0
9
104 227
434 348
543 302
553 157
488 165
374 24
490 0
18 301
128 48
1 L1
10 L1
335 139 357 0
564 252 357 0
416 59 357 0
418 237 357 0
2 233 357 0
107 260 357 0
498 98 357 0
304 198 357 0
398 151 357 0
566 110 357 0
1 L3
10 L3
378 260 180 0
476 279 180 0
124 119 180 0
115 265 180 0
113 147 180 0
358 179 180 0
532 175 180 0
483 233 180 0
11 147 180 0
249 257 180 0
1 U2
4 0 284 236
10 U2
4 0 91 339
4 0 199 182
4 0 206 86
4 0 92 143
4 0 136 210
4 0 523 188
4 0 254 149
4 0 125 333
4 0 293 64
4 0 382 133
2
335 139 294 97
378 260 181 296
