5
5
L1 385 0
U2 491 0
L3 209 0
U4 566 0
L5 97 0
20
230 264
382 107
583 339
421 347
83 240
509 18
199 275
84 324
333 33
209 328
246 255
348 49
158 347
587 155
558 144
584 263
501 259
550 67
83 31
285 132
2 L1
14 L1
400 279 385 0
12 324 385 0
504 254 385 0
522 256 385 0
266 329 385 0
521 103 385 0
134 327 385 0
547 336 385 0
191 272 385 0
302 117 385 0
80 168 385 0
484 128 385 0
285 302 385 0
204 216 385 0
2 L3
14 L3
401 201 209 0
266 319 209 0
452 312 209 0
358 349 209 0
244 84 209 0
362 249 209 0
499 238 209 0
163 295 209 0
510 64 209 0
292 257 209 0
51 327 209 0
436 217 209 0
567 298 209 0
123 276 209 0
2 L5
14 L5
119 240 97 0
514 160 97 0
410 310 97 0
408 117 97 0
210 114 97 0
536 116 97 0
337 336 97 0
375 204 97 0
497 345 97 0
494 80 97 0
435 110 97 0
129 283 97 0
486 106 97 0
383 143 97 0
2 U2
491 0 92 202
491 0 421 286
14 U2
491 0 242 172
491 0 281 118
491 0 126 292
491 0 266 344
491 0 259 203
491 0 75 150
491 0 468 253
491 0 412 198
491 0 386 161
491 0 36 304
491 0 246 272
491 0 237 239
491 0 559 302
491 0 581 263
2 U4
566 0 330 250
566 0 183 209
14 U4
566 0 393 221
566 0 428 152
566 0 119 280
566 0 548 264
566 0 544 176
566 0 116 215
566 0 492 333
566 0 398 271
566 0 251 339
566 0 82 242
566 0 449 90
566 0 14 172
566 0 441 154
566 0 394 96
11
400 279 68 211
401 201 553 82
119 240 38 173
12 324 348 127
266 319 38 202
514 160 164 76
504 254 552 330
452 312 415 160
410 310 463 256
522 256 42 242
358 349 480 291
