4
4
L1 41 0
U2 359 0
L3 541 0
U4 238 0
12
565 174
394 338
310 216
55 48
589 59
36 238
88 290
588 274
110 61
551 205
569 277
94 239
2 L1
22 L1
154 200 41 0
103 190 41 0
435 109 41 0
202 174 41 0
277 343 41 0
254 251 41 0
126 214 41 0
88 71 41 0
385 126 41 0
494 321 41 0
361 311 41 0
343 157 41 0
208 168 41 0
36 95 41 0
555 279 41 0
480 128 41 0
411 61 41 0
26 198 41 0
193 205 41 0
17 221 41 0
489 67 41 0
250 100 41 0
2 L3
22 L3
467 143 541 0
292 127 541 0
121 349 541 0
412 102 541 0
15 176 541 0
462 87 541 0
440 209 541 0
433 313 541 0
33 336 541 0
230 222 541 0
192 149 541 0
43 214 541 0
93 278 541 0
24 207 541 0
239 108 541 0
449 137 541 0
108 285 541 0
523 90 541 0
434 334 541 0
522 56 541 0
499 143 541 0
485 111 541 0
2 U2
359 0 552 264
359 0 83 168
22 U2
359 0 22 51
359 0 533 198
359 0 467 80
359 0 459 224
359 0 328 309
359 0 62 328
359 0 503 291
359 0 70 145
359 0 573 54
359 0 490 317
359 0 29 202
359 0 385 212
359 0 353 102
359 0 302 197
359 0 164 235
359 0 80 250
359 0 304 146
359 0 84 308
359 0 399 280
359 0 514 142
359 0 235 292
359 0 220 145
2 U4
238 0 127 247
238 0 512 254
22 U4
238 0 128 295
238 0 271 336
238 0 31 242
238 0 511 246
238 0 365 301
238 0 244 246
238 0 62 130
238 0 457 227
238 0 501 126
238 0 456 339
238 0 123 162
238 0 447 108
238 0 320 302
238 0 134 178
238 0 345 182
238 0 38 222
238 0 527 287
238 0 315 107
238 0 548 214
238 0 98 164
238 0 82 329
238 0 322 50
5
154 200 180 280
467 143 563 293
103 190 565 127
292 127 291 182
435 109 557 301
