5
4
L1 308 0
U2 283 0
L3 121 0
U4 283 0
20
216 237
292 22
552 182
62 82
218 305
170 180
504 56
239 301
198 168
195 86
87 183
287 118
7 100
106 200
420 105
404 233
502 279
52 293
98 316
238 25
2 L1
22 L1
9 186 308 0
577 293 308 0
256 50 308 0
527 148 308 0
68 66 308 0
153 279 308 0
41 198 308 0
325 211 308 0
580 260 308 0
9 193 308 0
51 94 308 0
395 335 308 0
233 61 308 0
127 184 308 0
258 111 308 0
171 139 308 0
486 333 308 0
295 246 308 0
529 125 308 0
244 158 308 0
341 52 308 0
373 184 308 0
2 L3
22 L3
178 155 121 0
397 340 121 0
174 336 121 0
196 79 121 0
192 149 121 0
97 179 121 0
438 83 121 0
567 207 121 0
505 340 121 0
445 322 121 0
316 222 121 0
48 278 121 0
177 289 121 0
147 63 121 0
590 221 121 0
69 193 121 0
328 165 121 0
79 152 121 0
390 173 121 0
408 113 121 0
130 217 121 0
596 164 121 0
2 U2
283 0 274 311
283 0 189 90
22 U2
283 0 477 308
283 0 443 167
283 0 255 297
283 0 241 253
283 0 221 215
283 0 362 298
283 0 146 305
283 0 209 349
283 0 125 252
283 0 81 241
283 0 43 287
283 0 155 246
283 0 480 312
283 0 84 159
283 0 565 267
283 0 537 309
283 0 51 338
283 0 69 317
283 0 156 227
283 0 587 132
283 0 65 80
283 0 29 234
2 U4
283 0 242 277
283 0 134 89
22 U4
283 0 585 177
283 0 358 129
283 0 335 76
283 0 98 225
283 0 143 164
283 0 391 94
283 0 309 58
283 0 573 329
283 0 319 134
283 0 112 84
283 0 193 225
283 0 314 294
283 0 152 106
283 0 402 177
283 0 135 204
283 0 496 100
283 0 103 214
283 0 544 85
283 0 564 287
283 0 126 193
283 0 576 239
283 0 177 131
14
9 186 447 128
178 155 403 228
577 293 322 305
397 340 97 149
256 50 210 156
174 336 321 265
527 148 307 335
196 79 487 166
68 66 236 198
192 149 509 277
153 279 50 268
97 179 477 331
41 198 288 198
438 83 44 122
