5
5
L1 471 0
U2 353 0
L3 497 0
U4 527 0
L5 596 0
20
591 324
348 65
501 185
125 242
538 199
217 64
511 310
314 340
460 264
575 138
33 344
533 291
564 56
590 172
230 342
251 250
323 60
123 31
272 179
32 336
2 L1
14 L1
471 252 471 0
559 123 471 0
61 85 471 0
434 322 471 0
245 194 471 0
209 76 471 0
59 168 471 0
154 288 471 0
82 322 471 0
54 251 471 0
132 209 471 0
534 229 471 0
211 161 471 0
72 126 471 0
2 L3
14 L3
41 293 497 0
172 329 497 0
534 174 497 0
34 303 497 0
545 178 497 0
75 175 497 0
277 103 497 0
520 301 497 0
341 60 497 0
13 319 497 0
17 345 497 0
435 308 497 0
340 228 497 0
144 343 497 0
2 L5
14 L5
316 56 596 0
288 205 596 0
155 286 596 0
567 110 596 0
228 124 596 0
257 169 596 0
576 257 596 0
396 263 596 0
374 153 596 0
313 100 596 0
238 227 596 0
321 305 596 0
370 226 596 0
394 254 596 0
2 U2
353 0 279 101
353 0 273 93
14 U2
353 0 327 143
353 0 593 258
353 0 177 169
353 0 399 97
353 0 374 310
353 0 543 265
353 0 502 297
353 0 373 134
353 0 125 180
353 0 328 311
353 0 460 309
353 0 520 256
353 0 40 185
353 0 468 234
2 U4
527 0 352 249
527 0 240 152
14 U4
527 0 73 228
527 0 516 241
527 0 314 332
527 0 290 140
527 0 527 230
527 0 118 93
527 0 560 193
527 0 399 323
527 0 249 290
527 0 415 106
527 0 240 193
527 0 417 243
527 0 450 340
527 0 38 232
7
471 252 15 306
41 293 394 232
316 56 405 215
559 123 431 333
172 329 355 243
288 205 539 148
61 85 374 79
