4
3
L1 408 0
U2 400 0
L3 334 0
9
234 176
348 50
273 321
205 50
426 212
362 195
429 337
522 40
57 7
2 L1
10 L1
417 282 408 0
11 167 408 0
289 163 408 0
447 275 408 0
110 206 408 0
472 251 408 0
469 119 408 0
306 134 408 0
56 236 408 0
250 286 408 0
2 L3
10 L3
185 114 334 0
57 295 334 0
129 143 334 0
45 121 334 0
133 314 334 0
199 316 334 0
9 169 334 0
413 58 334 0
36 122 334 0
521 197 334 0
2 U2
400 0 455 246
400 0 398 169
10 U2
400 0 492 164
400 0 168 120
400 0 55 145
400 0 238 280
400 0 489 285
400 0 289 323
400 0 169 68
400 0 470 263
400 0 452 210
400 0 264 308
3
417 282 59 166
185 114 270 102
11 167 64 74
