5
5
L1 47 0
U2 360 0
L3 395 0
U4 419 0
L5 271 0
25
473 47
2 317
253 315
173 253
484 154
219 44
211 242
221 148
129 29
492 45
215 72
422 274
504 311
20 314
391 29
190 125
448 313
5 119
60 317
292 168
471 124
541 219
2 19
7 31
127 128
2 L1
10 L1
211 73 47 0
105 321 47 0
65 183 47 0
56 320 47 0
193 66 47 0
215 53 47 0
321 157 47 0
444 51 47 0
290 108 47 0
88 206 47 0
2 L3
10 L3
547 328 395 0
400 312 395 0
278 274 395 0
396 308 395 0
585 333 395 0
550 202 395 0
21 267 395 0
352 254 395 0
214 163 395 0
153 200 395 0
2 L5
10 L5
84 209 271 0
535 119 271 0
471 282 271 0
396 124 271 0
477 338 271 0
590 129 271 0
143 174 271 0
4 332 271 0
451 215 271 0
535 50 271 0
2 U2
360 0 263 274
360 0 419 251
10 U2
360 0 422 250
360 0 431 251
360 0 464 341
360 0 138 252
360 0 262 202
360 0 499 265
360 0 306 91
360 0 563 192
360 0 370 266
360 0 528 98
2 U4
419 0 108 210
419 0 86 256
10 U4
419 0 186 332
419 0 189 244
419 0 393 68
419 0 158 84
419 0 534 82
419 0 16 323
419 0 277 320
419 0 579 300
419 0 294 151
419 0 484 184
3
211 73 551 111
547 328 591 99
84 209 417 190
