3
5
L1 82 0
U2 30 0
L3 292 0
U4 253 0
L5 113 0
20
461 269
80 261
449 274
134 150
277 5
403 122
433 8
215 89
175 279
182 259
575 148
261 319
406 258
425 222
404 17
468 266
569 275
34 160
555 106
195 101
1 L1
18 L1
283 244 82 0
528 313 82 0
34 135 82 0
349 329 82 0
272 164 82 0
341 133 82 0
249 171 82 0
485 68 82 0
258 236 82 0
135 298 82 0
417 105 82 0
534 100 82 0
421 275 82 0
390 126 82 0
147 204 82 0
580 268 82 0
7 77 82 0
259 263 82 0
1 L3
18 L3
40 172 292 0
453 59 292 0
161 305 292 0
286 85 292 0
114 258 292 0
191 294 292 0
445 132 292 0
26 81 292 0
246 143 292 0
29 53 292 0
189 88 292 0
330 304 292 0
282 334 292 0
451 125 292 0
348 238 292 0
585 290 292 0
473 186 292 0
308 173 292 0
1 L5
18 L5
436 295 113 0
211 320 113 0
544 111 113 0
95 172 113 0
89 294 113 0
244 145 113 0
421 214 113 0
210 294 113 0
595 204 113 0
221 266 113 0
163 287 113 0
398 215 113 0
479 56 113 0
502 53 113 0
308 336 113 0
597 108 113 0
566 251 113 0
530 237 113 0
1 U2
30 0 406 132
18 U2
30 0 261 337
30 0 115 135
30 0 518 340
30 0 560 160
30 0 275 270
30 0 208 107
30 0 482 279
30 0 261 298
30 0 184 119
30 0 568 271
30 0 128 229
30 0 587 334
30 0 321 131
30 0 334 216
30 0 25 98
30 0 519 151
30 0 297 336
30 0 376 77
1 U4
253 0 420 321
18 U4
253 0 486 318
253 0 512 225
253 0 125 266
253 0 241 92
253 0 22 89
253 0 177 61
253 0 555 290
253 0 377 244
253 0 154 220
253 0 210 227
253 0 28 74
253 0 190 178
253 0 188 197
253 0 176 71
253 0 571 206
253 0 157 172
253 0 188 306
253 0 53 245
14
283 244 347 287
40 172 59 136
436 295 130 56
528 313 51 77
453 59 158 192
211 320 308 273
34 135 98 238
161 305 225 344
544 111 267 120
349 329 42 277
286 85 518 74
95 172 231 132
272 164 262 275
114 258 49 345
