3
6
L1 336 0
U2 142 0
L3 260 0
U4 424 0
L5 165 0
U6 392 0
30
30 42
364 183
30 198
255 284
464 199
157 203
498 5
585 152
492 115
383 200
571 238
389 276
132 105
48 112
17 163
510 197
535 213
196 104
320 322
224 267
358 97
65 219
186 259
238 43
21 129
312 312
324 263
401 5
429 302
424 138
1 L1
18 L1
70 323 336 0
469 246 336 0
189 264 336 0
528 243 336 0
546 167 336 0
250 219 336 0
58 219 336 0
501 58 336 0
521 152 336 0
53 81 336 0
88 240 336 0
385 157 336 0
500 224 336 0
440 150 336 0
94 286 336 0
129 299 336 0
501 173 336 0
140 146 336 0
1 L3
18 L3
575 305 260 0
384 296 260 0
342 296 260 0
65 190 260 0
366 62 260 0
252 74 260 0
168 67 260 0
488 342 260 0
397 323 260 0
123 330 260 0
471 276 260 0
599 131 260 0
316 299 260 0
235 267 260 0
109 309 260 0
317 182 260 0
293 120 260 0
435 174 260 0
1 L5
18 L5
425 262 165 0
412 90 165 0
445 64 165 0
83 303 165 0
417 272 165 0
531 223 165 0
93 283 165 0
244 187 165 0
451 178 165 0
552 349 165 0
268 296 165 0
501 248 165 0
248 125 165 0
283 309 165 0
19 313 165 0
62 224 165 0
389 171 165 0
221 74 165 0
1 U2
142 0 279 300
18 U2
142 0 113 329
142 0 28 295
142 0 371 115
142 0 28 201
142 0 132 321
142 0 446 277
142 0 266 285
142 0 285 206
142 0 494 55
142 0 548 162
142 0 60 113
142 0 335 186
142 0 565 89
142 0 155 111
142 0 338 92
142 0 167 338
142 0 569 233
142 0 166 282
1 U4
424 0 189 177
18 U4
424 0 423 290
424 0 111 345
424 0 279 179
424 0 439 111
424 0 282 180
424 0 346 102
424 0 177 332
424 0 57 82
424 0 28 168
424 0 544 117
424 0 328 309
424 0 355 266
424 0 194 288
424 0 394 73
424 0 219 200
424 0 89 258
424 0 215 104
424 0 212 257
1 U6
392 0 537 173
18 U6
392 0 476 204
392 0 259 250
392 0 476 292
392 0 401 301
392 0 309 128
392 0 105 321
392 0 202 282
392 0 501 307
392 0 362 120
392 0 541 199
392 0 257 217
392 0 578 294
392 0 158 268
392 0 154 109
392 0 287 231
392 0 567 77
392 0 165 264
392 0 396 169
17
70 323 193 291
575 305 280 193
425 262 141 146
469 246 237 221
384 296 341 106
412 90 39 159
189 264 29 236
342 296 71 128
445 64 198 283
528 243 116 283
65 190 576 147
83 303 441 200
546 167 401 103
366 62 578 258
417 272 177 183
250 219 266 255
252 74 249 340
