4
5
L1 593 0
U2 272 0
L3 256 0
U4 144 0
L5 377 0
15
192 140
60 210
179 272
213 208
30 59
446 288
53 317
361 228
246 275
423 324
234 236
41 1
514 174
423 328
3 295
2 L1
18 L1
248 316 593 0
221 150 593 0
273 71 593 0
448 325 593 0
422 129 593 0
246 313 593 0
133 182 593 0
588 141 593 0
117 191 593 0
504 142 593 0
375 257 593 0
116 332 593 0
482 144 593 0
573 346 593 0
581 259 593 0
185 186 593 0
83 284 593 0
58 307 593 0
2 L3
18 L3
78 285 256 0
503 304 256 0
436 53 256 0
544 307 256 0
567 81 256 0
600 304 256 0
187 130 256 0
88 204 256 0
85 314 256 0
14 223 256 0
487 180 256 0
154 330 256 0
45 227 256 0
153 116 256 0
401 226 256 0
349 160 256 0
355 328 256 0
297 161 256 0
2 L5
18 L5
322 173 377 0
447 108 377 0
221 344 377 0
87 91 377 0
409 244 377 0
99 59 377 0
161 132 377 0
189 257 377 0
519 75 377 0
237 161 377 0
419 50 377 0
525 84 377 0
97 128 377 0
558 278 377 0
311 111 377 0
242 238 377 0
214 54 377 0
495 83 377 0
2 U2
272 0 47 119
272 0 382 55
18 U2
272 0 580 295
272 0 523 163
272 0 553 113
272 0 447 244
272 0 73 205
272 0 343 222
272 0 74 229
272 0 449 176
272 0 91 184
272 0 343 93
272 0 372 333
272 0 252 156
272 0 24 142
272 0 254 92
272 0 221 249
272 0 593 293
272 0 574 73
272 0 412 346
2 U4
144 0 496 92
144 0 200 150
18 U4
144 0 261 312
144 0 503 300
144 0 118 284
144 0 452 174
144 0 472 62
144 0 2 269
144 0 486 258
144 0 528 108
144 0 532 259
144 0 415 126
144 0 498 186
144 0 163 219
144 0 163 89
144 0 349 306
144 0 493 73
144 0 522 58
144 0 416 141
144 0 325 278
9
248 316 277 184
78 285 410 178
322 173 210 307
221 150 125 168
503 304 213 60
447 108 484 85
273 71 444 96
436 53 139 84
221 344 74 162
