3
5
L1 10 0
U2 161 0
L3 525 0
U4 224 0
L5 491 0
20
447 61
149 127
227 292
252 145
139 252
513 214
362 273
101 123
36 279
313 191
360 133
69 142
330 260
376 148
441 350
348 110
363 35
260 183
281 110
394 219
1 L1
18 L1
187 208 10 0
96 229 10 0
517 166 10 0
460 91 10 0
248 299 10 0
393 64 10 0
105 265 10 0
173 184 10 0
393 324 10 0
452 74 10 0
247 177 10 0
592 228 10 0
28 119 10 0
507 123 10 0
41 181 10 0
17 224 10 0
88 261 10 0
23 326 10 0
1 L3
18 L3
422 286 525 0
223 334 525 0
517 215 525 0
374 106 525 0
447 192 525 0
145 276 525 0
600 152 525 0
302 338 525 0
400 323 525 0
412 229 525 0
248 158 525 0
408 271 525 0
528 321 525 0
303 102 525 0
181 64 525 0
409 111 525 0
278 334 525 0
23 114 525 0
1 L5
18 L5
460 202 491 0
334 265 491 0
153 160 491 0
40 91 491 0
65 275 491 0
432 223 491 0
430 83 491 0
172 165 491 0
565 339 491 0
178 340 491 0
186 71 491 0
510 282 491 0
10 71 491 0
549 194 491 0
402 224 491 0
526 261 491 0
370 302 491 0
53 111 491 0
1 U2
161 0 378 128
18 U2
161 0 37 144
161 0 476 279
161 0 67 269
161 0 479 174
161 0 94 201
161 0 510 246
161 0 155 84
161 0 356 307
161 0 227 151
161 0 437 109
161 0 206 244
161 0 91 182
161 0 88 59
161 0 489 307
161 0 168 226
161 0 8 233
161 0 400 257
161 0 248 120
1 U4
224 0 124 346
18 U4
224 0 160 74
224 0 480 318
224 0 506 124
224 0 168 95
224 0 99 200
224 0 96 319
224 0 480 251
224 0 385 54
224 0 346 160
224 0 320 270
224 0 514 235
224 0 37 342
224 0 189 130
224 0 295 317
224 0 234 172
224 0 376 254
224 0 490 74
224 0 478 104
9
187 208 190 279
422 286 415 91
460 202 251 187
96 229 504 325
223 334 519 285
334 265 375 147
517 166 102 55
517 215 415 51
153 160 132 91
