4
3
L1 257 0
U2 130 0
L3 554 0
12
570 346
314 131
188 254
115 342
199 321
287 193
299 27
95 349
179 33
123 188
383 200
510 29
2 L1
10 L1
43 123 257 0
147 147 257 0
546 269 257 0
579 101 257 0
185 275 257 0
534 344 257 0
60 251 257 0
533 186 257 0
43 225 257 0
32 181 257 0
2 L3
10 L3
238 149 554 0
432 115 554 0
377 151 554 0
509 141 554 0
21 105 554 0
595 336 554 0
70 109 554 0
338 306 554 0
262 60 554 0
554 228 554 0
2 U2
130 0 306 343
130 0 379 219
10 U2
130 0 76 182
130 0 163 225
130 0 517 307
130 0 596 293
130 0 357 290
130 0 514 110
130 0 163 186
130 0 311 321
130 0 151 187
130 0 20 350
3
43 123 371 51
238 149 105 254
147 147 588 118
