5
6
L1 523 0
U2 209 0
L3 275 0
U4 288 0
L5 159 0
U6 281 0
18
42 330
109 173
278 218
337 218
205 84
165 30
161 273
29 57
587 106
383 268
346 183
73 160
44 337
218 259
454 94
194 112
466 200
358 70
2 L1
22 L1
175 223 523 0
247 165 523 0
595 246 523 0
565 323 523 0
554 303 523 0
478 311 523 0
320 271 523 0
127 185 523 0
446 316 523 0
531 223 523 0
302 183 523 0
182 274 523 0
306 67 523 0
387 205 523 0
113 135 523 0
237 254 523 0
2 209 523 0
57 133 523 0
242 189 523 0
11 311 523 0
523 196 523 0
396 131 523 0
2 L3
22 L3
434 79 275 0
232 319 275 0
267 54 275 0
103 223 275 0
481 205 275 0
147 61 275 0
349 309 275 0
482 144 275 0
308 164 275 0
225 225 275 0
255 343 275 0
488 57 275 0
45 225 275 0
489 57 275 0
181 305 275 0
363 269 275 0
132 290 275 0
305 304 275 0
598 119 275 0
278 328 275 0
138 307 275 0
380 195 275 0
2 L5
22 L5
510 82 159 0
480 72 159 0
389 102 159 0
8 89 159 0
272 56 159 0
183 79 159 0
300 196 159 0
270 193 159 0
10 270 159 0
385 63 159 0
429 159 159 0
55 128 159 0
0 247 159 0
138 349 159 0
596 121 159 0
238 173 159 0
414 221 159 0
475 329 159 0
288 218 159 0
324 307 159 0
127 56 159 0
431 59 159 0
2 U2
209 0 313 321
209 0 27 310
22 U2
209 0 140 160
209 0 97 137
209 0 560 183
209 0 498 102
209 0 361 222
209 0 167 234
209 0 170 302
209 0 299 62
209 0 43 114
209 0 560 229
209 0 21 68
209 0 432 101
209 0 404 157
209 0 141 138
209 0 373 139
209 0 263 269
209 0 430 234
209 0 587 155
209 0 554 198
209 0 194 92
209 0 347 318
209 0 412 265
2 U4
288 0 234 275
288 0 151 72
22 U4
288 0 77 72
288 0 393 206
288 0 525 195
288 0 493 133
288 0 546 289
288 0 566 259
288 0 517 324
288 0 573 241
288 0 202 182
288 0 311 218
288 0 56 325
288 0 364 142
288 0 120 110
288 0 219 188
288 0 282 243
288 0 600 234
288 0 130 158
288 0 382 178
288 0 294 282
288 0 520 120
288 0 145 244
288 0 354 268
2 U6
281 0 453 229
281 0 318 321
22 U6
281 0 427 154
281 0 514 129
281 0 520 88
281 0 505 114
281 0 306 319
281 0 150 186
281 0 136 123
281 0 268 178
281 0 265 207
281 0 423 267
281 0 462 249
281 0 135 146
281 0 533 196
281 0 259 244
281 0 294 61
281 0 406 192
281 0 147 209
281 0 532 98
281 0 391 221
281 0 165 52
281 0 223 69
281 0 103 146
14
175 223 41 306
434 79 392 291
510 82 463 248
247 165 276 235
232 319 397 91
480 72 379 180
595 246 447 168
267 54 434 180
389 102 93 274
565 323 425 235
103 223 518 141
8 89 512 302
554 303 455 67
481 205 581 204
