5
6
L1 445 0
U2 251 0
L3 377 0
U4 246 0
L5 0 0
U6 460 0
18
103 334
132 262
295 188
155 69
590 65
358 295
504 160
171 187
187 237
217 224
251 318
346 267
337 22
113 274
257 56
422 97
129 167
561 40
2 L1
10 L1
276 164 445 0
86 236 445 0
121 112 445 0
93 326 445 0
178 140 445 0
78 293 445 0
278 346 445 0
275 107 445 0
140 226 445 0
204 265 445 0
2 L3
10 L3
406 211 377 0
442 333 377 0
385 275 377 0
529 125 377 0
61 324 377 0
222 305 377 0
168 133 377 0
475 86 377 0
565 279 377 0
404 147 377 0
2 L5
10 L5
216 159 0 0
495 222 0 0
188 321 0 0
320 283 0 0
339 291 0 0
208 154 0 0
574 188 0 0
349 329 0 0
590 223 0 0
366 271 0 0
2 U2
251 0 592 324
251 0 100 285
10 U2
251 0 357 93
251 0 100 108
251 0 19 266
251 0 449 218
251 0 355 103
251 0 184 151
251 0 225 84
251 0 321 104
251 0 507 350
251 0 291 345
2 U4
246 0 211 272
246 0 258 326
10 U4
246 0 56 119
246 0 285 139
246 0 519 325
246 0 448 152
246 0 259 278
246 0 220 242
246 0 54 329
246 0 26 262
246 0 106 232
246 0 242 304
2 U6
460 0 24 344
460 0 208 194
10 U6
460 0 267 260
460 0 10 250
460 0 491 56
460 0 336 52
460 0 239 60
460 0 258 172
460 0 297 122
460 0 556 300
460 0 211 116
460 0 64 205
3
276 164 24 229
406 211 41 346
216 159 421 210
