5
6
L1 103 0
U2 465 0
L3 278 0
U4 370 0
L5 23 0
U6 551 0
30
384 285
265 3
402 109
385 191
150 56
457 97
94 244
451 125
86 254
53 315
259 132
560 143
536 278
332 194
88 286
26 64
148 90
199 233
224 210
14 226
70 51
272 315
30 161
227 53
412 336
414 175
330 301
461 310
285 196
500 130
2 L1
22 L1
362 196 103 0
392 333 103 0
219 205 103 0
63 59 103 0
259 294 103 0
558 169 103 0
247 147 103 0
410 108 103 0
278 136 103 0
447 185 103 0
132 264 103 0
369 176 103 0
190 167 103 0
142 229 103 0
63 292 103 0
288 227 103 0
378 82 103 0
402 148 103 0
470 175 103 0
352 339 103 0
79 153 103 0
536 176 103 0
2 L3
22 L3
303 284 278 0
337 260 278 0
303 240 278 0
400 55 278 0
171 246 278 0
425 280 278 0
33 164 278 0
497 51 278 0
313 126 278 0
567 65 278 0
414 260 278 0
220 64 278 0
384 265 278 0
174 330 278 0
345 242 278 0
156 76 278 0
376 148 278 0
140 348 278 0
273 248 278 0
514 67 278 0
537 72 278 0
578 112 278 0
2 L5
22 L5
265 307 23 0
525 284 23 0
267 84 23 0
186 109 23 0
573 182 23 0
523 159 23 0
490 78 23 0
234 215 23 0
91 146 23 0
350 227 23 0
419 230 23 0
282 102 23 0
150 268 23 0
405 271 23 0
432 342 23 0
518 347 23 0
98 334 23 0
340 236 23 0
478 224 23 0
245 132 23 0
247 88 23 0
56 148 23 0
2 U2
465 0 409 61
465 0 0 277
22 U2
465 0 348 275
465 0 198 74
465 0 170 53
465 0 232 185
465 0 249 220
465 0 458 108
465 0 332 325
465 0 368 136
465 0 182 270
465 0 345 92
465 0 169 70
465 0 83 289
465 0 441 121
465 0 362 127
465 0 301 292
465 0 237 158
465 0 514 336
465 0 424 67
465 0 243 96
465 0 568 203
465 0 205 282
465 0 596 134
2 U4
370 0 550 196
370 0 519 66
22 U4
370 0 595 108
370 0 240 187
370 0 424 276
370 0 75 190
370 0 297 211
370 0 458 145
370 0 35 332
370 0 216 174
370 0 320 169
370 0 150 333
370 0 253 320
370 0 378 239
370 0 284 350
370 0 224 67
370 0 226 162
370 0 254 258
370 0 547 298
370 0 66 320
370 0 241 107
370 0 143 331
370 0 403 321
370 0 59 171
2 U6
551 0 154 248
551 0 372 105
22 U6
551 0 312 284
551 0 493 210
551 0 219 52
551 0 150 207
551 0 479 55
551 0 461 140
551 0 140 120
551 0 258 170
551 0 44 343
551 0 310 186
551 0 412 97
551 0 59 314
551 0 400 235
551 0 372 295
551 0 516 231
551 0 345 83
551 0 523 256
551 0 267 117
551 0 164 197
551 0 388 291
551 0 534 113
551 0 329 93
14
362 196 2 91
303 284 194 338
265 307 534 324
392 333 297 142
337 260 536 111
525 284 449 72
219 205 549 295
303 240 116 320
267 84 2 277
63 59 155 259
400 55 367 74
186 109 171 195
259 294 397 340
171 246 63 133
