4
6
L1 544 0
U2 440 0
L3 147 0
U4 543 0
L5 285 0
U6 115 0
18
230 164
179 63
34 120
46 22
134 338
548 329
145 193
297 241
61 292
456 182
333 165
555 63
391 255
70 169
111 54
129 143
204 8
291 90
2 L1
14 L1
431 139 544 0
123 249 544 0
346 189 544 0
87 74 544 0
405 76 544 0
468 170 544 0
208 230 544 0
301 75 544 0
393 140 544 0
164 226 544 0
234 244 544 0
170 209 544 0
310 66 544 0
569 299 544 0
2 L3
14 L3
305 283 147 0
210 220 147 0
85 229 147 0
301 172 147 0
188 72 147 0
203 193 147 0
319 296 147 0
479 329 147 0
174 98 147 0
282 69 147 0
327 142 147 0
227 62 147 0
2 106 147 0
122 269 147 0
2 L5
14 L5
541 245 285 0
51 187 285 0
270 148 285 0
489 231 285 0
256 127 285 0
553 193 285 0
404 154 285 0
330 299 285 0
155 309 285 0
45 114 285 0
566 348 285 0
468 347 285 0
258 212 285 0
227 212 285 0
2 U2
440 0 487 349
440 0 458 347
14 U2
440 0 204 254
440 0 528 106
440 0 367 344
440 0 241 320
440 0 323 288
440 0 44 326
440 0 177 175
440 0 172 146
440 0 249 58
440 0 446 141
440 0 18 114
440 0 172 307
440 0 255 266
440 0 30 215
2 U4
543 0 65 129
543 0 517 93
14 U4
543 0 539 204
543 0 391 250
543 0 503 53
543 0 508 224
543 0 404 340
543 0 286 98
543 0 153 168
543 0 269 319
543 0 202 262
543 0 480 230
543 0 422 213
543 0 514 101
543 0 173 263
543 0 547 65
2 U6
115 0 247 182
115 0 328 147
14 U6
115 0 239 167
115 0 336 331
115 0 495 225
115 0 390 274
115 0 114 203
115 0 377 218
115 0 142 114
115 0 50 235
115 0 199 200
115 0 31 335
115 0 436 203
115 0 51 241
115 0 452 178
115 0 344 327
13
431 139 293 288
305 283 126 114
541 245 572 342
123 249 132 146
210 220 155 76
51 187 340 329
346 189 267 333
85 229 204 250
270 148 337 211
87 74 128 221
301 172 508 184
489 231 107 72
405 76 487 256
