4
3
L1 388 0
U2 167 0
L3 244 0
12
40 276
492 5
585 61
124 290
56 78
467 69
33 300
351 286
460 30
377 34
20 340
65 140
2 L1
14 L1
463 115 388 0
18 338 388 0
426 159 388 0
84 321 388 0
449 71 388 0
90 329 388 0
199 84 388 0
474 207 388 0
359 275 388 0
412 138 388 0
374 239 388 0
424 63 388 0
365 86 388 0
147 125 388 0
2 L3
14 L3
47 94 244 0
223 222 244 0
530 93 244 0
5 188 244 0
363 206 244 0
82 126 244 0
102 130 244 0
569 80 244 0
387 121 244 0
505 113 244 0
577 313 244 0
479 346 244 0
335 158 244 0
321 152 244 0
2 U2
167 0 549 323
167 0 64 154
14 U2
167 0 283 58
167 0 193 66
167 0 176 212
167 0 17 226
167 0 229 153
167 0 304 160
167 0 430 261
167 0 136 319
167 0 374 253
167 0 200 180
167 0 168 120
167 0 68 158
167 0 482 154
167 0 598 166
5
463 115 312 334
47 94 185 348
18 338 148 287
223 222 146 234
426 159 537 164
