4
6
L1 249 0
U2 236 0
L3 54 0
U4 593 0
L5 312 0
U6 300 0
18
360 44
540 343
509 282
449 331
221 102
205 314
489 3
24 98
226 217
435 342
267 220
169 27
420 99
452 266
166 273
575 57
524 331
250 130
2 L1
18 L1
225 132 249 0
191 154 249 0
473 156 249 0
535 162 249 0
496 53 249 0
434 220 249 0
166 113 249 0
57 346 249 0
81 280 249 0
306 97 249 0
250 288 249 0
350 196 249 0
345 149 249 0
304 228 249 0
311 82 249 0
210 271 249 0
535 125 249 0
104 230 249 0
2 L3
18 L3
550 252 54 0
356 238 54 0
470 292 54 0
582 283 54 0
593 64 54 0
14 137 54 0
22 295 54 0
60 146 54 0
271 307 54 0
154 285 54 0
456 211 54 0
194 260 54 0
461 50 54 0
50 167 54 0
556 202 54 0
578 332 54 0
10 110 54 0
568 251 54 0
2 L5
18 L5
357 136 312 0
513 111 312 0
418 325 312 0
544 186 312 0
26 239 312 0
487 58 312 0
427 126 312 0
212 207 312 0
543 63 312 0
285 142 312 0
382 288 312 0
352 220 312 0
121 201 312 0
555 173 312 0
600 104 312 0
555 163 312 0
408 127 312 0
582 341 312 0
2 U2
236 0 575 182
236 0 326 139
18 U2
236 0 179 332
236 0 437 167
236 0 418 284
236 0 405 312
236 0 194 86
236 0 149 267
236 0 153 161
236 0 9 182
236 0 211 311
236 0 5 175
236 0 280 166
236 0 71 117
236 0 394 175
236 0 82 89
236 0 339 330
236 0 532 271
236 0 553 72
236 0 83 273
2 U4
593 0 514 279
593 0 173 224
18 U4
593 0 222 344
593 0 316 199
593 0 20 138
593 0 552 298
593 0 266 228
593 0 144 77
593 0 338 323
593 0 337 240
593 0 583 59
593 0 109 151
593 0 7 59
593 0 100 334
593 0 515 55
593 0 539 80
593 0 227 61
593 0 228 122
593 0 347 95
593 0 435 345
2 U6
300 0 427 73
300 0 266 234
18 U6
300 0 487 329
300 0 436 305
300 0 569 273
300 0 267 267
300 0 459 118
300 0 354 130
300 0 479 331
300 0 514 156
300 0 276 256
300 0 502 337
300 0 275 280
300 0 329 277
300 0 21 327
300 0 18 274
300 0 347 93
300 0 599 259
300 0 473 312
300 0 564 157
11
225 132 301 108
550 252 114 155
357 136 302 57
191 154 361 167
356 238 468 226
513 111 194 320
473 156 280 115
470 292 440 217
418 325 281 188
535 162 118 167
582 283 254 252
