5
5
L1 209 0
U2 364 0
L3 304 0
U4 324 0
L5 28 0
25
173 213
307 275
214 72
560 13
53 234
328 322
347 212
116 195
347 245
445 24
344 305
572 118
509 303
558 33
399 272
449 188
530 92
37 206
422 159
267 117
464 282
304 332
220 117
86 343
93 63
2 L1
14 L1
237 131 209 0
30 307 209 0
129 128 209 0
165 217 209 0
307 339 209 0
496 220 209 0
460 229 209 0
373 270 209 0
157 123 209 0
538 84 209 0
46 304 209 0
200 264 209 0
32 89 209 0
96 231 209 0
2 L3
14 L3
399 342 304 0
454 134 304 0
21 128 304 0
517 67 304 0
200 208 304 0
414 234 304 0
149 350 304 0
413 346 304 0
508 111 304 0
65 105 304 0
410 135 304 0
340 63 304 0
250 72 304 0
389 128 304 0
2 L5
14 L5
286 112 28 0
108 145 28 0
332 153 28 0
592 292 28 0
318 255 28 0
547 264 28 0
339 289 28 0
36 262 28 0
408 80 28 0
172 246 28 0
378 202 28 0
454 76 28 0
238 339 28 0
96 259 28 0
2 U2
364 0 526 103
364 0 516 178
14 U2
364 0 440 80
364 0 213 299
364 0 402 311
364 0 262 78
364 0 598 113
364 0 177 165
364 0 218 170
364 0 378 94
364 0 299 130
364 0 451 307
364 0 162 294
364 0 10 158
364 0 121 277
364 0 414 71
2 U4
324 0 522 137
324 0 521 150
14 U4
324 0 353 153
324 0 449 198
324 0 369 248
324 0 163 285
324 0 346 128
324 0 382 262
324 0 501 294
324 0 15 104
324 0 114 63
324 0 451 107
324 0 335 275
324 0 477 219
324 0 307 278
324 0 186 256
7
237 131 580 100
399 342 513 317
286 112 278 191
30 307 240 281
454 134 580 72
108 145 386 252
129 128 374 304
