3
4
L1 333 0
U2 336 0
L3 467 0
U4 52 0
20
232 194
543 223
563 48
422 278
500 38
578 193
376 256
12 84
326 321
76 167
141 205
531 236
592 118
441 194
67 122
4 298
115 4
526 97
276 335
166 86
1 L1
14 L1
376 113 333 0
329 87 333 0
379 60 333 0
590 248 333 0
558 98 333 0
329 78 333 0
293 327 333 0
17 182 333 0
595 191 333 0
474 321 333 0
83 247 333 0
458 136 333 0
122 290 333 0
314 54 333 0
1 L3
14 L3
424 63 467 0
511 174 467 0
65 203 467 0
257 231 467 0
7 141 467 0
422 200 467 0
140 234 467 0
378 120 467 0
246 347 467 0
398 236 467 0
437 336 467 0
465 298 467 0
595 234 467 0
453 158 467 0
1 U2
336 0 211 319
14 U2
336 0 512 171
336 0 326 229
336 0 401 125
336 0 203 316
336 0 546 109
336 0 345 204
336 0 460 274
336 0 217 203
336 0 436 65
336 0 52 78
336 0 558 141
336 0 128 208
336 0 533 331
336 0 445 75
1 U4
52 0 550 91
14 U4
52 0 220 167
52 0 463 318
52 0 396 325
52 0 56 332
52 0 285 170
52 0 26 77
52 0 392 270
52 0 261 86
52 0 93 255
52 0 192 118
52 0 295 161
52 0 325 137
52 0 64 207
52 0 159 103
6
376 113 95 289
424 63 518 246
329 87 100 100
511 174 550 350
379 60 71 306
65 203 599 230
