5
3
L1 365 0
U2 281 0
L3 3 0
15
437 198
228 34
546 345
49 325
564 171
33 1
138 7
323 262
18 254
378 198
255 226
592 184
106 341
419 73
550 306
2 L1
18 L1
302 194 365 0
385 80 365 0
383 259 365 0
521 153 365 0
238 219 365 0
304 150 365 0
372 87 365 0
286 258 365 0
301 274 365 0
267 207 365 0
265 307 365 0
416 181 365 0
364 103 365 0
102 266 365 0
226 247 365 0
360 254 365 0
126 236 365 0
373 291 365 0
2 L3
18 L3
34 327 3 0
581 206 3 0
368 350 3 0
315 80 3 0
255 209 3 0
21 70 3 0
166 171 3 0
182 84 3 0
160 317 3 0
272 210 3 0
264 103 3 0
149 297 3 0
480 148 3 0
402 232 3 0
556 143 3 0
287 326 3 0
88 181 3 0
115 53 3 0
2 U2
281 0 553 307
281 0 319 59
18 U2
281 0 111 346
281 0 573 198
281 0 205 182
281 0 429 150
281 0 426 254
281 0 577 275
281 0 501 191
281 0 434 127
281 0 540 95
281 0 206 259
281 0 315 84
281 0 575 137
281 0 509 224
281 0 531 199
281 0 343 232
281 0 361 197
281 0 21 235
281 0 322 184
3
302 194 485 234
34 327 525 65
385 80 429 116
