5
5
L1 371 0
U2 227 0
L3 62 0
U4 192 0
L5 106 0
15
400 159
14 237
327 258
293 292
145 207
506 30
297 344
214 255
550 189
118 266
104 62
454 316
554 241
329 9
34 24
2 L1
18 L1
251 300 371 0
313 300 371 0
128 349 371 0
376 223 371 0
481 97 371 0
519 332 371 0
14 74 371 0
395 312 371 0
329 91 371 0
452 120 371 0
350 190 371 0
585 88 371 0
300 175 371 0
512 184 371 0
584 118 371 0
180 348 371 0
246 218 371 0
532 284 371 0
2 L3
18 L3
351 275 62 0
436 217 62 0
389 210 62 0
93 212 62 0
160 341 62 0
184 65 62 0
265 289 62 0
86 89 62 0
188 122 62 0
52 304 62 0
146 313 62 0
534 161 62 0
17 251 62 0
412 111 62 0
469 278 62 0
162 91 62 0
504 217 62 0
9 139 62 0
2 L5
18 L5
393 158 106 0
223 264 106 0
192 80 106 0
259 293 106 0
557 202 106 0
305 194 106 0
322 188 106 0
205 225 106 0
467 187 106 0
570 169 106 0
574 278 106 0
115 104 106 0
348 98 106 0
400 295 106 0
409 183 106 0
494 216 106 0
160 97 106 0
297 347 106 0
2 U2
227 0 600 124
227 0 90 53
18 U2
227 0 427 336
227 0 38 100
227 0 133 227
227 0 213 219
227 0 571 196
227 0 233 327
227 0 71 349
227 0 336 345
227 0 467 126
227 0 297 336
227 0 221 98
227 0 198 165
227 0 547 308
227 0 435 164
227 0 521 341
227 0 301 264
227 0 8 118
227 0 389 154
2 U4
192 0 353 238
192 0 439 224
18 U4
192 0 82 94
192 0 594 154
192 0 22 235
192 0 400 72
192 0 204 325
192 0 369 211
192 0 69 177
192 0 315 101
192 0 340 147
192 0 137 305
192 0 48 186
192 0 369 126
192 0 360 117
192 0 104 338
192 0 322 288
192 0 311 212
192 0 583 69
192 0 390 285
14
251 300 378 229
351 275 495 159
393 158 346 267
313 300 322 51
436 217 13 242
223 264 351 285
128 349 584 269
389 210 527 276
192 80 418 168
376 223 166 97
93 212 306 123
259 293 221 212
481 97 426 325
160 341 209 95
