3
3
L1 317 0
U2 107 0
L3 220 0
9
486 198
450 309
554 163
295 56
423 43
187 155
495 238
238 53
156 310
1 L1
10 L1
29 100 317 0
176 319 317 0
208 204 317 0
317 312 317 0
410 145 317 0
584 133 317 0
163 99 317 0
351 179 317 0
492 239 317 0
388 269 317 0
1 L3
10 L3
576 213 220 0
131 309 220 0
130 204 220 0
199 252 220 0
252 211 220 0
490 57 220 0
483 313 220 0
536 118 220 0
210 109 220 0
571 313 220 0
1 U2
107 0 12 260
10 U2
107 0 277 151
107 0 75 118
107 0 120 202
107 0 22 74
107 0 54 235
107 0 396 155
107 0 219 332
107 0 334 331
107 0 112 54
107 0 12 114
3
29 100 275 225
576 213 238 172
176 319 459 184
