5
3
L1 552 0
U2 547 0
L3 485 0
12
129 61
313 121
131 338
255 303
223 206
168 324
505 159
279 195
576 267
115 199
473 119
490 297
2 L1
18 L1
427 110 552 0
308 342 552 0
519 191 552 0
468 304 552 0
1 182 552 0
560 246 552 0
96 231 552 0
538 307 552 0
492 59 552 0
546 276 552 0
289 94 552 0
462 338 552 0
537 212 552 0
324 222 552 0
571 122 552 0
432 324 552 0
149 254 552 0
81 282 552 0
2 L3
18 L3
569 96 485 0
354 179 485 0
339 211 485 0
562 70 485 0
305 332 485 0
224 207 485 0
163 198 485 0
71 296 485 0
479 248 485 0
322 104 485 0
82 109 485 0
65 276 485 0
311 293 485 0
362 182 485 0
535 61 485 0
286 237 485 0
117 307 485 0
505 260 485 0
2 U2
547 0 269 293
547 0 371 66
18 U2
547 0 129 202
547 0 346 87
547 0 43 117
547 0 22 305
547 0 221 151
547 0 327 80
547 0 110 347
547 0 145 185
547 0 429 131
547 0 326 274
547 0 96 149
547 0 552 56
547 0 159 288
547 0 448 175
547 0 14 186
547 0 276 109
547 0 498 221
547 0 129 322
3
427 110 556 225
569 96 286 350
308 342 206 147
