5
5
L1 182 0
U2 140 0
L3 559 0
U4 407 0
L5 70 0
15
76 295
507 142
423 6
323 163
495 198
424 121
104 32
434 24
13 348
26 268
188 224
194 231
80 151
576 245
519 213
2 L1
22 L1
96 320 182 0
250 307 182 0
339 163 182 0
321 307 182 0
479 257 182 0
492 350 182 0
353 344 182 0
13 273 182 0
293 234 182 0
34 330 182 0
491 62 182 0
462 314 182 0
457 132 182 0
359 324 182 0
176 230 182 0
420 149 182 0
408 205 182 0
41 163 182 0
378 298 182 0
492 206 182 0
169 244 182 0
381 90 182 0
2 L3
22 L3
137 238 559 0
482 254 559 0
136 57 559 0
78 204 559 0
251 55 559 0
515 333 559 0
585 216 559 0
375 226 559 0
227 63 559 0
161 97 559 0
46 308 559 0
570 209 559 0
594 215 559 0
153 257 559 0
43 172 559 0
121 309 559 0
429 267 559 0
66 211 559 0
226 105 559 0
431 91 559 0
485 131 559 0
471 310 559 0
2 L5
22 L5
452 57 70 0
154 62 70 0
19 160 70 0
268 112 70 0
550 153 70 0
325 161 70 0
600 173 70 0
371 114 70 0
360 320 70 0
583 104 70 0
18 240 70 0
212 107 70 0
116 111 70 0
251 248 70 0
9 289 70 0
160 240 70 0
333 222 70 0
94 222 70 0
213 201 70 0
595 263 70 0
37 74 70 0
450 149 70 0
2 U2
140 0 288 65
140 0 251 338
22 U2
140 0 176 312
140 0 29 58
140 0 156 343
140 0 381 79
140 0 66 285
140 0 392 86
140 0 245 95
140 0 112 173
140 0 209 318
140 0 500 144
140 0 410 216
140 0 284 247
140 0 472 144
140 0 267 299
140 0 539 200
140 0 309 154
140 0 53 191
140 0 69 338
140 0 87 319
140 0 391 325
140 0 156 132
140 0 252 148
2 U4
407 0 582 85
407 0 199 62
22 U4
407 0 351 318
407 0 102 76
407 0 249 125
407 0 433 321
407 0 43 228
407 0 469 56
407 0 368 196
407 0 76 106
407 0 497 83
407 0 599 102
407 0 24 202
407 0 5 160
407 0 205 246
407 0 48 75
407 0 143 249
407 0 572 282
407 0 224 74
407 0 181 117
407 0 326 281
407 0 329 121
407 0 428 213
407 0 314 104
11
96 320 210 169
137 238 538 286
452 57 115 120
250 307 459 245
482 254 394 111
154 62 496 224
339 163 304 149
136 57 315 294
19 160 183 244
321 307 514 339
78 204 271 79
