3
5
L1 90 0
U2 75 0
L3 493 0
U4 246 0
L5 102 0
15
337 80
289 165
4 183
460 128
247 165
225 229
556 91
444 337
145 117
415 207
310 284
274 341
410 310
46 160
217 164
1 L1
14 L1
146 257 90 0
461 85 90 0
529 298 90 0
77 211 90 0
204 83 90 0
123 130 90 0
374 70 90 0
404 299 90 0
445 213 90 0
29 131 90 0
504 244 90 0
157 110 90 0
136 175 90 0
43 265 90 0
1 L3
14 L3
388 93 493 0
197 337 493 0
484 243 493 0
487 135 493 0
411 132 493 0
284 348 493 0
426 215 493 0
343 114 493 0
488 338 493 0
502 224 493 0
132 154 493 0
581 244 493 0
331 247 493 0
573 129 493 0
1 L5
14 L5
121 75 102 0
0 240 102 0
342 79 102 0
396 264 102 0
403 129 102 0
315 178 102 0
214 81 102 0
533 199 102 0
496 175 102 0
169 336 102 0
278 124 102 0
41 186 102 0
371 258 102 0
505 64 102 0
1 U2
75 0 167 59
14 U2
75 0 45 269
75 0 122 263
75 0 56 337
75 0 68 55
75 0 470 65
75 0 41 237
75 0 394 158
75 0 1 275
75 0 0 309
75 0 442 167
75 0 366 280
75 0 151 50
75 0 451 285
75 0 169 259
1 U4
246 0 505 205
14 U4
246 0 571 84
246 0 197 235
246 0 106 219
246 0 141 277
246 0 432 199
246 0 525 339
246 0 524 191
246 0 599 341
246 0 121 343
246 0 299 282
246 0 45 95
246 0 547 68
246 0 181 137
246 0 63 154
11
146 257 171 124
388 93 367 202
121 75 348 86
461 85 261 262
197 337 209 347
0 240 494 96
529 298 303 161
484 243 57 192
342 79 490 252
77 211 167 271
487 135 545 74
