3
5
L1 24 0
U2 252 0
L3 489 0
U4 9 0
L5 72 0
25
597 307
505 253
560 81
307 241
362 113
183 56
557 160
124 13
332 133
525 91
424 345
97 156
357 71
346 120
570 338
589 106
309 260
557 310
448 128
164 257
335 133
176 208
563 305
504 137
331 25
1 L1
18 L1
31 167 24 0
249 162 24 0
429 118 24 0
440 184 24 0
400 205 24 0
174 158 24 0
80 203 24 0
114 120 24 0
527 124 24 0
71 193 24 0
356 194 24 0
462 163 24 0
53 158 24 0
68 261 24 0
544 337 24 0
161 94 24 0
176 82 24 0
54 299 24 0
1 L3
18 L3
341 331 489 0
73 152 489 0
49 202 489 0
512 113 489 0
500 156 489 0
359 87 489 0
1 108 489 0
213 147 489 0
478 279 489 0
135 245 489 0
136 154 489 0
399 137 489 0
597 252 489 0
573 182 489 0
245 335 489 0
113 306 489 0
124 299 489 0
537 339 489 0
1 L5
18 L5
261 186 72 0
91 336 72 0
0 213 72 0
241 230 72 0
234 239 72 0
273 82 72 0
31 270 72 0
596 226 72 0
403 70 72 0
434 274 72 0
134 156 72 0
183 245 72 0
413 213 72 0
286 305 72 0
88 284 72 0
317 272 72 0
500 159 72 0
180 196 72 0
1 U2
252 0 265 66
18 U2
252 0 547 150
252 0 524 141
252 0 70 172
252 0 9 152
252 0 508 211
252 0 515 316
252 0 345 107
252 0 459 197
252 0 548 168
252 0 188 348
252 0 398 191
252 0 274 122
252 0 155 319
252 0 158 150
252 0 212 255
252 0 10 310
252 0 150 310
252 0 141 142
1 U4
9 0 156 79
18 U4
9 0 438 162
9 0 573 87
9 0 140 310
9 0 129 205
9 0 522 151
9 0 169 333
9 0 97 263
9 0 460 205
9 0 433 209
9 0 582 254
9 0 118 324
9 0 84 136
9 0 142 54
9 0 331 168
9 0 469 254
9 0 365 203
9 0 82 129
9 0 480 228
14
31 167 437 94
341 331 480 164
261 186 95 311
249 162 535 187
73 152 271 247
91 336 341 205
429 118 454 108
49 202 518 346
0 213 182 211
440 184 459 123
512 113 537 215
241 230 258 98
400 205 3 108
500 156 339 232
