3
5
L1 366 0
U2 24 0
L3 282 0
U4 37 0
L5 137 0
25
248 180
423 213
152 344
56 91
28 171
106 79
498 303
245 253
575 192
43 22
23 100
431 33
329 204
93 194
504 75
217 238
22 20
392 268
365 105
486 166
474 99
446 202
360 49
204 66
64 3
1 L1
10 L1
80 324 366 0
3 106 366 0
481 146 366 0
424 242 366 0
175 302 366 0
507 275 366 0
426 333 366 0
522 180 366 0
39 59 366 0
42 327 366 0
1 L3
10 L3
436 224 282 0
165 252 282 0
141 267 282 0
100 307 282 0
436 122 282 0
32 184 282 0
565 288 282 0
81 231 282 0
542 138 282 0
378 111 282 0
1 L5
10 L5
510 110 137 0
458 161 137 0
371 105 137 0
290 142 137 0
65 138 137 0
462 222 137 0
465 80 137 0
215 53 137 0
117 348 137 0
267 284 137 0
1 U2
24 0 325 135
10 U2
24 0 192 215
24 0 115 160
24 0 38 63
24 0 147 171
24 0 379 77
24 0 577 151
24 0 134 269
24 0 116 102
24 0 69 255
24 0 243 345
1 U4
37 0 468 227
10 U4
37 0 437 321
37 0 81 221
37 0 249 260
37 0 324 315
37 0 152 241
37 0 80 130
37 0 444 311
37 0 98 323
37 0 514 59
37 0 587 172
5
80 324 475 229
436 224 454 175
510 110 225 117
3 106 26 325
165 252 188 230
