3
5
L1 354 0
U2 208 0
L3 438 0
U4 333 0
L5 531 0
15
582 102
348 310
465 285
14 307
354 259
274 299
53 174
239 236
328 1
584 332
269 188
74 320
105 145
192 219
265 84
1 L1
18 L1
518 160 354 0
279 197 354 0
420 131 354 0
469 274 354 0
391 143 354 0
60 202 354 0
135 347 354 0
242 91 354 0
484 231 354 0
535 316 354 0
15 282 354 0
503 335 354 0
2 123 354 0
165 219 354 0
325 208 354 0
591 71 354 0
432 315 354 0
276 244 354 0
1 L3
18 L3
286 77 438 0
426 115 438 0
236 204 438 0
271 137 438 0
433 72 438 0
482 72 438 0
13 269 438 0
70 158 438 0
464 247 438 0
293 165 438 0
422 342 438 0
534 208 438 0
479 109 438 0
564 196 438 0
343 70 438 0
88 325 438 0
21 319 438 0
127 201 438 0
1 L5
18 L5
203 165 531 0
84 269 531 0
177 62 531 0
180 206 531 0
508 263 531 0
142 148 531 0
536 231 531 0
42 164 531 0
78 305 531 0
393 234 531 0
250 52 531 0
255 306 531 0
203 50 531 0
298 287 531 0
516 84 531 0
278 133 531 0
356 98 531 0
344 156 531 0
1 U2
208 0 305 135
18 U2
208 0 495 58
208 0 395 202
208 0 290 64
208 0 289 83
208 0 35 126
208 0 389 104
208 0 573 175
208 0 545 77
208 0 499 193
208 0 484 278
208 0 445 196
208 0 138 55
208 0 352 117
208 0 462 193
208 0 158 318
208 0 189 88
208 0 280 198
208 0 262 153
1 U4
333 0 70 76
18 U4
333 0 520 164
333 0 412 286
333 0 34 334
333 0 351 341
333 0 180 82
333 0 307 282
333 0 10 208
333 0 495 206
333 0 238 73
333 0 185 59
333 0 77 299
333 0 476 94
333 0 209 261
333 0 219 105
333 0 163 129
333 0 200 208
333 0 0 139
333 0 337 310
14
518 160 127 270
286 77 455 141
203 165 63 340
279 197 455 221
426 115 29 76
84 269 0 238
420 131 562 101
236 204 64 136
177 62 250 226
469 274 7 299
271 137 311 165
180 206 144 52
391 143 28 214
433 72 153 301
