4
6
L1 408 0
U2 48 0
L3 478 0
U4 476 0
L5 422 0
U6 26 0
18
38 210
175 253
489 245
60 336
14 181
274 279
102 26
243 263
575 152
194 35
26 146
477 51
45 332
346 273
106 307
1 42
527 279
379 225
2 L1
22 L1
515 70 408 0
350 230 408 0
536 58 408 0
340 239 408 0
94 134 408 0
510 113 408 0
65 212 408 0
530 317 408 0
237 344 408 0
393 295 408 0
452 124 408 0
503 308 408 0
135 278 408 0
341 232 408 0
39 292 408 0
327 339 408 0
175 157 408 0
571 293 408 0
137 174 408 0
207 184 408 0
554 331 408 0
218 189 408 0
2 L3
22 L3
4 313 478 0
169 117 478 0
17 232 478 0
429 316 478 0
410 296 478 0
12 57 478 0
574 120 478 0
284 63 478 0
245 66 478 0
496 115 478 0
326 253 478 0
70 182 478 0
68 235 478 0
246 192 478 0
495 344 478 0
410 138 478 0
347 186 478 0
381 119 478 0
435 82 478 0
77 347 478 0
332 127 478 0
409 95 478 0
2 L5
22 L5
519 262 422 0
505 123 422 0
34 140 422 0
547 275 422 0
354 180 422 0
218 255 422 0
272 268 422 0
470 284 422 0
379 288 422 0
26 53 422 0
478 336 422 0
55 216 422 0
207 347 422 0
109 98 422 0
329 58 422 0
273 187 422 0
397 180 422 0
154 223 422 0
233 155 422 0
47 206 422 0
292 154 422 0
298 295 422 0
2 U2
48 0 119 331
48 0 227 54
22 U2
48 0 521 253
48 0 341 109
48 0 239 199
48 0 66 194
48 0 41 58
48 0 198 289
48 0 371 256
48 0 260 124
48 0 415 234
48 0 26 123
48 0 293 206
48 0 454 139
48 0 570 349
48 0 370 53
48 0 438 92
48 0 64 280
48 0 332 342
48 0 256 115
48 0 492 284
48 0 370 93
48 0 67 145
48 0 370 317
2 U4
476 0 334 266
476 0 40 171
22 U4
476 0 106 287
476 0 223 243
476 0 114 111
476 0 465 67
476 0 223 260
476 0 445 181
476 0 427 157
476 0 55 151
476 0 357 144
476 0 505 211
476 0 215 325
476 0 305 60
476 0 128 142
476 0 325 157
476 0 80 84
476 0 240 198
476 0 502 131
476 0 462 150
476 0 596 331
476 0 131 60
476 0 371 70
476 0 81 109
2 U6
26 0 597 149
26 0 340 52
22 U6
26 0 434 285
26 0 400 124
26 0 220 108
26 0 14 69
26 0 5 272
26 0 455 340
26 0 352 233
26 0 7 195
26 0 11 213
26 0 73 160
26 0 406 57
26 0 312 243
26 0 419 210
26 0 459 168
26 0 223 300
26 0 199 138
26 0 458 118
26 0 59 198
26 0 243 180
26 0 261 295
26 0 550 290
26 0 421 208
7
515 70 281 243
4 313 88 114
519 262 466 280
350 230 523 280
169 117 415 200
505 123 441 156
536 58 389 231
