4
6
L1 59 0
U2 220 0
L3 226 0
U4 201 0
L5 350 0
U6 239 0
24
577 50
105 136
326 81
376 134
306 224
312 243
437 291
453 207
484 85
228 331
565 94
533 257
321 305
475 154
43 64
164 57
273 117
387 164
415 304
394 236
410 44
282 200
33 55
353 109
2 L1
22 L1
211 133 59 0
221 318 59 0
371 71 59 0
123 128 59 0
513 87 59 0
446 178 59 0
525 150 59 0
53 115 59 0
321 170 59 0
240 127 59 0
353 340 59 0
518 278 59 0
111 185 59 0
469 307 59 0
572 53 59 0
491 292 59 0
303 245 59 0
339 181 59 0
430 164 59 0
21 63 59 0
418 204 59 0
477 91 59 0
2 L3
22 L3
300 192 226 0
0 83 226 0
579 319 226 0
209 158 226 0
486 203 226 0
386 180 226 0
33 182 226 0
423 203 226 0
177 296 226 0
104 85 226 0
425 170 226 0
188 196 226 0
46 87 226 0
517 126 226 0
207 80 226 0
70 350 226 0
116 208 226 0
570 260 226 0
397 227 226 0
154 166 226 0
432 113 226 0
480 116 226 0
2 L5
22 L5
79 129 350 0
187 250 350 0
25 250 350 0
29 269 350 0
315 153 350 0
193 314 350 0
567 288 350 0
502 213 350 0
78 241 350 0
287 294 350 0
541 201 350 0
56 342 350 0
432 156 350 0
291 261 350 0
182 159 350 0
199 158 350 0
135 312 350 0
87 86 350 0
464 279 350 0
252 310 350 0
224 274 350 0
340 106 350 0
2 U2
220 0 202 288
220 0 543 294
22 U2
220 0 353 238
220 0 398 167
220 0 399 266
220 0 119 90
220 0 359 248
220 0 76 235
220 0 533 297
220 0 340 101
220 0 297 284
220 0 287 73
220 0 190 95
220 0 305 240
220 0 156 137
220 0 132 327
220 0 392 141
220 0 370 142
220 0 198 61
220 0 401 302
220 0 129 121
220 0 468 202
220 0 233 137
220 0 348 149
2 U4
201 0 319 287
201 0 553 201
22 U4
201 0 332 204
201 0 534 335
201 0 279 292
201 0 279 164
201 0 557 327
201 0 446 237
201 0 579 219
201 0 89 310
201 0 340 69
201 0 170 149
201 0 495 72
201 0 582 98
201 0 247 240
201 0 31 78
201 0 284 296
201 0 587 60
201 0 527 300
201 0 492 153
201 0 60 204
201 0 457 66
201 0 14 313
201 0 468 207
2 U6
239 0 104 298
239 0 326 306
22 U6
239 0 117 240
239 0 112 283
239 0 225 76
239 0 139 214
239 0 192 61
239 0 299 111
239 0 159 73
239 0 600 98
239 0 264 72
239 0 487 92
239 0 535 252
239 0 418 326
239 0 484 163
239 0 420 337
239 0 410 335
239 0 519 195
239 0 444 115
239 0 127 86
239 0 306 118
239 0 218 168
239 0 506 102
239 0 487 318
20
211 133 169 265
300 192 216 320
79 129 405 316
221 318 310 270
0 83 537 177
187 250 255 332
371 71 134 68
579 319 411 318
25 250 39 133
123 128 452 347
209 158 160 176
29 269 293 52
513 87 439 148
486 203 473 336
315 153 486 229
446 178 163 336
386 180 3 246
193 314 577 250
525 150 423 232
33 182 170 339
