3
4
L1 3 0
U2 80 0
L3 456 0
U4 116 0
12
326 281
409 99
245 133
32 130
443 207
123 149
229 118
126 269
422 304
83 257
591 284
483 18
1 L1
18 L1
253 203 3 0
99 222 3 0
137 61 3 0
53 179 3 0
382 146 3 0
48 329 3 0
233 294 3 0
455 158 3 0
273 117 3 0
266 200 3 0
378 96 3 0
513 147 3 0
179 97 3 0
256 209 3 0
453 209 3 0
138 92 3 0
347 239 3 0
514 56 3 0
1 L3
18 L3
258 136 456 0
213 188 456 0
428 129 456 0
271 166 456 0
545 344 456 0
390 313 456 0
587 285 456 0
590 228 456 0
441 161 456 0
437 83 456 0
357 195 456 0
272 98 456 0
352 301 456 0
525 262 456 0
599 122 456 0
21 224 456 0
354 218 456 0
407 263 456 0
1 U2
80 0 312 62
18 U2
80 0 124 314
80 0 42 294
80 0 555 349
80 0 76 142
80 0 68 99
80 0 302 303
80 0 468 210
80 0 355 290
80 0 558 269
80 0 185 113
80 0 142 184
80 0 41 281
80 0 94 146
80 0 272 332
80 0 215 197
80 0 194 80
80 0 284 244
80 0 478 316
1 U4
116 0 370 67
18 U4
116 0 198 145
116 0 326 231
116 0 264 195
116 0 77 303
116 0 477 314
116 0 558 179
116 0 560 285
116 0 79 101
116 0 445 246
116 0 539 185
116 0 224 80
116 0 54 100
116 0 226 292
116 0 218 72
116 0 551 225
116 0 229 122
116 0 205 113
116 0 314 279
8
253 203 405 51
258 136 594 173
99 222 275 98
213 188 3 319
137 61 577 168
428 129 283 298
53 179 229 144
271 166 335 57
