5
4
L1 315 0
U2 167 0
L3 175 0
U4 209 0
16
107 89
281 105
380 152
79 275
553 117
362 275
330 270
320 187
594 166
466 309
88 25
149 170
195 96
594 304
101 274
129 63
2 L1
10 L1
231 217 315 0
234 133 315 0
246 98 315 0
319 92 315 0
214 260 315 0
487 195 315 0
13 145 315 0
162 211 315 0
98 280 315 0
328 278 315 0
2 L3
10 L3
14 94 175 0
83 94 175 0
39 220 175 0
192 313 175 0
188 155 175 0
506 92 175 0
201 334 175 0
413 245 175 0
196 327 175 0
573 74 175 0
2 U2
167 0 149 118
167 0 58 283
10 U2
167 0 267 200
167 0 584 137
167 0 438 170
167 0 579 161
167 0 25 240
167 0 135 234
167 0 368 311
167 0 74 231
167 0 444 318
167 0 423 255
2 U4
209 0 488 72
209 0 267 62
10 U4
209 0 335 109
209 0 402 238
209 0 530 90
209 0 490 226
209 0 178 173
209 0 593 270
209 0 482 288
209 0 2 291
209 0 21 146
209 0 223 226
2
231 217 473 173
14 94 201 108
