5
5
L1 452 0
U2 275 0
L3 292 0
U4 497 0
L5 503 0
25
149 67
366 95
301 81
36 63
360 46
403 130
456 63
380 126
151 144
38 278
363 204
521 312
510 321
134 71
447 30
562 195
398 20
328 21
271 322
278 133
302 23
385 33
44 56
354 187
341 121
2 L1
22 L1
76 297 452 0
542 64 452 0
299 324 452 0
526 131 452 0
459 340 452 0
340 176 452 0
267 54 452 0
190 136 452 0
59 210 452 0
335 283 452 0
225 330 452 0
457 268 452 0
48 133 452 0
47 127 452 0
468 197 452 0
514 241 452 0
345 319 452 0
488 110 452 0
376 313 452 0
405 197 452 0
406 222 452 0
322 57 452 0
2 L3
22 L3
527 72 292 0
411 319 292 0
94 347 292 0
262 269 292 0
475 190 292 0
82 211 292 0
386 276 292 0
481 270 292 0
131 142 292 0
422 114 292 0
45 205 292 0
462 210 292 0
84 130 292 0
39 283 292 0
379 313 292 0
131 261 292 0
332 66 292 0
264 239 292 0
10 122 292 0
463 137 292 0
156 58 292 0
25 82 292 0
2 L5
22 L5
510 324 503 0
84 155 503 0
306 170 503 0
399 103 503 0
588 79 503 0
73 126 503 0
251 219 503 0
72 95 503 0
362 267 503 0
94 164 503 0
278 176 503 0
530 138 503 0
349 260 503 0
376 63 503 0
579 82 503 0
109 113 503 0
108 319 503 0
284 342 503 0
439 271 503 0
117 206 503 0
252 344 503 0
364 191 503 0
2 U2
275 0 171 93
275 0 502 241
22 U2
275 0 165 282
275 0 220 127
275 0 397 188
275 0 197 170
275 0 163 238
275 0 368 138
275 0 134 338
275 0 343 125
275 0 278 313
275 0 329 83
275 0 286 211
275 0 493 278
275 0 412 138
275 0 326 192
275 0 384 53
275 0 172 280
275 0 585 266
275 0 159 323
275 0 296 102
275 0 131 62
275 0 36 133
275 0 14 148
2 U4
497 0 302 144
497 0 130 264
22 U4
497 0 329 310
497 0 350 205
497 0 157 273
497 0 292 299
497 0 202 184
497 0 151 295
497 0 108 268
497 0 212 253
497 0 547 232
497 0 110 89
497 0 215 156
497 0 137 69
497 0 274 254
497 0 154 311
497 0 463 248
497 0 238 336
497 0 60 294
497 0 255 166
497 0 575 180
497 0 7 288
497 0 403 340
497 0 563 295
6
76 297 383 292
527 72 164 282
510 324 436 234
542 64 225 285
411 319 184 205
84 155 91 105
