4
4
L1 44 0
U2 121 0
L3 224 0
U4 222 0
12
527 350
87 9
224 289
187 105
191 266
142 69
391 271
464 306
430 249
135 120
176 133
75 30
2 L1
10 L1
299 267 44 0
124 147 44 0
435 175 44 0
275 73 44 0
251 54 44 0
208 70 44 0
537 125 44 0
423 230 44 0
585 75 44 0
81 279 44 0
2 L3
10 L3
510 167 224 0
420 120 224 0
125 135 224 0
308 320 224 0
368 249 224 0
589 225 224 0
32 219 224 0
257 55 224 0
152 141 224 0
525 219 224 0
2 U2
121 0 431 258
121 0 227 203
10 U2
121 0 233 110
121 0 113 139
121 0 57 166
121 0 37 222
121 0 100 301
121 0 393 105
121 0 91 73
121 0 590 187
121 0 226 280
121 0 469 313
2 U4
222 0 273 278
222 0 292 297
10 U4
222 0 426 57
222 0 266 220
222 0 229 212
222 0 281 348
222 0 38 213
222 0 586 191
222 0 253 350
222 0 577 93
222 0 462 277
222 0 285 251
4
299 267 572 288
510 167 42 259
124 147 569 168
420 120 155 158
