3
4
L1 479 0
U2 110 0
L3 367 0
U4 460 0
16
114 223
50 4
321 0
322 47
535 310
89 324
597 89
547 280
588 71
428 293
49 144
465 11
199 129
588 103
326 119
582 272
1 L1
14 L1
256 238 479 0
128 310 479 0
541 89 479 0
133 318 479 0
58 342 479 0
327 340 479 0
16 211 479 0
197 122 479 0
226 91 479 0
177 298 479 0
466 310 479 0
554 159 479 0
288 213 479 0
129 155 479 0
1 L3
14 L3
551 275 367 0
218 148 367 0
494 92 367 0
195 302 367 0
132 287 367 0
201 350 367 0
440 95 367 0
392 249 367 0
447 211 367 0
559 289 367 0
542 244 367 0
200 229 367 0
173 251 367 0
199 297 367 0
1 U2
110 0 378 314
14 U2
110 0 124 281
110 0 224 78
110 0 279 171
110 0 203 256
110 0 130 262
110 0 511 153
110 0 476 195
110 0 99 299
110 0 382 218
110 0 435 262
110 0 591 267
110 0 515 222
110 0 222 148
110 0 323 311
1 U4
460 0 131 99
14 U4
460 0 339 192
460 0 477 68
460 0 144 256
460 0 262 294
460 0 187 170
460 0 80 104
460 0 211 260
460 0 171 73
460 0 526 122
460 0 127 102
460 0 69 348
460 0 34 53
460 0 458 274
460 0 306 344
6
256 238 408 105
551 275 246 61
128 310 531 74
218 148 515 317
541 89 108 324
494 92 528 192
