5
5
L1 104 0
U2 549 0
L3 191 0
U4 442 0
L5 24 0
15
256 231
58 147
500 131
344 89
142 294
560 95
135 125
474 277
98 257
446 171
259 348
280 72
476 173
524 203
463 115
2 L1
10 L1
394 237 104 0
382 160 104 0
422 109 104 0
30 192 104 0
46 162 104 0
172 110 104 0
255 65 104 0
563 123 104 0
191 155 104 0
397 179 104 0
2 L3
10 L3
509 350 191 0
91 220 191 0
408 181 191 0
234 116 191 0
75 145 191 0
253 97 191 0
168 55 191 0
288 192 191 0
227 116 191 0
119 283 191 0
2 L5
10 L5
547 349 24 0
161 113 24 0
316 328 24 0
201 182 24 0
559 275 24 0
430 196 24 0
131 96 24 0
463 302 24 0
33 280 24 0
66 328 24 0
2 U2
549 0 370 320
549 0 79 157
10 U2
549 0 268 226
549 0 406 306
549 0 592 326
549 0 459 236
549 0 590 245
549 0 436 82
549 0 407 313
549 0 171 192
549 0 188 216
549 0 474 79
2 U4
442 0 243 104
442 0 522 199
10 U4
442 0 56 121
442 0 168 347
442 0 129 136
442 0 42 277
442 0 485 260
442 0 207 262
442 0 147 120
442 0 466 303
442 0 519 341
442 0 442 187
5
394 237 282 103
509 350 63 237
547 349 182 320
382 160 555 153
91 220 69 256
