5
3
L1 572 0
U2 30 0
L3 372 0
12
381 68
482 48
598 111
578 3
363 303
129 244
375 128
171 9
76 323
361 327
536 136
211 52
2 L1
18 L1
301 244 572 0
415 320 572 0
205 82 572 0
376 157 572 0
336 102 572 0
255 251 572 0
596 165 572 0
194 197 572 0
216 172 572 0
382 232 572 0
70 204 572 0
226 319 572 0
219 330 572 0
490 222 572 0
127 55 572 0
339 116 572 0
125 294 572 0
471 319 572 0
2 L3
18 L3
314 137 372 0
98 108 372 0
485 253 372 0
151 312 372 0
128 148 372 0
539 106 372 0
186 215 372 0
531 277 372 0
458 282 372 0
182 69 372 0
555 154 372 0
296 90 372 0
394 109 372 0
180 321 372 0
236 69 372 0
463 95 372 0
33 321 372 0
269 209 372 0
2 U2
30 0 81 87
30 0 109 71
18 U2
30 0 295 219
30 0 336 59
30 0 572 133
30 0 405 183
30 0 452 331
30 0 364 86
30 0 12 108
30 0 578 160
30 0 4 103
30 0 582 77
30 0 478 318
30 0 103 121
30 0 50 312
30 0 246 135
30 0 518 276
30 0 18 240
30 0 250 344
30 0 427 176
9
301 244 414 308
314 137 116 267
415 320 410 220
98 108 565 172
205 82 178 121
485 253 158 237
376 157 572 252
151 312 338 290
336 102 348 159
