3
3
L1 128 0
U2 396 0
L3 155 0
15
53 235
108 180
420 209
600 284
85 127
532 157
270 320
234 9
152 204
274 72
187 247
581 91
427 116
92 76
370 45
1 L1
10 L1
265 339 128 0
548 346 128 0
130 329 128 0
531 245 128 0
120 350 128 0
463 319 128 0
476 123 128 0
14 125 128 0
181 322 128 0
197 321 128 0
1 L3
10 L3
552 115 155 0
501 60 155 0
349 219 155 0
110 234 155 0
318 105 155 0
370 129 155 0
59 156 155 0
181 157 155 0
17 95 155 0
345 277 155 0
1 U2
396 0 221 347
10 U2
396 0 254 146
396 0 106 67
396 0 116 93
396 0 63 136
396 0 390 177
396 0 333 165
396 0 190 161
396 0 480 297
396 0 20 266
396 0 294 275
2
265 339 27 246
552 115 201 212
