4
4
L1 545 0
U2 314 0
L3 355 0
U4 386 0
12
375 82
373 85
143 204
339 87
327 4
232 60
501 293
533 117
522 77
396 196
490 292
508 31
2 L1
18 L1
448 264 545 0
211 80 545 0
349 316 545 0
484 99 545 0
118 61 545 0
421 234 545 0
233 316 545 0
359 209 545 0
535 68 545 0
483 289 545 0
181 285 545 0
22 184 545 0
257 317 545 0
536 143 545 0
398 324 545 0
307 340 545 0
20 137 545 0
25 159 545 0
2 L3
18 L3
568 119 355 0
413 172 355 0
55 59 355 0
113 147 355 0
54 283 355 0
78 176 355 0
399 308 355 0
136 88 355 0
343 199 355 0
233 261 355 0
555 201 355 0
188 158 355 0
487 329 355 0
284 118 355 0
479 87 355 0
115 168 355 0
3 342 355 0
344 122 355 0
2 U2
314 0 153 268
314 0 196 234
18 U2
314 0 420 171
314 0 493 259
314 0 513 188
314 0 329 77
314 0 218 181
314 0 159 50
314 0 425 111
314 0 1 264
314 0 127 305
314 0 174 263
314 0 220 179
314 0 541 293
314 0 430 312
314 0 242 336
314 0 489 179
314 0 139 137
314 0 167 261
314 0 394 81
2 U4
386 0 542 98
386 0 537 150
18 U4
386 0 81 97
386 0 277 127
386 0 544 58
386 0 155 189
386 0 394 319
386 0 507 73
386 0 449 229
386 0 597 294
386 0 324 189
386 0 162 169
386 0 430 277
386 0 131 305
386 0 510 214
386 0 274 249
386 0 129 239
386 0 273 174
386 0 193 64
386 0 517 300
8
448 264 195 96
568 119 423 148
211 80 336 94
413 172 391 299
349 316 252 177
55 59 117 215
484 99 432 215
113 147 340 342
