5
6
L1 367 0
U2 23 0
L3 276 0
U4 192 0
L5 531 0
U6 458 0
30
384 156
118 122
56 289
135 215
466 249
158 9
458 221
292 125
335 159
106 276
460 244
489 141
44 206
0 144
502 193
500 294
186 163
544 191
70 163
537 317
377 151
494 238
374 286
572 211
212 288
174 196
88 21
343 288
555 197
208 214
2 L1
22 L1
392 317 367 0
515 249 367 0
259 83 367 0
321 348 367 0
458 259 367 0
274 314 367 0
264 233 367 0
105 204 367 0
415 210 367 0
83 165 367 0
207 69 367 0
184 214 367 0
595 245 367 0
407 348 367 0
87 338 367 0
74 275 367 0
117 333 367 0
463 189 367 0
164 125 367 0
23 275 367 0
332 50 367 0
219 269 367 0
2 L3
22 L3
5 218 276 0
430 179 276 0
51 181 276 0
9 314 276 0
542 205 276 0
181 293 276 0
372 55 276 0
101 90 276 0
392 236 276 0
70 210 276 0
167 263 276 0
321 135 276 0
519 349 276 0
341 129 276 0
12 299 276 0
588 202 276 0
253 214 276 0
30 73 276 0
148 298 276 0
501 294 276 0
175 151 276 0
427 223 276 0
2 L5
22 L5
136 124 531 0
48 88 531 0
312 237 531 0
207 138 531 0
513 340 531 0
264 346 531 0
536 194 531 0
168 108 531 0
438 337 531 0
366 236 531 0
423 165 531 0
322 118 531 0
494 78 531 0
311 241 531 0
532 148 531 0
114 67 531 0
542 185 531 0
565 303 531 0
8 160 531 0
314 216 531 0
121 103 531 0
10 345 531 0
2 U2
23 0 40 76
23 0 392 84
22 U2
23 0 446 155
23 0 572 106
23 0 184 181
23 0 4 112
23 0 265 99
23 0 299 276
23 0 554 237
23 0 135 309
23 0 50 270
23 0 400 208
23 0 333 181
23 0 294 119
23 0 84 211
23 0 475 76
23 0 236 292
23 0 344 199
23 0 61 160
23 0 29 69
23 0 169 178
23 0 325 132
23 0 295 249
23 0 85 283
2 U4
192 0 531 152
192 0 392 306
22 U4
192 0 264 346
192 0 169 113
192 0 50 292
192 0 302 230
192 0 162 54
192 0 472 116
192 0 493 207
192 0 463 177
192 0 49 218
192 0 430 234
192 0 411 132
192 0 212 128
192 0 146 313
192 0 337 215
192 0 184 200
192 0 591 119
192 0 475 138
192 0 211 97
192 0 537 350
192 0 189 234
192 0 580 156
192 0 221 321
2 U6
458 0 514 147
458 0 73 195
22 U6
458 0 82 204
458 0 331 280
458 0 475 213
458 0 180 119
458 0 226 208
458 0 83 219
458 0 204 340
458 0 422 147
458 0 473 306
458 0 14 179
458 0 373 203
458 0 397 257
458 0 557 76
458 0 408 116
458 0 159 168
458 0 262 326
458 0 549 164
458 0 54 166
458 0 427 163
458 0 277 240
458 0 519 295
458 0 377 112
20
392 317 396 148
5 218 5 106
136 124 467 57
515 249 245 261
430 179 460 214
48 88 572 242
259 83 159 173
51 181 4 91
312 237 250 236
321 348 360 254
9 314 535 122
207 138 327 211
458 259 265 276
542 205 340 80
513 340 331 253
274 314 86 161
181 293 258 250
264 346 183 202
264 233 14 244
372 55 311 113
