3
3
L1 176 0
U2 499 0
L3 338 0
15
504 114
514 298
244 326
56 247
392 256
329 8
1 306
287 70
11 158
595 70
217 36
301 245
434 77
190 235
424 307
1 L1
10 L1
59 340 176 0
42 114 176 0
116 192 176 0
530 52 176 0
370 334 176 0
207 241 176 0
105 244 176 0
558 60 176 0
518 190 176 0
382 316 176 0
1 L3
10 L3
522 323 338 0
559 311 338 0
256 275 338 0
204 172 338 0
366 323 338 0
587 133 338 0
56 224 338 0
102 95 338 0
563 183 338 0
13 243 338 0
1 U2
499 0 121 71
10 U2
499 0 25 144
499 0 367 258
499 0 578 261
499 0 434 267
499 0 140 328
499 0 422 152
499 0 153 121
499 0 462 60
499 0 393 104
499 0 537 189
3
59 340 242 151
522 323 205 64
42 114 294 332
