4
4
L1 315 0
U2 283 0
L3 76 0
U4 16 0
16
319 226
433 307
243 11
259 22
519 50
520 171
284 123
400 190
99 217
227 102
125 347
556 264
505 243
446 45
47 34
319 296
2 L1
22 L1
172 219 315 0
360 188 315 0
504 350 315 0
94 155 315 0
29 217 315 0
266 93 315 0
285 215 315 0
362 146 315 0
253 70 315 0
580 141 315 0
183 346 315 0
389 83 315 0
449 75 315 0
532 213 315 0
259 170 315 0
242 308 315 0
401 273 315 0
389 226 315 0
584 299 315 0
490 276 315 0
503 160 315 0
443 116 315 0
2 L3
22 L3
426 65 76 0
539 349 76 0
111 56 76 0
56 217 76 0
397 277 76 0
523 101 76 0
211 284 76 0
130 169 76 0
500 56 76 0
409 125 76 0
538 218 76 0
162 148 76 0
265 322 76 0
306 63 76 0
156 193 76 0
162 185 76 0
536 341 76 0
412 73 76 0
84 200 76 0
263 202 76 0
600 224 76 0
41 226 76 0
2 U2
283 0 398 280
283 0 515 82
22 U2
283 0 273 281
283 0 314 252
283 0 185 79
283 0 314 279
283 0 97 89
283 0 425 317
283 0 595 297
283 0 561 283
283 0 517 63
283 0 598 261
283 0 324 221
283 0 76 307
283 0 519 149
283 0 534 306
283 0 476 303
283 0 257 171
283 0 175 239
283 0 172 219
283 0 361 127
283 0 145 168
283 0 531 253
283 0 151 223
2 U4
16 0 454 204
16 0 330 295
22 U4
16 0 457 347
16 0 591 306
16 0 149 258
16 0 39 310
16 0 271 80
16 0 99 67
16 0 426 184
16 0 203 212
16 0 333 341
16 0 400 79
16 0 271 187
16 0 336 220
16 0 390 277
16 0 344 251
16 0 465 243
16 0 261 148
16 0 13 60
16 0 121 228
16 0 200 319
16 0 243 262
16 0 255 268
16 0 364 201
9
172 219 598 168
426 65 571 322
360 188 206 248
539 349 459 244
504 350 511 65
111 56 307 247
94 155 227 229
56 217 398 246
29 217 32 166
