4
4
L1 458 0
U2 539 0
L3 551 0
U4 295 0
16
236 108
267 137
101 182
103 245
74 152
304 48
552 310
358 10
322 153
134 15
585 46
377 30
277 252
200 232
154 314
106 345
2 L1
22 L1
118 347 458 0
522 101 458 0
541 112 458 0
207 200 458 0
362 137 458 0
366 321 458 0
294 243 458 0
84 140 458 0
191 75 458 0
76 255 458 0
390 338 458 0
181 65 458 0
370 234 458 0
121 215 458 0
546 257 458 0
136 69 458 0
462 235 458 0
484 147 458 0
234 225 458 0
539 247 458 0
375 280 458 0
43 139 458 0
2 L3
22 L3
502 89 551 0
599 219 551 0
477 198 551 0
242 138 551 0
69 263 551 0
453 246 551 0
350 328 551 0
152 117 551 0
534 331 551 0
256 242 551 0
581 335 551 0
356 290 551 0
209 129 551 0
154 280 551 0
505 146 551 0
437 350 551 0
526 209 551 0
512 138 551 0
264 269 551 0
322 333 551 0
200 329 551 0
577 96 551 0
2 U2
539 0 580 313
539 0 18 131
22 U2
539 0 501 336
539 0 188 242
539 0 52 176
539 0 7 250
539 0 495 281
539 0 72 84
539 0 277 264
539 0 340 236
539 0 52 262
539 0 269 157
539 0 131 315
539 0 119 262
539 0 346 121
539 0 318 233
539 0 51 125
539 0 451 129
539 0 361 160
539 0 236 118
539 0 523 71
539 0 93 63
539 0 348 128
539 0 62 85
2 U4
295 0 190 202
295 0 30 162
22 U4
295 0 179 182
295 0 47 307
295 0 92 343
295 0 478 98
295 0 222 302
295 0 557 166
295 0 429 349
295 0 517 243
295 0 135 180
295 0 440 276
295 0 304 304
295 0 151 192
295 0 70 227
295 0 544 165
295 0 371 252
295 0 48 136
295 0 175 97
295 0 233 263
295 0 465 148
295 0 289 126
295 0 582 155
295 0 216 303
14
118 347 258 342
502 89 226 111
522 101 140 284
599 219 290 80
541 112 146 91
477 198 190 69
207 200 600 206
242 138 245 123
362 137 170 261
69 263 483 143
366 321 188 186
453 246 167 293
294 243 8 69
350 328 295 256
