3
4
L1 593 0
U2 222 0
L3 302 0
U4 472 0
16
152 101
145 18
279 131
319 52
284 231
227 30
71 15
151 247
531 15
283 138
578 181
516 290
352 2
7 122
266 38
264 124
1 L1
14 L1
289 93 593 0
404 298 593 0
545 302 593 0
243 231 593 0
251 209 593 0
312 182 593 0
344 315 593 0
516 66 593 0
300 239 593 0
556 99 593 0
259 88 593 0
518 245 593 0
583 243 593 0
167 240 593 0
1 L3
14 L3
136 59 302 0
69 114 302 0
448 144 302 0
377 275 302 0
401 285 302 0
430 61 302 0
47 101 302 0
28 197 302 0
494 226 302 0
424 270 302 0
195 63 302 0
202 289 302 0
598 175 302 0
475 343 302 0
1 U2
222 0 145 152
14 U2
222 0 303 84
222 0 421 176
222 0 442 215
222 0 42 298
222 0 490 77
222 0 24 68
222 0 309 170
222 0 121 237
222 0 87 122
222 0 548 307
222 0 103 281
222 0 458 162
222 0 523 93
222 0 298 137
1 U4
472 0 51 337
14 U4
472 0 101 234
472 0 241 277
472 0 77 79
472 0 109 81
472 0 121 317
472 0 322 158
472 0 376 166
472 0 65 141
472 0 83 121
472 0 104 344
472 0 173 80
472 0 576 324
472 0 430 228
472 0 135 85
3
289 93 38 221
136 59 249 328
404 298 247 340
