3
6
L1 243 0
U2 171 0
L3 585 0
U4 387 0
L5 417 0
U6 322 0
30
554 196
504 62
269 192
525 324
99 308
131 151
307 110
41 323
130 127
456 49
47 329
166 165
227 76
220 89
291 299
131 20
123 293
153 235
552 76
35 208
497 159
549 290
305 152
328 235
73 143
462 325
227 87
67 180
366 143
275 115
1 L1
14 L1
585 290 243 0
197 58 243 0
587 150 243 0
106 236 243 0
328 323 243 0
108 192 243 0
398 323 243 0
46 142 243 0
105 123 243 0
339 290 243 0
514 272 243 0
11 162 243 0
61 89 243 0
180 341 243 0
1 L3
14 L3
333 99 585 0
29 79 585 0
349 161 585 0
187 285 585 0
486 136 585 0
112 278 585 0
251 229 585 0
38 162 585 0
597 90 585 0
297 137 585 0
221 186 585 0
394 343 585 0
196 190 585 0
512 346 585 0
1 L5
14 L5
340 78 417 0
421 53 417 0
218 237 417 0
339 61 417 0
594 330 417 0
360 154 417 0
450 298 417 0
163 248 417 0
573 278 417 0
166 158 417 0
150 117 417 0
544 303 417 0
430 180 417 0
556 185 417 0
1 U2
171 0 150 71
14 U2
171 0 106 276
171 0 237 277
171 0 456 234
171 0 345 74
171 0 34 219
171 0 240 349
171 0 216 66
171 0 140 118
171 0 243 170
171 0 589 205
171 0 439 345
171 0 108 337
171 0 491 173
171 0 335 74
1 U4
387 0 170 309
14 U4
387 0 374 223
387 0 266 124
387 0 200 73
387 0 60 245
387 0 441 320
387 0 294 77
387 0 486 322
387 0 119 332
387 0 433 67
387 0 487 193
387 0 454 234
387 0 324 320
387 0 502 341
387 0 70 260
1 U6
322 0 561 253
14 U6
322 0 401 203
322 0 184 237
322 0 580 280
322 0 562 134
322 0 541 302
322 0 593 331
322 0 414 326
322 0 38 230
322 0 463 234
322 0 380 52
322 0 564 150
322 0 199 325
322 0 19 304
322 0 171 70
5
585 290 299 225
333 99 239 156
340 78 176 50
197 58 140 62
29 79 231 199
