4
5
L1 63 0
U2 318 0
L3 368 0
U4 137 0
L5 414 0
15
371 47
311 234
272 69
106 298
194 293
510 117
230 219
420 111
350 46
164 263
284 147
342 94
329 209
147 283
26 314
2 L1
14 L1
203 307 63 0
490 99 63 0
71 330 63 0
585 168 63 0
59 231 63 0
386 291 63 0
409 160 63 0
28 253 63 0
500 146 63 0
177 237 63 0
520 132 63 0
586 177 63 0
9 257 63 0
286 275 63 0
2 L3
14 L3
316 63 368 0
493 142 368 0
288 172 368 0
234 161 368 0
89 145 368 0
404 226 368 0
223 150 368 0
279 138 368 0
49 104 368 0
82 196 368 0
164 99 368 0
419 128 368 0
502 263 368 0
572 208 368 0
2 L5
14 L5
4 69 414 0
218 340 414 0
276 343 414 0
77 222 414 0
51 196 414 0
540 313 414 0
307 249 414 0
204 182 414 0
405 277 414 0
17 326 414 0
100 161 414 0
573 235 414 0
383 67 414 0
16 325 414 0
2 U2
318 0 26 89
318 0 0 148
14 U2
318 0 58 130
318 0 465 230
318 0 434 331
318 0 466 136
318 0 386 254
318 0 116 350
318 0 500 103
318 0 44 267
318 0 220 256
318 0 505 286
318 0 411 189
318 0 385 281
318 0 283 200
318 0 369 323
2 U4
137 0 516 84
137 0 154 56
14 U4
137 0 594 190
137 0 507 256
137 0 539 123
137 0 153 151
137 0 277 326
137 0 131 175
137 0 299 241
137 0 491 101
137 0 102 264
137 0 597 124
137 0 16 346
137 0 442 152
137 0 571 209
137 0 533 327
7
203 307 299 276
316 63 277 247
4 69 82 62
490 99 155 287
493 142 155 341
218 340 306 317
71 330 0 184
