4
4
L1 121 0
U2 35 0
L3 195 0
U4 368 0
12
354 122
30 214
125 240
252 68
455 213
181 214
547 15
538 212
27 348
548 277
90 3
567 47
2 L1
22 L1
179 288 121 0
558 203 121 0
318 331 121 0
75 127 121 0
396 111 121 0
571 171 121 0
370 211 121 0
396 226 121 0
39 163 121 0
169 315 121 0
226 107 121 0
557 162 121 0
439 96 121 0
44 244 121 0
402 334 121 0
464 146 121 0
62 348 121 0
214 215 121 0
441 81 121 0
240 72 121 0
290 303 121 0
449 282 121 0
2 L3
22 L3
105 61 195 0
12 117 195 0
549 171 195 0
288 256 195 0
373 257 195 0
127 275 195 0
319 122 195 0
156 350 195 0
261 337 195 0
511 272 195 0
472 290 195 0
136 346 195 0
527 332 195 0
88 316 195 0
173 314 195 0
243 68 195 0
160 87 195 0
474 96 195 0
356 344 195 0
172 199 195 0
151 183 195 0
550 179 195 0
2 U2
35 0 434 319
35 0 343 288
22 U2
35 0 568 121
35 0 431 332
35 0 405 307
35 0 536 241
35 0 354 294
35 0 122 138
35 0 420 303
35 0 446 166
35 0 254 223
35 0 141 166
35 0 471 226
35 0 21 233
35 0 60 241
35 0 428 288
35 0 441 150
35 0 29 194
35 0 342 294
35 0 184 296
35 0 503 315
35 0 268 345
35 0 461 128
35 0 531 320
2 U4
368 0 545 256
368 0 158 348
22 U4
368 0 380 329
368 0 394 159
368 0 186 295
368 0 9 53
368 0 458 90
368 0 50 262
368 0 152 181
368 0 569 68
368 0 123 79
368 0 252 264
368 0 212 113
368 0 135 144
368 0 96 269
368 0 352 72
368 0 272 127
368 0 300 321
368 0 496 220
368 0 394 133
368 0 565 50
368 0 540 165
368 0 337 186
368 0 40 220
5
179 288 472 52
105 61 148 271
558 203 393 262
12 117 257 149
318 331 72 347
