5
4
L1 586 0
U2 27 0
L3 304 0
U4 83 0
16
130 113
586 273
358 340
549 229
285 203
278 350
360 119
135 151
271 153
369 340
508 93
210 148
448 134
187 266
23 36
485 343
2 L1
22 L1
327 337 586 0
570 123 586 0
164 148 586 0
497 97 586 0
568 331 586 0
43 272 586 0
325 164 586 0
598 83 586 0
436 280 586 0
595 124 586 0
521 184 586 0
181 340 586 0
408 244 586 0
3 72 586 0
4 205 586 0
281 60 586 0
568 70 586 0
10 306 586 0
431 198 586 0
66 66 586 0
427 147 586 0
546 309 586 0
2 L3
22 L3
94 248 304 0
428 343 304 0
460 71 304 0
114 227 304 0
287 293 304 0
67 195 304 0
430 251 304 0
256 93 304 0
17 171 304 0
240 308 304 0
54 179 304 0
15 331 304 0
149 346 304 0
526 254 304 0
82 343 304 0
448 265 304 0
174 98 304 0
372 251 304 0
113 263 304 0
189 207 304 0
144 139 304 0
5 208 304 0
2 U2
27 0 123 276
27 0 181 283
22 U2
27 0 551 80
27 0 292 253
27 0 15 237
27 0 227 318
27 0 372 101
27 0 286 133
27 0 263 207
27 0 474 78
27 0 291 309
27 0 0 285
27 0 85 292
27 0 541 153
27 0 98 133
27 0 459 90
27 0 340 191
27 0 3 165
27 0 389 75
27 0 341 219
27 0 249 200
27 0 89 275
27 0 597 250
27 0 408 299
2 U4
83 0 331 219
83 0 95 275
22 U4
83 0 416 187
83 0 50 308
83 0 556 56
83 0 329 179
83 0 509 279
83 0 310 192
83 0 522 164
83 0 103 208
83 0 327 234
83 0 585 238
83 0 531 66
83 0 511 205
83 0 12 131
83 0 146 305
83 0 269 297
83 0 146 145
83 0 468 170
83 0 383 327
83 0 504 295
83 0 415 91
83 0 1 315
83 0 576 174
5
327 337 195 273
94 248 73 61
570 123 161 220
428 343 481 147
164 148 465 285
