3
6
L1 73 0
U2 201 0
L3 330 0
U4 573 0
L5 356 0
U6 17 0
18
598 275
77 340
62 40
368 158
115 227
306 199
203 336
297 103
526 99
585 222
397 260
12 153
54 234
477 51
181 304
120 29
473 92
94 52
1 L1
14 L1
502 104 73 0
133 220 73 0
197 65 73 0
51 161 73 0
181 249 73 0
130 98 73 0
533 95 73 0
442 51 73 0
171 137 73 0
577 123 73 0
10 178 73 0
402 132 73 0
143 121 73 0
257 217 73 0
1 L3
14 L3
325 339 330 0
470 321 330 0
54 95 330 0
516 313 330 0
227 105 330 0
441 290 330 0
189 222 330 0
180 109 330 0
543 97 330 0
115 51 330 0
348 184 330 0
137 267 330 0
513 57 330 0
30 253 330 0
1 L5
14 L5
509 145 356 0
567 320 356 0
390 89 356 0
389 268 356 0
330 151 356 0
315 251 356 0
281 163 356 0
582 204 356 0
232 73 356 0
416 256 356 0
82 289 356 0
531 149 356 0
374 321 356 0
206 164 356 0
1 U2
201 0 224 105
14 U2
201 0 418 263
201 0 500 247
201 0 322 322
201 0 514 337
201 0 154 81
201 0 318 170
201 0 587 297
201 0 570 202
201 0 62 146
201 0 430 254
201 0 71 129
201 0 592 65
201 0 559 113
201 0 460 100
1 U4
573 0 174 189
14 U4
573 0 365 271
573 0 552 301
573 0 132 214
573 0 246 57
573 0 543 300
573 0 333 56
573 0 592 129
573 0 533 131
573 0 398 314
573 0 594 302
573 0 312 61
573 0 231 247
573 0 543 349
573 0 587 167
1 U6
17 0 252 164
14 U6
17 0 470 124
17 0 200 192
17 0 370 251
17 0 408 100
17 0 36 201
17 0 392 298
17 0 364 197
17 0 285 160
17 0 188 249
17 0 290 247
17 0 525 153
17 0 173 266
17 0 31 241
17 0 488 200
9
502 104 272 222
325 339 528 339
509 145 194 170
133 220 417 336
470 321 40 138
567 320 0 153
197 65 330 310
54 95 264 299
390 89 396 186
