4
4
L1 432 0
U2 458 0
L3 501 0
U4 202 0
16
88 305
247 7
162 125
89 25
193 237
331 301
112 57
130 216
249 176
336 90
1 237
532 330
451 281
10 150
232 269
168 150
2 L1
14 L1
579 52 432 0
243 199 432 0
552 298 432 0
558 59 432 0
399 278 432 0
187 132 432 0
142 246 432 0
600 193 432 0
210 332 432 0
220 159 432 0
0 90 432 0
409 184 432 0
457 131 432 0
186 170 432 0
2 L3
14 L3
288 243 501 0
563 205 501 0
580 132 501 0
234 272 501 0
45 149 501 0
28 152 501 0
415 291 501 0
208 198 501 0
78 163 501 0
67 290 501 0
357 261 501 0
416 196 501 0
461 274 501 0
525 326 501 0
2 U2
458 0 252 107
458 0 26 296
14 U2
458 0 111 160
458 0 6 210
458 0 166 150
458 0 165 148
458 0 140 128
458 0 513 250
458 0 211 63
458 0 265 230
458 0 314 230
458 0 191 115
458 0 515 86
458 0 220 54
458 0 144 264
458 0 91 332
2 U4
202 0 497 303
202 0 578 261
14 U4
202 0 357 221
202 0 145 98
202 0 261 336
202 0 465 85
202 0 502 60
202 0 291 87
202 0 161 192
202 0 365 316
202 0 504 203
202 0 513 161
202 0 324 190
202 0 206 106
202 0 266 257
202 0 570 97
6
579 52 304 60
288 243 264 236
243 199 303 94
563 205 416 132
552 298 440 89
580 132 111 175
