4
5
L1 93 0
U2 323 0
L3 62 0
U4 195 0
L5 156 0
25
301 115
216 81
390 10
542 306
58 269
311 350
294 71
370 252
117 156
4 206
329 88
373 314
7 200
196 105
286 319
102 69
254 266
261 111
372 302
90 12
60 135
338 325
546 200
393 147
462 146
2 L1
22 L1
70 122 93 0
372 118 93 0
231 323 93 0
416 110 93 0
246 267 93 0
134 278 93 0
52 241 93 0
48 307 93 0
188 63 93 0
384 99 93 0
183 269 93 0
113 300 93 0
70 321 93 0
388 350 93 0
138 219 93 0
43 333 93 0
178 239 93 0
472 261 93 0
160 221 93 0
345 316 93 0
284 220 93 0
392 237 93 0
2 L3
22 L3
506 88 62 0
268 217 62 0
192 284 62 0
471 116 62 0
132 289 62 0
461 236 62 0
69 61 62 0
593 96 62 0
370 211 62 0
24 204 62 0
60 297 62 0
42 253 62 0
435 171 62 0
323 109 62 0
132 253 62 0
65 284 62 0
198 310 62 0
83 109 62 0
9 143 62 0
575 248 62 0
148 134 62 0
482 331 62 0
2 L5
22 L5
284 109 156 0
435 67 156 0
218 215 156 0
418 243 156 0
188 119 156 0
302 253 156 0
118 222 156 0
483 73 156 0
415 230 156 0
287 83 156 0
539 319 156 0
320 93 156 0
235 246 156 0
114 78 156 0
229 337 156 0
599 183 156 0
36 337 156 0
107 182 156 0
538 259 156 0
555 292 156 0
144 287 156 0
31 81 156 0
2 U2
323 0 364 279
323 0 506 305
22 U2
323 0 57 348
323 0 13 164
323 0 482 222
323 0 356 305
323 0 594 162
323 0 534 190
323 0 327 254
323 0 270 347
323 0 223 92
323 0 294 69
323 0 219 350
323 0 240 237
323 0 532 347
323 0 26 89
323 0 153 181
323 0 144 288
323 0 220 272
323 0 235 294
323 0 314 323
323 0 497 117
323 0 107 275
323 0 216 349
2 U4
195 0 515 333
195 0 485 63
22 U4
195 0 207 118
195 0 364 235
195 0 573 190
195 0 441 247
195 0 551 293
195 0 87 158
195 0 12 86
195 0 115 270
195 0 481 82
195 0 159 243
195 0 557 108
195 0 179 180
195 0 423 330
195 0 358 238
195 0 436 164
195 0 354 231
195 0 95 177
195 0 385 175
195 0 542 264
195 0 93 165
195 0 121 152
195 0 142 270
11
70 122 111 294
506 88 398 238
284 109 468 107
372 118 580 94
268 217 36 243
435 67 21 336
231 323 314 349
192 284 39 113
218 215 344 267
416 110 401 78
471 116 457 102
