3
4
L1 598 0
U2 142 0
L3 234 0
U4 245 0
12
152 192
42 240
584 257
356 300
362 31
574 5
254 256
12 20
85 94
299 48
401 319
507 2
1 L1
10 L1
541 170 598 0
589 68 598 0
80 217 598 0
500 226 598 0
395 99 598 0
319 162 598 0
138 280 598 0
1 342 598 0
250 316 598 0
362 113 598 0
1 L3
10 L3
489 296 234 0
416 103 234 0
386 149 234 0
279 52 234 0
385 259 234 0
53 60 234 0
261 90 234 0
313 319 234 0
197 216 234 0
50 179 234 0
1 U2
142 0 576 215
10 U2
142 0 557 98
142 0 432 160
142 0 480 72
142 0 29 70
142 0 95 157
142 0 70 138
142 0 340 89
142 0 3 334
142 0 385 178
142 0 412 109
1 U4
245 0 141 254
10 U4
245 0 177 56
245 0 130 62
245 0 570 348
245 0 442 173
245 0 544 118
245 0 495 349
245 0 540 302
245 0 557 235
245 0 513 101
245 0 549 285
4
541 170 225 129
489 296 329 343
589 68 563 264
416 103 577 205
