3
6
L1 22 0
U2 597 0
L3 301 0
U4 420 0
L5 425 0
U6 180 0
30
348 155
593 264
152 22
87 176
219 269
431 148
194 96
236 265
584 19
498 212
254 215
262 284
388 260
306 264
549 123
133 41
426 303
36 248
553 84
584 231
225 216
153 217
499 344
444 108
304 193
223 296
479 163
316 184
441 140
154 304
1 L1
10 L1
132 187 22 0
511 308 22 0
107 152 22 0
260 341 22 0
473 304 22 0
503 219 22 0
14 178 22 0
389 72 22 0
407 152 22 0
377 72 22 0
1 L3
10 L3
367 308 301 0
38 315 301 0
167 145 301 0
487 170 301 0
35 164 301 0
100 185 301 0
512 59 301 0
91 291 301 0
50 70 301 0
4 259 301 0
1 L5
10 L5
325 291 425 0
390 53 425 0
51 214 425 0
473 322 425 0
590 261 425 0
90 229 425 0
546 83 425 0
317 55 425 0
417 85 425 0
13 183 425 0
1 U2
597 0 82 207
10 U2
597 0 571 127
597 0 158 239
597 0 54 296
597 0 231 301
597 0 467 339
597 0 400 71
597 0 547 123
597 0 21 74
597 0 451 114
597 0 541 118
1 U4
420 0 364 50
10 U4
420 0 316 235
420 0 477 342
420 0 478 262
420 0 41 200
420 0 203 136
420 0 501 165
420 0 135 317
420 0 428 129
420 0 177 211
420 0 522 232
1 U6
180 0 511 267
10 U6
180 0 494 115
180 0 498 327
180 0 224 59
180 0 138 94
180 0 356 151
180 0 385 143
180 0 209 152
180 0 345 206
180 0 153 337
180 0 119 228
9
132 187 352 266
367 308 142 276
325 291 275 212
511 308 481 95
38 315 213 303
390 53 589 343
107 152 592 171
167 145 109 196
51 214 39 181
