4
5
L1 469 0
U2 400 0
L3 45 0
U4 311 0
L5 300 0
25
44 271
105 260
111 207
551 341
358 15
369 108
75 336
283 182
518 128
418 254
466 127
241 256
73 168
494 335
360 237
416 289
589 70
468 243
582 90
2 153
434 137
98 323
322 85
353 348
1 51
2 L1
18 L1
594 324 469 0
424 147 469 0
523 283 469 0
511 223 469 0
381 227 469 0
493 142 469 0
197 80 469 0
241 118 469 0
421 258 469 0
323 334 469 0
236 283 469 0
302 100 469 0
146 227 469 0
588 183 469 0
544 182 469 0
336 239 469 0
142 195 469 0
369 201 469 0
2 L3
18 L3
367 339 45 0
551 317 45 0
369 160 45 0
172 236 45 0
301 52 45 0
415 148 45 0
150 273 45 0
417 261 45 0
201 163 45 0
265 69 45 0
285 274 45 0
557 147 45 0
245 195 45 0
160 206 45 0
420 180 45 0
196 86 45 0
69 248 45 0
371 252 45 0
2 L5
18 L5
182 109 300 0
545 329 300 0
344 335 300 0
468 309 300 0
368 244 300 0
370 66 300 0
54 83 300 0
505 149 300 0
158 328 300 0
556 275 300 0
78 184 300 0
437 267 300 0
140 142 300 0
412 253 300 0
74 146 300 0
370 231 300 0
18 208 300 0
66 297 300 0
2 U2
400 0 454 59
400 0 457 79
18 U2
400 0 36 194
400 0 452 217
400 0 423 167
400 0 515 225
400 0 424 327
400 0 452 208
400 0 223 93
400 0 202 198
400 0 48 287
400 0 249 116
400 0 211 71
400 0 107 320
400 0 144 271
400 0 501 260
400 0 575 116
400 0 440 224
400 0 336 183
400 0 433 307
2 U4
311 0 468 280
311 0 224 120
18 U4
311 0 505 230
311 0 483 214
311 0 120 242
311 0 221 233
311 0 569 326
311 0 27 254
311 0 497 58
311 0 384 192
311 0 76 98
311 0 425 55
311 0 261 90
311 0 5 221
311 0 420 156
311 0 295 153
311 0 70 236
311 0 422 141
311 0 539 65
311 0 462 301
9
594 324 592 343
367 339 436 51
182 109 400 181
424 147 210 119
551 317 399 112
545 329 87 50
523 283 437 63
369 160 463 238
344 335 344 224
