5
3
L1 153 0
U2 219 0
L3 233 0
12
425 323
250 256
117 0
108 170
515 338
212 115
92 285
440 203
257 239
487 288
0 127
482 150
2 L1
18 L1
313 209 153 0
203 133 153 0
8 306 153 0
326 306 153 0
257 126 153 0
470 236 153 0
368 310 153 0
163 348 153 0
160 104 153 0
228 222 153 0
0 271 153 0
333 220 153 0
188 348 153 0
374 150 153 0
197 324 153 0
361 177 153 0
157 173 153 0
521 125 153 0
2 L3
18 L3
243 139 233 0
156 235 233 0
551 79 233 0
46 139 233 0
494 350 233 0
487 63 233 0
542 317 233 0
452 249 233 0
25 295 233 0
592 128 233 0
217 101 233 0
566 160 233 0
139 235 233 0
400 95 233 0
541 124 233 0
158 80 233 0
484 270 233 0
308 215 233 0
2 U2
219 0 27 111
219 0 537 143
18 U2
219 0 141 241
219 0 377 280
219 0 525 199
219 0 359 138
219 0 511 197
219 0 134 225
219 0 27 252
219 0 37 183
219 0 133 153
219 0 148 52
219 0 526 348
219 0 370 270
219 0 228 341
219 0 382 256
219 0 297 201
219 0 13 55
219 0 74 308
219 0 268 175
3
313 209 91 72
243 139 126 231
203 133 412 211
