5
4
L1 466 0
U2 557 0
L3 110 0
U4 53 0
20
215 334
497 7
385 149
464 153
28 278
349 332
484 306
126 224
100 259
398 64
159 287
512 175
214 279
29 339
232 60
538 44
496 286
560 346
171 165
304 23
2 L1
18 L1
390 301 466 0
589 296 466 0
200 302 466 0
245 302 466 0
560 250 466 0
490 299 466 0
173 73 466 0
363 156 466 0
422 156 466 0
465 54 466 0
179 68 466 0
172 168 466 0
48 113 466 0
200 187 466 0
462 90 466 0
596 318 466 0
194 83 466 0
490 288 466 0
2 L3
18 L3
370 141 110 0
74 132 110 0
326 169 110 0
109 142 110 0
84 270 110 0
524 86 110 0
555 110 110 0
273 133 110 0
572 184 110 0
232 154 110 0
577 170 110 0
170 273 110 0
166 140 110 0
414 146 110 0
474 102 110 0
328 229 110 0
73 250 110 0
340 231 110 0
2 U2
557 0 236 293
557 0 208 156
18 U2
557 0 476 132
557 0 316 146
557 0 47 53
557 0 105 152
557 0 197 52
557 0 323 179
557 0 10 202
557 0 557 211
557 0 400 125
557 0 442 76
557 0 258 83
557 0 129 232
557 0 463 177
557 0 83 229
557 0 258 50
557 0 29 73
557 0 561 141
557 0 561 157
2 U4
53 0 233 292
53 0 290 56
18 U4
53 0 382 259
53 0 590 330
53 0 120 252
53 0 23 60
53 0 535 191
53 0 576 146
53 0 48 91
53 0 562 103
53 0 414 168
53 0 581 58
53 0 325 58
53 0 372 308
53 0 463 109
53 0 204 78
53 0 266 101
53 0 20 88
53 0 319 157
53 0 39 330
11
390 301 529 257
370 141 485 248
589 296 308 291
74 132 101 200
200 302 156 210
326 169 419 219
245 302 448 195
109 142 465 145
560 250 350 133
84 270 520 76
490 299 174 230
