3
6
L1 398 0
U2 397 0
L3 599 0
U4 597 0
L5 2 0
U6 160 0
18
436 241
508 184
362 130
32 273
523 52
116 12
301 341
594 6
444 324
146 155
402 278
173 32
413 260
181 275
22 321
573 184
201 124
111 91
1 L1
22 L1
218 325 398 0
287 273 398 0
28 80 398 0
517 187 398 0
530 203 398 0
581 279 398 0
274 100 398 0
524 336 398 0
353 73 398 0
148 235 398 0
129 251 398 0
379 151 398 0
337 302 398 0
230 102 398 0
460 96 398 0
589 180 398 0
179 110 398 0
172 61 398 0
168 120 398 0
376 50 398 0
30 81 398 0
188 349 398 0
1 L3
22 L3
255 230 599 0
103 194 599 0
113 265 599 0
121 205 599 0
341 326 599 0
288 313 599 0
124 277 599 0
268 217 599 0
415 109 599 0
81 171 599 0
174 177 599 0
136 292 599 0
431 189 599 0
213 328 599 0
177 124 599 0
381 79 599 0
160 149 599 0
123 331 599 0
88 348 599 0
535 182 599 0
387 123 599 0
491 237 599 0
1 L5
22 L5
582 290 2 0
341 184 2 0
137 282 2 0
475 226 2 0
49 125 2 0
209 99 2 0
364 131 2 0
361 253 2 0
416 157 2 0
315 126 2 0
544 198 2 0
276 68 2 0
314 321 2 0
58 84 2 0
345 167 2 0
347 142 2 0
200 61 2 0
182 67 2 0
267 85 2 0
432 90 2 0
480 219 2 0
392 82 2 0
1 U2
397 0 380 106
22 U2
397 0 408 153
397 0 586 135
397 0 230 137
397 0 163 199
397 0 184 332
397 0 50 197
397 0 393 305
397 0 302 162
397 0 131 340
397 0 523 161
397 0 441 159
397 0 538 56
397 0 263 350
397 0 131 295
397 0 542 124
397 0 364 219
397 0 224 344
397 0 525 113
397 0 125 306
397 0 387 237
397 0 240 115
397 0 96 157
1 U4
597 0 63 260
22 U4
597 0 466 73
597 0 342 197
597 0 211 296
597 0 264 167
597 0 4 345
597 0 281 238
597 0 452 132
597 0 426 230
597 0 7 109
597 0 528 158
597 0 322 159
597 0 435 198
597 0 41 146
597 0 78 315
597 0 239 135
597 0 162 285
597 0 414 87
597 0 341 217
597 0 14 69
597 0 28 244
597 0 529 232
597 0 548 114
1 U6
160 0 144 53
22 U6
160 0 2 318
160 0 160 245
160 0 567 332
160 0 338 52
160 0 562 328
160 0 128 313
160 0 67 98
160 0 528 210
160 0 349 284
160 0 218 328
160 0 152 72
160 0 342 69
160 0 561 159
160 0 129 235
160 0 347 107
160 0 567 326
160 0 555 255
160 0 85 250
160 0 582 100
160 0 544 160
160 0 247 207
160 0 444 327
7
218 325 129 342
255 230 197 300
582 290 309 64
287 273 422 333
103 194 236 179
341 184 245 198
28 80 285 146
