4
3
L1 419 0
U2 390 0
L3 345 0
15
69 225
213 23
169 315
103 1
21 111
147 203
293 94
365 268
508 207
200 77
61 212
21 251
333 195
7 339
415 214
2 L1
18 L1
15 223 419 0
26 179 419 0
530 82 419 0
356 51 419 0
523 177 419 0
78 181 419 0
409 346 419 0
341 223 419 0
543 95 419 0
538 185 419 0
581 212 419 0
282 135 419 0
423 225 419 0
127 90 419 0
533 223 419 0
587 350 419 0
138 181 419 0
183 235 419 0
2 L3
18 L3
348 99 345 0
35 72 345 0
457 162 345 0
68 344 345 0
469 303 345 0
146 76 345 0
414 223 345 0
527 202 345 0
341 317 345 0
145 109 345 0
117 111 345 0
508 253 345 0
502 154 345 0
563 294 345 0
285 226 345 0
421 90 345 0
427 267 345 0
63 63 345 0
2 U2
390 0 94 231
390 0 461 231
18 U2
390 0 550 287
390 0 598 87
390 0 112 218
390 0 115 263
390 0 473 306
390 0 558 178
390 0 221 308
390 0 585 100
390 0 67 290
390 0 438 189
390 0 522 186
390 0 553 200
390 0 61 168
390 0 165 91
390 0 110 86
390 0 431 253
390 0 260 102
390 0 590 298
3
15 223 132 344
348 99 284 328
26 179 131 74
