4
6
L1 160 0
U2 464 0
L3 518 0
U4 277 0
L5 571 0
U6 600 0
24
334 159
353 181
430 152
262 14
545 68
97 311
402 323
218 150
64 314
436 297
270 97
476 32
332 334
383 203
421 191
436 59
190 42
178 346
68 37
521 286
301 29
103 305
157 158
466 337
2 L1
14 L1
407 140 160 0
126 241 160 0
147 310 160 0
319 303 160 0
268 296 160 0
566 166 160 0
54 143 160 0
193 123 160 0
315 83 160 0
516 177 160 0
433 267 160 0
521 349 160 0
342 180 160 0
165 194 160 0
2 L3
14 L3
322 329 518 0
598 120 518 0
236 345 518 0
160 64 518 0
435 261 518 0
595 268 518 0
76 155 518 0
156 339 518 0
409 201 518 0
424 186 518 0
499 231 518 0
390 219 518 0
455 178 518 0
458 296 518 0
2 L5
14 L5
395 162 571 0
416 162 571 0
42 115 571 0
77 149 571 0
206 277 571 0
569 149 571 0
382 121 571 0
197 129 571 0
493 331 571 0
32 196 571 0
167 152 571 0
212 106 571 0
192 306 571 0
206 277 571 0
2 U2
464 0 424 244
464 0 590 175
14 U2
464 0 119 140
464 0 460 346
464 0 267 54
464 0 275 332
464 0 426 220
464 0 581 330
464 0 447 328
464 0 16 219
464 0 284 268
464 0 546 196
464 0 407 218
464 0 57 127
464 0 269 164
464 0 412 136
2 U4
277 0 107 272
277 0 320 192
14 U4
277 0 304 122
277 0 355 319
277 0 350 225
277 0 264 103
277 0 282 96
277 0 120 288
277 0 72 182
277 0 185 344
277 0 480 209
277 0 497 324
277 0 336 240
277 0 443 239
277 0 488 84
277 0 260 182
2 U6
600 0 201 311
600 0 262 276
14 U6
600 0 379 156
600 0 459 215
600 0 504 223
600 0 0 197
600 0 200 110
600 0 313 128
600 0 537 63
600 0 378 314
600 0 449 184
600 0 196 181
600 0 76 311
600 0 109 72
600 0 59 313
600 0 455 94
5
407 140 462 154
322 329 400 75
395 162 274 262
126 241 329 92
598 120 550 153
