4
5
L1 524 0
U2 108 0
L3 138 0
U4 59 0
L5 230 0
25
209 310
363 277
428 219
19 51
157 323
86 314
251 280
341 101
54 277
46 140
322 202
320 200
201 103
451 183
516 55
448 168
566 334
20 209
272 70
413 326
33 60
564 283
544 162
230 63
163 40
2 L1
14 L1
480 205 524 0
219 152 524 0
479 52 524 0
98 248 524 0
479 174 524 0
149 147 524 0
28 324 524 0
151 69 524 0
67 205 524 0
422 292 524 0
328 225 524 0
155 61 524 0
452 62 524 0
325 263 524 0
2 L3
14 L3
599 126 138 0
321 124 138 0
509 149 138 0
140 253 138 0
61 173 138 0
421 103 138 0
367 315 138 0
161 194 138 0
333 211 138 0
111 264 138 0
392 291 138 0
563 241 138 0
103 189 138 0
66 71 138 0
2 L5
14 L5
528 172 230 0
423 350 230 0
44 66 230 0
127 136 230 0
171 164 230 0
239 184 230 0
541 147 230 0
479 63 230 0
352 153 230 0
248 299 230 0
128 112 230 0
547 266 230 0
260 314 230 0
333 179 230 0
2 U2
108 0 140 108
108 0 387 81
14 U2
108 0 199 130
108 0 365 302
108 0 106 347
108 0 28 274
108 0 297 301
108 0 156 209
108 0 240 269
108 0 80 206
108 0 40 73
108 0 188 121
108 0 335 160
108 0 38 76
108 0 207 151
108 0 464 66
2 U4
59 0 370 87
59 0 114 310
14 U4
59 0 35 120
59 0 375 189
59 0 460 89
59 0 45 90
59 0 574 270
59 0 411 71
59 0 148 53
59 0 592 141
59 0 401 210
59 0 74 132
59 0 177 131
59 0 369 272
59 0 110 153
59 0 536 173
11
480 205 282 286
599 126 392 233
528 172 254 98
219 152 52 205
321 124 595 126
423 350 594 318
479 52 265 217
509 149 440 280
44 66 358 259
98 248 487 266
140 253 47 279
