5
4
L1 532 0
U2 356 0
L3 226 0
U4 379 0
16
244 270
382 262
497 128
15 27
588 105
456 16
90 111
511 250
37 40
329 152
129 343
364 279
405 158
312 90
388 136
498 49
2 L1
10 L1
323 89 532 0
88 341 532 0
445 145 532 0
149 349 532 0
512 340 532 0
403 184 532 0
29 67 532 0
569 346 532 0
456 134 532 0
410 251 532 0
2 L3
10 L3
434 267 226 0
162 245 226 0
219 205 226 0
568 229 226 0
479 201 226 0
594 272 226 0
415 139 226 0
253 115 226 0
212 212 226 0
93 228 226 0
2 U2
356 0 401 72
356 0 195 313
10 U2
356 0 547 122
356 0 534 294
356 0 302 332
356 0 4 208
356 0 94 335
356 0 575 123
356 0 492 339
356 0 486 98
356 0 9 284
356 0 519 204
2 U4
379 0 62 279
379 0 331 197
10 U4
379 0 588 182
379 0 160 298
379 0 72 320
379 0 301 250
379 0 441 178
379 0 192 211
379 0 393 314
379 0 524 55
379 0 166 184
379 0 59 112
6
323 89 241 113
434 267 37 110
88 341 365 64
162 245 200 139
445 145 556 180
219 205 234 99
