3
5
L1 414 0
U2 364 0
L3 524 0
U4 397 0
L5 323 0
15
134 310
126 216
590 344
422 92
332 192
599 205
38 235
470 178
577 289
556 105
59 110
118 340
341 219
381 21
351 31
1 L1
10 L1
599 320 414 0
412 186 414 0
107 250 414 0
557 264 414 0
39 175 414 0
273 159 414 0
119 109 414 0
435 135 414 0
438 58 414 0
221 240 414 0
1 L3
10 L3
280 85 524 0
18 91 524 0
599 132 524 0
527 155 524 0
542 270 524 0
510 151 524 0
369 254 524 0
348 325 524 0
329 319 524 0
70 320 524 0
1 L5
10 L5
598 120 323 0
9 244 323 0
204 304 323 0
191 154 323 0
246 178 323 0
307 168 323 0
325 136 323 0
249 165 323 0
139 166 323 0
294 304 323 0
1 U2
364 0 471 225
10 U2
364 0 43 294
364 0 263 91
364 0 333 133
364 0 279 161
364 0 283 153
364 0 495 58
364 0 330 163
364 0 17 124
364 0 316 111
364 0 34 187
1 U4
397 0 258 302
10 U4
397 0 499 119
397 0 571 219
397 0 468 206
397 0 262 126
397 0 237 136
397 0 163 132
397 0 300 228
397 0 312 315
397 0 574 269
397 0 129 145
8
599 320 2 248
280 85 300 103
598 120 477 117
412 186 394 241
18 91 479 182
9 244 475 270
107 250 597 168
599 132 432 57
