4
3
L1 34 0
U2 495 0
L3 473 0
15
429 261
141 156
453 327
208 230
281 45
174 101
499 160
319 165
149 345
212 209
107 7
495 25
512 40
232 100
493 5
2 L1
10 L1
509 119 34 0
223 158 34 0
560 123 34 0
229 228 34 0
90 94 34 0
15 302 34 0
558 73 34 0
253 258 34 0
266 150 34 0
48 102 34 0
2 L3
10 L3
197 82 473 0
78 92 473 0
288 193 473 0
305 331 473 0
554 246 473 0
233 113 473 0
425 243 473 0
304 234 473 0
469 67 473 0
151 280 473 0
2 U2
495 0 158 100
495 0 40 325
10 U2
495 0 83 330
495 0 142 254
495 0 540 326
495 0 262 313
495 0 63 227
495 0 320 99
495 0 224 175
495 0 196 236
495 0 155 290
495 0 91 261
3
509 119 312 223
197 82 567 255
223 158 528 303
