5
4
L1 183 0
U2 289 0
L3 134 0
U4 299 0
12
120 260
537 5
400 52
123 347
66 10
71 212
303 281
475 132
408 36
170 114
380 309
137 125
2 L1
18 L1
458 326 183 0
480 301 183 0
398 68 183 0
450 59 183 0
496 231 183 0
277 278 183 0
595 85 183 0
156 326 183 0
236 113 183 0
89 115 183 0
304 287 183 0
126 171 183 0
15 246 183 0
536 57 183 0
359 234 183 0
249 171 183 0
307 135 183 0
29 83 183 0
2 L3
18 L3
114 77 134 0
1 257 134 0
359 171 134 0
115 143 134 0
24 115 134 0
516 59 134 0
113 110 134 0
106 58 134 0
510 65 134 0
243 303 134 0
386 209 134 0
516 83 134 0
314 69 134 0
230 236 134 0
303 211 134 0
188 284 134 0
97 229 134 0
213 192 134 0
2 U2
289 0 252 229
289 0 509 141
18 U2
289 0 591 181
289 0 221 111
289 0 187 53
289 0 8 149
289 0 58 190
289 0 383 177
289 0 353 159
289 0 281 121
289 0 79 246
289 0 162 296
289 0 520 103
289 0 43 121
289 0 173 346
289 0 375 168
289 0 182 62
289 0 195 90
289 0 570 198
289 0 70 89
2 U4
299 0 257 322
299 0 92 290
18 U4
299 0 493 277
299 0 109 346
299 0 61 283
299 0 488 154
299 0 291 253
299 0 481 64
299 0 117 318
299 0 543 298
299 0 322 308
299 0 263 67
299 0 47 173
299 0 74 252
299 0 544 51
299 0 267 183
299 0 456 266
299 0 57 145
299 0 507 239
299 0 354 144
8
458 326 438 141
114 77 449 255
480 301 314 273
1 257 5 279
398 68 253 178
359 171 508 315
450 59 120 51
115 143 383 239
