5
6
L1 122 0
U2 358 0
L3 156 0
U4 310 0
L5 581 0
U6 19 0
18
8 28
550 213
540 169
263 281
33 289
455 278
233 251
103 215
93 57
68 317
382 306
414 192
428 309
355 301
391 1
342 280
41 124
309 172
2 L1
10 L1
294 66 122 0
552 270 122 0
139 283 122 0
479 324 122 0
38 179 122 0
166 311 122 0
432 67 122 0
139 170 122 0
19 71 122 0
157 332 122 0
2 L3
10 L3
295 105 156 0
516 331 156 0
99 349 156 0
531 57 156 0
296 77 156 0
248 132 156 0
377 249 156 0
103 287 156 0
337 51 156 0
285 134 156 0
2 L5
10 L5
509 127 581 0
332 292 581 0
378 299 581 0
596 208 581 0
24 152 581 0
72 187 581 0
56 158 581 0
170 249 581 0
513 230 581 0
66 101 581 0
2 U2
358 0 571 320
358 0 578 252
10 U2
358 0 255 141
358 0 104 131
358 0 345 122
358 0 201 154
358 0 1 110
358 0 218 260
358 0 474 237
358 0 282 219
358 0 473 312
358 0 135 237
2 U4
310 0 510 65
310 0 497 79
10 U4
310 0 87 326
310 0 433 197
310 0 408 205
310 0 106 225
310 0 66 177
310 0 529 238
310 0 259 128
310 0 563 185
310 0 249 173
310 0 423 248
2 U6
19 0 180 239
19 0 59 196
10 U6
19 0 408 214
19 0 97 255
19 0 49 58
19 0 33 277
19 0 276 224
19 0 109 122
19 0 216 316
19 0 206 289
19 0 178 57
19 0 528 206
6
294 66 71 316
295 105 140 139
509 127 18 155
552 270 35 80
516 331 136 331
332 292 310 156
