3
4
L1 119 0
U2 340 0
L3 319 0
U4 81 0
20
44 314
80 291
142 86
192 220
587 66
31 257
343 119
200 53
266 42
381 42
249 62
254 174
476 347
152 67
461 42
448 273
34 282
581 285
157 92
461 60
1 L1
14 L1
59 105 119 0
262 98 119 0
55 137 119 0
14 181 119 0
426 90 119 0
63 331 119 0
232 345 119 0
75 62 119 0
72 305 119 0
532 190 119 0
410 325 119 0
466 57 119 0
126 294 119 0
272 158 119 0
1 L3
14 L3
251 74 319 0
8 320 319 0
319 267 319 0
136 328 319 0
556 295 319 0
277 346 319 0
348 139 319 0
100 175 319 0
116 191 319 0
265 128 319 0
524 102 319 0
596 138 319 0
291 265 319 0
222 264 319 0
1 U2
340 0 51 77
14 U2
340 0 456 312
340 0 521 196
340 0 162 272
340 0 158 302
340 0 263 179
340 0 93 315
340 0 163 316
340 0 13 124
340 0 411 332
340 0 498 151
340 0 318 298
340 0 254 153
340 0 493 187
340 0 583 92
1 U4
81 0 408 192
14 U4
81 0 510 301
81 0 54 303
81 0 553 210
81 0 328 237
81 0 293 234
81 0 508 102
81 0 165 330
81 0 315 51
81 0 294 175
81 0 207 187
81 0 528 325
81 0 248 81
81 0 252 237
81 0 169 270
9
59 105 55 311
251 74 596 306
262 98 469 170
8 320 503 229
55 137 126 211
319 267 97 110
14 181 166 174
136 328 282 263
426 90 366 238
