5
4
L1 150 0
U2 478 0
L3 101 0
U4 89 0
20
80 56
189 304
159 207
581 255
279 343
594 243
443 49
128 134
328 168
546 143
336 145
166 137
429 138
58 284
559 85
186 14
419 274
196 63
72 315
448 2
2 L1
22 L1
343 81 150 0
221 255 150 0
167 312 150 0
581 329 150 0
195 160 150 0
420 236 150 0
309 187 150 0
527 279 150 0
441 335 150 0
552 229 150 0
579 166 150 0
540 280 150 0
36 209 150 0
269 301 150 0
373 57 150 0
146 64 150 0
334 243 150 0
94 133 150 0
349 260 150 0
184 317 150 0
112 191 150 0
528 109 150 0
2 L3
22 L3
197 137 101 0
216 348 101 0
246 231 101 0
500 189 101 0
238 218 101 0
581 204 101 0
245 186 101 0
286 250 101 0
202 264 101 0
594 215 101 0
452 164 101 0
393 94 101 0
76 220 101 0
491 302 101 0
137 181 101 0
65 323 101 0
124 268 101 0
195 118 101 0
419 312 101 0
161 79 101 0
13 299 101 0
499 134 101 0
2 U2
478 0 508 266
478 0 393 269
22 U2
478 0 571 68
478 0 427 143
478 0 441 266
478 0 583 286
478 0 225 166
478 0 475 67
478 0 206 65
478 0 400 130
478 0 421 205
478 0 422 276
478 0 171 277
478 0 563 206
478 0 178 239
478 0 513 291
478 0 433 206
478 0 207 274
478 0 138 129
478 0 484 223
478 0 533 325
478 0 431 327
478 0 355 308
478 0 451 96
2 U4
89 0 501 350
89 0 243 193
22 U4
89 0 546 131
89 0 243 244
89 0 280 335
89 0 550 243
89 0 157 322
89 0 482 332
89 0 450 197
89 0 259 327
89 0 583 320
89 0 447 269
89 0 31 305
89 0 401 329
89 0 58 64
89 0 160 164
89 0 390 243
89 0 255 349
89 0 30 131
89 0 343 125
89 0 536 235
89 0 244 82
89 0 239 195
89 0 377 125
9
343 81 282 62
197 137 448 122
221 255 16 120
216 348 273 137
167 312 308 129
246 231 228 155
581 329 434 55
500 189 436 311
195 160 498 97
