5
5
L1 214 0
U2 42 0
L3 318 0
U4 372 0
L5 492 0
15
505 9
374 63
121 89
525 39
407 249
520 344
194 54
221 311
470 237
181 80
231 340
147 327
492 171
375 154
190 35
2 L1
14 L1
528 204 214 0
583 292 214 0
406 323 214 0
103 282 214 0
211 151 214 0
463 138 214 0
58 350 214 0
489 58 214 0
81 340 214 0
214 65 214 0
151 344 214 0
299 52 214 0
495 338 214 0
242 137 214 0
2 L3
14 L3
366 169 318 0
529 250 318 0
583 175 318 0
131 254 318 0
355 349 318 0
245 273 318 0
550 332 318 0
472 63 318 0
201 63 318 0
7 102 318 0
99 146 318 0
412 337 318 0
434 314 318 0
451 265 318 0
2 L5
14 L5
54 173 492 0
454 342 492 0
204 133 492 0
139 57 492 0
28 123 492 0
405 301 492 0
526 136 492 0
395 206 492 0
75 190 492 0
241 139 492 0
119 62 492 0
389 93 492 0
281 268 492 0
74 89 492 0
2 U2
42 0 132 218
42 0 331 324
14 U2
42 0 461 183
42 0 493 221
42 0 355 308
42 0 253 128
42 0 523 234
42 0 107 96
42 0 329 299
42 0 548 138
42 0 426 117
42 0 265 152
42 0 19 234
42 0 522 340
42 0 576 82
42 0 212 282
2 U4
372 0 1 302
372 0 391 185
14 U4
372 0 191 155
372 0 433 63
372 0 132 273
372 0 419 140
372 0 178 79
372 0 256 253
372 0 150 340
372 0 447 126
372 0 109 209
372 0 180 178
372 0 424 110
372 0 56 179
372 0 173 307
372 0 229 272
4
528 204 597 298
366 169 3 129
54 173 379 92
583 292 246 78
