4
6
L1 223 0
U2 582 0
L3 487 0
U4 145 0
L5 500 0
U6 72 0
30
137 134
58 239
271 139
308 4
469 339
174 60
180 310
564 347
427 222
108 296
332 9
363 235
83 241
570 277
30 338
335 225
413 340
185 161
39 204
540 237
390 277
452 167
95 107
314 23
183 291
197 4
103 119
187 3
566 132
309 177
2 L1
10 L1
529 187 223 0
596 186 223 0
528 109 223 0
280 83 223 0
474 266 223 0
197 201 223 0
165 311 223 0
62 325 223 0
8 88 223 0
83 54 223 0
2 L3
10 L3
464 331 487 0
504 109 487 0
378 129 487 0
424 150 487 0
569 282 487 0
511 237 487 0
142 329 487 0
373 123 487 0
117 199 487 0
552 254 487 0
2 L5
10 L5
401 240 500 0
497 288 500 0
80 282 500 0
558 115 500 0
424 279 500 0
410 57 500 0
579 166 500 0
88 91 500 0
156 219 500 0
164 135 500 0
2 U2
582 0 372 216
582 0 406 274
10 U2
582 0 155 324
582 0 260 343
582 0 443 332
582 0 457 344
582 0 80 338
582 0 523 313
582 0 207 86
582 0 503 317
582 0 584 309
582 0 508 323
2 U4
145 0 60 275
145 0 269 166
10 U4
145 0 0 329
145 0 539 202
145 0 161 141
145 0 75 262
145 0 394 261
145 0 440 117
145 0 393 270
145 0 386 107
145 0 349 302
145 0 282 213
2 U6
72 0 566 52
72 0 521 298
10 U6
72 0 549 250
72 0 244 271
72 0 483 330
72 0 457 325
72 0 67 283
72 0 55 84
72 0 461 243
72 0 442 333
72 0 272 53
72 0 24 173
6
529 187 377 185
464 331 369 317
401 240 459 125
596 186 436 203
504 109 152 114
497 288 403 121
