4
5
L1 197 0
U2 101 0
L3 208 0
U4 437 0
L5 282 0
20
157 129
271 304
226 297
123 234
493 310
547 101
520 10
351 229
357 230
384 231
169 299
478 264
111 235
549 270
527 300
75 283
572 271
574 85
573 201
508 230
2 L1
18 L1
401 119 197 0
139 303 197 0
158 127 197 0
214 275 197 0
318 265 197 0
276 159 197 0
364 227 197 0
1 307 197 0
271 102 197 0
364 273 197 0
184 310 197 0
380 77 197 0
553 232 197 0
220 320 197 0
295 102 197 0
174 161 197 0
476 340 197 0
115 313 197 0
2 L3
18 L3
478 279 208 0
53 203 208 0
89 217 208 0
593 196 208 0
380 212 208 0
167 118 208 0
464 329 208 0
416 150 208 0
199 165 208 0
376 146 208 0
210 132 208 0
242 231 208 0
96 349 208 0
399 208 208 0
145 240 208 0
555 218 208 0
504 233 208 0
216 82 208 0
2 L5
18 L5
563 84 282 0
434 194 282 0
432 326 282 0
254 159 282 0
136 113 282 0
316 346 282 0
221 173 282 0
168 263 282 0
552 136 282 0
464 60 282 0
271 217 282 0
72 184 282 0
62 109 282 0
389 190 282 0
564 251 282 0
409 287 282 0
195 193 282 0
307 341 282 0
2 U2
101 0 234 153
101 0 137 156
18 U2
101 0 355 289
101 0 324 207
101 0 472 83
101 0 242 319
101 0 482 315
101 0 2 79
101 0 482 343
101 0 534 107
101 0 20 63
101 0 224 171
101 0 76 181
101 0 538 177
101 0 165 223
101 0 428 280
101 0 489 76
101 0 597 336
101 0 569 205
101 0 98 63
2 U4
437 0 186 334
437 0 83 60
18 U4
437 0 98 191
437 0 32 279
437 0 583 150
437 0 212 159
437 0 203 272
437 0 242 217
437 0 486 271
437 0 261 348
437 0 87 143
437 0 428 285
437 0 188 339
437 0 540 255
437 0 340 151
437 0 268 88
437 0 297 180
437 0 595 242
437 0 551 152
437 0 265 185
9
401 119 149 329
478 279 572 57
563 84 568 136
139 303 547 223
53 203 478 150
434 194 224 277
158 127 464 241
89 217 178 78
432 326 299 220
