5
3
L1 15 0
U2 184 0
L3 599 0
15
340 281
237 212
66 121
340 42
74 253
507 123
586 267
382 237
57 76
31 190
529 204
525 84
222 95
477 139
261 155
2 L1
22 L1
110 309 15 0
55 119 15 0
16 169 15 0
302 101 15 0
561 77 15 0
4 171 15 0
415 289 15 0
117 292 15 0
301 136 15 0
394 125 15 0
323 198 15 0
4 300 15 0
541 254 15 0
457 102 15 0
449 303 15 0
528 295 15 0
489 100 15 0
136 267 15 0
366 168 15 0
371 118 15 0
34 159 15 0
449 273 15 0
2 L3
22 L3
584 235 599 0
179 234 599 0
565 215 599 0
187 58 599 0
63 56 599 0
319 63 599 0
321 300 599 0
22 96 599 0
572 77 599 0
514 211 599 0
34 349 599 0
260 249 599 0
578 68 599 0
377 228 599 0
429 216 599 0
199 76 599 0
586 64 599 0
288 78 599 0
335 152 599 0
483 263 599 0
184 180 599 0
292 306 599 0
2 U2
184 0 474 111
184 0 237 160
22 U2
184 0 592 207
184 0 247 223
184 0 214 216
184 0 108 275
184 0 23 270
184 0 275 110
184 0 590 199
184 0 104 212
184 0 178 68
184 0 19 91
184 0 262 178
184 0 82 193
184 0 444 341
184 0 19 171
184 0 596 184
184 0 14 246
184 0 214 256
184 0 168 321
184 0 256 54
184 0 478 147
184 0 85 268
184 0 232 102
4
110 309 435 317
584 235 437 337
55 119 244 120
179 234 416 245
