4
5
L1 328 0
U2 291 0
L3 86 0
U4 383 0
L5 131 0
20
269 302
374 116
1 250
574 222
192 5
228 70
245 236
109 32
523 85
506 254
7 159
345 68
525 300
567 34
86 19
421 13
196 176
119 5
56 91
86 81
2 L1
18 L1
284 251 328 0
150 243 328 0
480 136 328 0
118 203 328 0
0 285 328 0
361 144 328 0
578 240 328 0
130 220 328 0
444 116 328 0
27 134 328 0
251 139 328 0
483 214 328 0
215 188 328 0
271 173 328 0
341 177 328 0
307 112 328 0
325 294 328 0
20 309 328 0
2 L3
18 L3
234 298 86 0
17 105 86 0
563 80 86 0
282 310 86 0
324 110 86 0
159 132 86 0
590 186 86 0
361 288 86 0
564 121 86 0
23 251 86 0
178 213 86 0
590 133 86 0
390 72 86 0
164 245 86 0
508 319 86 0
481 70 86 0
571 224 86 0
364 105 86 0
2 L5
18 L5
87 312 131 0
347 226 131 0
477 332 131 0
23 343 131 0
54 169 131 0
252 330 131 0
176 115 131 0
159 314 131 0
471 244 131 0
521 51 131 0
441 230 131 0
121 83 131 0
141 274 131 0
395 234 131 0
555 216 131 0
302 202 131 0
554 199 131 0
145 105 131 0
2 U2
291 0 223 72
291 0 590 326
18 U2
291 0 120 269
291 0 7 199
291 0 519 297
291 0 596 318
291 0 155 158
291 0 291 88
291 0 135 136
291 0 438 248
291 0 339 214
291 0 320 76
291 0 94 231
291 0 315 188
291 0 572 275
291 0 276 261
291 0 207 229
291 0 194 220
291 0 321 292
291 0 216 200
2 U4
383 0 295 119
383 0 84 279
18 U4
383 0 340 315
383 0 18 127
383 0 203 245
383 0 421 192
383 0 420 139
383 0 155 50
383 0 250 261
383 0 64 199
383 0 24 172
383 0 513 264
383 0 112 227
383 0 453 220
383 0 418 241
383 0 1 70
383 0 449 231
383 0 545 184
383 0 100 149
383 0 418 254
5
284 251 477 126
234 298 536 92
87 312 34 265
150 243 247 234
17 105 386 149
