5
6
L1 570 0
U2 534 0
L3 348 0
U4 186 0
L5 366 0
U6 467 0
24
45 20
188 248
533 138
270 56
140 266
574 4
337 123
158 326
130 105
463 131
81 255
340 170
391 277
559 338
466 44
525 43
155 113
85 327
492 41
282 55
157 313
81 273
550 330
236 166
2 L1
18 L1
172 139 570 0
286 198 570 0
351 249 570 0
62 260 570 0
589 178 570 0
330 59 570 0
95 279 570 0
281 323 570 0
474 123 570 0
196 137 570 0
282 264 570 0
119 216 570 0
120 209 570 0
586 174 570 0
332 328 570 0
189 295 570 0
456 76 570 0
322 169 570 0
2 L3
18 L3
292 128 348 0
205 159 348 0
94 158 348 0
256 173 348 0
180 331 348 0
69 163 348 0
239 340 348 0
291 250 348 0
397 230 348 0
598 323 348 0
103 163 348 0
437 306 348 0
410 66 348 0
174 342 348 0
182 112 348 0
36 194 348 0
411 93 348 0
464 224 348 0
2 L5
18 L5
426 318 366 0
540 107 366 0
298 159 366 0
445 94 366 0
464 81 366 0
573 182 366 0
149 68 366 0
334 201 366 0
34 298 366 0
439 348 366 0
23 218 366 0
225 265 366 0
183 120 366 0
212 158 366 0
263 275 366 0
375 215 366 0
377 74 366 0
361 292 366 0
2 U2
534 0 587 318
534 0 590 262
18 U2
534 0 430 101
534 0 177 308
534 0 23 340
534 0 287 205
534 0 256 168
534 0 185 186
534 0 30 159
534 0 451 256
534 0 512 263
534 0 197 339
534 0 513 282
534 0 390 70
534 0 421 56
534 0 513 139
534 0 520 61
534 0 494 248
534 0 317 89
534 0 152 282
2 U4
186 0 289 178
186 0 221 320
18 U4
186 0 301 287
186 0 291 186
186 0 263 184
186 0 95 233
186 0 220 228
186 0 508 257
186 0 440 282
186 0 334 120
186 0 420 328
186 0 222 192
186 0 408 80
186 0 334 52
186 0 489 307
186 0 149 265
186 0 510 94
186 0 68 102
186 0 470 235
186 0 530 293
2 U6
467 0 291 124
467 0 468 122
18 U6
467 0 395 199
467 0 309 99
467 0 505 308
467 0 57 204
467 0 107 194
467 0 42 259
467 0 388 294
467 0 537 208
467 0 566 200
467 0 185 50
467 0 587 152
467 0 168 223
467 0 78 156
467 0 492 200
467 0 377 302
467 0 94 83
467 0 22 312
467 0 376 218
6
172 139 270 70
292 128 16 281
426 318 394 215
286 198 267 55
205 159 576 128
540 107 339 189
