3
5
L1 379 0
U2 306 0
L3 600 0
U4 201 0
L5 181 0
20
575 265
385 163
76 311
162 118
81 174
479 238
303 8
194 263
333 152
511 100
458 290
594 190
232 218
112 65
127 7
425 43
98 289
271 38
35 149
405 48
1 L1
10 L1
45 102 379 0
555 299 379 0
467 178 379 0
450 203 379 0
490 260 379 0
242 193 379 0
178 296 379 0
247 185 379 0
258 217 379 0
325 74 379 0
1 L3
10 L3
33 192 600 0
520 307 600 0
261 212 600 0
396 209 600 0
437 228 600 0
129 242 600 0
556 197 600 0
87 305 600 0
495 343 600 0
593 201 600 0
1 L5
10 L5
373 87 181 0
71 314 181 0
364 81 181 0
116 271 181 0
39 233 181 0
64 70 181 0
197 168 181 0
296 140 181 0
503 93 181 0
337 288 181 0
1 U2
306 0 310 253
10 U2
306 0 176 234
306 0 281 137
306 0 537 273
306 0 35 268
306 0 302 207
306 0 393 216
306 0 231 317
306 0 1 289
306 0 59 209
306 0 172 114
1 U4
201 0 502 161
10 U4
201 0 348 229
201 0 220 296
201 0 318 264
201 0 364 183
201 0 51 97
201 0 76 281
201 0 473 210
201 0 159 178
201 0 298 222
201 0 589 314
8
45 102 513 159
33 192 216 226
373 87 140 264
555 299 377 232
520 307 128 122
71 314 418 208
467 178 585 101
261 212 4 60
