5
5
L1 69 0
U2 566 0
L3 22 0
U4 218 0
L5 365 0
25
270 266
169 215
323 182
381 287
198 339
281 238
69 311
112 192
382 204
517 94
465 339
274 245
257 110
136 304
163 215
152 183
395 151
427 82
37 347
346 43
213 291
580 231
405 261
41 68
156 266
2 L1
22 L1
135 226 69 0
427 83 69 0
397 248 69 0
287 331 69 0
327 297 69 0
225 302 69 0
460 107 69 0
293 313 69 0
504 167 69 0
192 94 69 0
258 180 69 0
227 266 69 0
326 230 69 0
51 347 69 0
323 194 69 0
192 150 69 0
548 60 69 0
122 230 69 0
367 285 69 0
528 134 69 0
340 188 69 0
204 212 69 0
2 L3
22 L3
484 311 22 0
147 283 22 0
544 315 22 0
156 347 22 0
512 153 22 0
328 259 22 0
416 131 22 0
491 347 22 0
115 62 22 0
265 99 22 0
567 192 22 0
418 86 22 0
454 87 22 0
324 209 22 0
132 230 22 0
583 145 22 0
507 108 22 0
499 224 22 0
398 324 22 0
468 241 22 0
529 323 22 0
156 289 22 0
2 L5
22 L5
499 255 365 0
437 329 365 0
388 116 365 0
587 248 365 0
500 105 365 0
472 56 365 0
148 145 365 0
515 190 365 0
405 233 365 0
43 317 365 0
157 341 365 0
316 287 365 0
340 106 365 0
550 238 365 0
21 105 365 0
144 219 365 0
404 298 365 0
468 111 365 0
149 236 365 0
337 97 365 0
468 276 365 0
549 215 365 0
2 U2
566 0 595 207
566 0 477 190
22 U2
566 0 445 186
566 0 344 200
566 0 475 275
566 0 369 202
566 0 332 200
566 0 360 118
566 0 390 254
566 0 133 201
566 0 304 243
566 0 281 267
566 0 290 186
566 0 341 229
566 0 368 100
566 0 34 133
566 0 285 287
566 0 178 125
566 0 591 106
566 0 552 255
566 0 330 127
566 0 249 281
566 0 341 242
566 0 42 350
2 U4
218 0 63 338
218 0 533 85
22 U4
218 0 521 216
218 0 291 61
218 0 508 225
218 0 589 204
218 0 222 121
218 0 172 207
218 0 283 193
218 0 141 226
218 0 465 339
218 0 66 196
218 0 488 119
218 0 598 102
218 0 466 155
218 0 127 198
218 0 118 141
218 0 361 197
218 0 576 77
218 0 424 54
218 0 51 307
218 0 177 140
218 0 542 121
218 0 238 78
17
135 226 16 116
484 311 127 205
499 255 587 299
427 83 334 233
147 283 405 200
437 329 233 300
397 248 276 200
544 315 235 102
388 116 50 125
287 331 96 215
156 347 346 81
587 248 446 309
327 297 563 167
512 153 374 242
500 105 541 299
225 302 327 176
328 259 165 91
