3
6
L1 172 0
U2 550 0
L3 258 0
U4 478 0
L5 77 0
U6 70 0
24
273 118
543 79
381 304
463 221
534 180
126 149
32 214
176 15
423 49
235 73
534 196
491 312
7 291
265 159
413 265
519 243
185 215
535 112
88 61
419 57
461 55
418 334
562 130
6 253
1 L1
22 L1
309 272 172 0
502 188 172 0
237 147 172 0
20 201 172 0
363 254 172 0
589 281 172 0
394 186 172 0
423 68 172 0
118 236 172 0
290 140 172 0
542 129 172 0
292 241 172 0
530 107 172 0
235 217 172 0
97 240 172 0
454 119 172 0
128 113 172 0
432 172 172 0
351 341 172 0
296 122 172 0
112 214 172 0
140 198 172 0
1 L3
22 L3
258 109 258 0
205 73 258 0
44 136 258 0
572 291 258 0
42 209 258 0
84 233 258 0
316 188 258 0
448 289 258 0
592 211 258 0
594 67 258 0
541 201 258 0
463 229 258 0
151 332 258 0
553 295 258 0
43 241 258 0
590 114 258 0
312 261 258 0
438 293 258 0
259 170 258 0
214 163 258 0
402 260 258 0
411 209 258 0
1 L5
22 L5
230 78 77 0
135 112 77 0
377 311 77 0
173 314 77 0
231 296 77 0
222 235 77 0
297 288 77 0
376 89 77 0
252 148 77 0
103 329 77 0
23 210 77 0
346 322 77 0
140 327 77 0
590 132 77 0
242 63 77 0
40 267 77 0
423 319 77 0
25 145 77 0
588 277 77 0
199 161 77 0
307 173 77 0
369 81 77 0
1 U2
550 0 598 201
22 U2
550 0 271 53
550 0 492 166
550 0 279 297
550 0 98 77
550 0 94 325
550 0 330 328
550 0 253 195
550 0 181 267
550 0 243 258
550 0 74 205
550 0 275 150
550 0 218 212
550 0 393 321
550 0 69 320
550 0 185 168
550 0 205 174
550 0 412 296
550 0 523 103
550 0 580 243
550 0 305 69
550 0 238 171
550 0 414 264
1 U4
478 0 589 280
22 U4
478 0 556 271
478 0 552 316
478 0 45 59
478 0 583 273
478 0 203 189
478 0 283 116
478 0 565 176
478 0 244 322
478 0 456 305
478 0 261 133
478 0 188 293
478 0 219 282
478 0 506 129
478 0 82 344
478 0 360 307
478 0 583 252
478 0 130 242
478 0 555 207
478 0 165 260
478 0 517 268
478 0 411 139
478 0 139 185
1 U6
70 0 235 150
22 U6
70 0 344 271
70 0 327 117
70 0 357 278
70 0 478 272
70 0 343 133
70 0 132 211
70 0 484 317
70 0 417 61
70 0 348 346
70 0 402 262
70 0 66 342
70 0 286 66
70 0 239 236
70 0 164 172
70 0 206 170
70 0 45 171
70 0 495 219
70 0 547 190
70 0 257 115
70 0 590 192
70 0 592 230
70 0 40 346
20
309 272 460 154
258 109 96 292
230 78 450 135
502 188 201 243
205 73 492 112
135 112 306 98
237 147 471 343
44 136 172 96
377 311 65 74
20 201 275 142
572 291 376 272
173 314 282 218
363 254 542 116
42 209 507 129
231 296 170 138
589 281 484 341
84 233 508 309
222 235 102 335
394 186 64 197
316 188 412 259
