5
4
L1 75 0
U2 229 0
L3 203 0
U4 270 0
12
78 123
515 146
135 232
336 207
249 285
357 36
522 275
75 178
251 110
122 219
23 208
198 158
2 L1
22 L1
489 185 75 0
519 161 75 0
539 251 75 0
579 224 75 0
71 329 75 0
309 83 75 0
339 128 75 0
152 85 75 0
477 182 75 0
168 335 75 0
537 205 75 0
44 66 75 0
365 172 75 0
363 227 75 0
358 77 75 0
33 124 75 0
552 282 75 0
25 321 75 0
217 321 75 0
114 174 75 0
303 237 75 0
569 208 75 0
2 L3
22 L3
262 55 203 0
465 130 203 0
122 277 203 0
416 88 203 0
264 146 203 0
178 292 203 0
131 139 203 0
313 346 203 0
115 91 203 0
430 144 203 0
253 224 203 0
578 187 203 0
353 230 203 0
252 237 203 0
117 232 203 0
207 105 203 0
41 221 203 0
299 177 203 0
147 111 203 0
98 297 203 0
325 350 203 0
286 147 203 0
2 U2
229 0 156 337
229 0 537 251
22 U2
229 0 417 55
229 0 275 123
229 0 174 79
229 0 523 329
229 0 329 142
229 0 81 50
229 0 89 344
229 0 141 109
229 0 284 97
229 0 362 226
229 0 105 276
229 0 194 52
229 0 319 108
229 0 210 79
229 0 598 168
229 0 432 130
229 0 583 205
229 0 523 51
229 0 512 321
229 0 180 179
229 0 254 331
229 0 417 55
2 U4
270 0 121 93
270 0 291 94
22 U4
270 0 217 92
270 0 66 329
270 0 149 109
270 0 202 54
270 0 523 344
270 0 399 164
270 0 32 225
270 0 303 176
270 0 163 66
270 0 103 149
270 0 143 348
270 0 298 220
270 0 180 325
270 0 573 271
270 0 453 241
270 0 456 334
270 0 127 60
270 0 411 162
270 0 89 320
270 0 130 61
270 0 170 340
270 0 134 301
9
489 185 579 341
262 55 99 151
519 161 30 324
465 130 191 132
539 251 555 74
122 277 140 182
579 224 407 111
416 88 170 56
71 329 516 115
