3
5
L1 574 0
U2 538 0
L3 258 0
U4 99 0
L5 315 0
25
219 17
437 116
27 204
423 101
278 118
95 87
10 307
546 257
574 4
256 298
540 292
105 198
184 175
240 278
42 240
304 125
44 137
304 299
123 328
288 146
511 245
20 177
578 283
29 60
528 98
1 L1
22 L1
370 111 574 0
295 241 574 0
471 247 574 0
63 179 574 0
578 57 574 0
451 115 574 0
460 323 574 0
10 178 574 0
200 72 574 0
446 271 574 0
431 204 574 0
245 212 574 0
588 204 574 0
92 79 574 0
116 319 574 0
190 126 574 0
45 147 574 0
359 88 574 0
320 306 574 0
17 344 574 0
464 75 574 0
220 193 574 0
1 L3
22 L3
462 248 258 0
177 51 258 0
83 123 258 0
261 71 258 0
192 350 258 0
384 272 258 0
40 223 258 0
408 70 258 0
113 187 258 0
26 281 258 0
452 344 258 0
331 338 258 0
442 324 258 0
485 106 258 0
63 279 258 0
433 112 258 0
199 179 258 0
286 71 258 0
461 253 258 0
366 231 258 0
31 253 258 0
196 97 258 0
1 L5
22 L5
203 109 315 0
264 316 315 0
26 145 315 0
314 247 315 0
485 237 315 0
419 64 315 0
152 341 315 0
7 160 315 0
587 222 315 0
219 56 315 0
189 319 315 0
170 332 315 0
81 98 315 0
311 188 315 0
566 83 315 0
517 286 315 0
578 105 315 0
86 226 315 0
205 147 315 0
372 282 315 0
289 259 315 0
395 119 315 0
1 U2
538 0 5 132
22 U2
538 0 466 108
538 0 268 191
538 0 362 210
538 0 65 257
538 0 168 261
538 0 273 284
538 0 12 324
538 0 257 168
538 0 312 320
538 0 382 292
538 0 78 215
538 0 525 187
538 0 381 162
538 0 564 323
538 0 526 136
538 0 119 209
538 0 368 75
538 0 279 298
538 0 229 54
538 0 72 152
538 0 100 292
538 0 73 212
1 U4
99 0 407 315
22 U4
99 0 531 320
99 0 94 271
99 0 578 78
99 0 374 100
99 0 375 54
99 0 297 216
99 0 41 338
99 0 271 349
99 0 573 261
99 0 598 317
99 0 554 110
99 0 38 168
99 0 261 167
99 0 481 146
99 0 504 75
99 0 235 98
99 0 419 117
99 0 201 67
99 0 518 221
99 0 146 137
99 0 538 140
99 0 289 139
17
370 111 108 251
462 248 553 56
203 109 158 120
295 241 362 262
177 51 589 206
264 316 570 227
471 247 117 318
83 123 593 265
26 145 299 270
63 179 161 234
261 71 328 331
314 247 4 250
578 57 515 232
192 350 0 67
485 237 368 176
451 115 59 293
384 272 149 122
