3
5
L1 374 0
U2 204 0
L3 476 0
U4 187 0
L5 168 0
25
436 59
5 138
324 324
567 169
495 148
570 246
253 7
486 292
84 79
482 127
388 220
465 227
463 306
31 343
5 307
447 274
46 31
225 236
201 290
595 104
310 106
71 252
172 233
117 144
249 171
1 L1
18 L1
168 275 374 0
437 192 374 0
472 135 374 0
137 188 374 0
293 93 374 0
168 143 374 0
523 339 374 0
83 284 374 0
576 88 374 0
473 269 374 0
113 61 374 0
365 231 374 0
41 246 374 0
273 76 374 0
460 208 374 0
145 105 374 0
339 141 374 0
137 196 374 0
1 L3
18 L3
114 319 476 0
244 271 476 0
585 203 476 0
472 99 476 0
24 87 476 0
52 261 476 0
470 127 476 0
23 161 476 0
566 286 476 0
105 52 476 0
290 125 476 0
568 265 476 0
594 335 476 0
118 236 476 0
103 73 476 0
386 339 476 0
269 93 476 0
499 137 476 0
1 L5
18 L5
515 143 168 0
54 175 168 0
487 78 168 0
13 130 168 0
361 173 168 0
26 53 168 0
476 255 168 0
496 307 168 0
565 256 168 0
501 196 168 0
426 242 168 0
600 57 168 0
564 329 168 0
346 306 168 0
205 171 168 0
548 310 168 0
27 199 168 0
14 140 168 0
1 U2
204 0 78 59
18 U2
204 0 476 310
204 0 255 113
204 0 537 280
204 0 536 187
204 0 453 314
204 0 8 211
204 0 470 98
204 0 214 129
204 0 511 66
204 0 356 237
204 0 527 195
204 0 189 240
204 0 437 69
204 0 498 292
204 0 445 263
204 0 493 156
204 0 351 304
204 0 94 93
1 U4
187 0 511 297
18 U4
187 0 526 167
187 0 157 264
187 0 53 68
187 0 428 234
187 0 260 209
187 0 482 188
187 0 251 190
187 0 84 346
187 0 278 228
187 0 469 188
187 0 495 226
187 0 23 63
187 0 167 301
187 0 113 79
187 0 154 171
187 0 328 306
187 0 125 133
187 0 27 299
14
168 275 115 301
114 319 549 266
515 143 247 146
437 192 425 295
244 271 208 347
54 175 509 305
472 135 112 176
585 203 70 85
487 78 453 274
137 188 91 100
472 99 127 50
13 130 524 303
293 93 5 196
24 87 448 71
