5
4
L1 201 0
U2 588 0
L3 78 0
U4 293 0
16
241 144
154 276
265 97
170 270
557 96
454 148
194 263
379 11
574 137
17 121
230 137
141 327
282 266
31 338
284 222
267 174
2 L1
14 L1
164 242 201 0
33 262 201 0
454 61 201 0
504 236 201 0
354 89 201 0
551 241 201 0
187 265 201 0
465 153 201 0
181 56 201 0
24 178 201 0
581 234 201 0
335 95 201 0
314 136 201 0
60 348 201 0
2 L3
14 L3
216 226 78 0
556 195 78 0
118 305 78 0
275 127 78 0
223 73 78 0
59 139 78 0
598 81 78 0
180 263 78 0
496 310 78 0
142 93 78 0
546 196 78 0
71 85 78 0
355 237 78 0
316 216 78 0
2 U2
588 0 532 247
588 0 375 344
14 U2
588 0 11 156
588 0 206 305
588 0 208 54
588 0 326 69
588 0 150 59
588 0 444 65
588 0 461 170
588 0 140 236
588 0 245 316
588 0 490 334
588 0 526 206
588 0 43 170
588 0 162 93
588 0 289 350
2 U4
293 0 295 287
293 0 330 160
14 U4
293 0 107 135
293 0 154 219
293 0 338 190
293 0 212 184
293 0 156 52
293 0 590 95
293 0 340 130
293 0 257 332
293 0 122 181
293 0 75 51
293 0 183 61
293 0 371 90
293 0 561 191
293 0 522 265
3
164 242 184 142
216 226 82 99
33 262 48 158
