5
3
L1 147 0
U2 297 0
L3 260 0
12
178 236
152 102
171 34
138 297
543 196
472 269
90 55
574 233
456 166
454 175
36 193
246 142
2 L1
10 L1
264 212 147 0
365 229 147 0
308 230 147 0
404 154 147 0
355 181 147 0
127 339 147 0
550 208 147 0
274 267 147 0
363 222 147 0
563 255 147 0
2 L3
10 L3
19 137 260 0
335 193 260 0
452 156 260 0
301 163 260 0
554 266 260 0
44 267 260 0
496 200 260 0
385 215 260 0
204 217 260 0
579 186 260 0
2 U2
297 0 165 290
297 0 491 269
10 U2
297 0 92 286
297 0 67 275
297 0 599 119
297 0 308 214
297 0 180 319
297 0 235 263
297 0 564 144
297 0 413 160
297 0 78 51
297 0 396 197
5
264 212 482 193
19 137 488 189
365 229 11 208
335 193 250 259
308 230 585 236
