5
6
L1 331 0
U2 475 0
L3 84 0
U4 343 0
L5 99 0
U6 234 0
24
587 129
567 53
364 8
393 71
303 118
182 8
291 80
187 54
30 321
469 91
212 187
75 22
160 20
387 294
410 71
563 328
457 15
581 326
521 139
497 268
570 228
436 276
141 46
234 160
2 L1
22 L1
291 303 331 0
396 180 331 0
142 157 331 0
596 254 331 0
434 221 331 0
534 293 331 0
142 86 331 0
308 116 331 0
220 342 331 0
412 220 331 0
441 219 331 0
459 192 331 0
374 302 331 0
539 161 331 0
123 94 331 0
254 76 331 0
274 291 331 0
446 164 331 0
9 305 331 0
257 187 331 0
45 87 331 0
311 175 331 0
2 L3
22 L3
205 271 84 0
316 242 84 0
335 266 84 0
550 225 84 0
496 115 84 0
246 133 84 0
155 93 84 0
516 265 84 0
501 142 84 0
170 217 84 0
91 82 84 0
317 337 84 0
475 254 84 0
88 215 84 0
361 274 84 0
240 119 84 0
229 254 84 0
181 331 84 0
319 269 84 0
186 109 84 0
576 142 84 0
112 128 84 0
2 L5
22 L5
374 218 99 0
424 85 99 0
279 209 99 0
571 327 99 0
472 79 99 0
486 254 99 0
418 174 99 0
52 327 99 0
176 66 99 0
111 197 99 0
321 250 99 0
590 278 99 0
438 164 99 0
343 198 99 0
94 170 99 0
379 328 99 0
66 181 99 0
529 273 99 0
221 301 99 0
420 241 99 0
355 320 99 0
544 217 99 0
2 U2
475 0 585 103
475 0 134 191
22 U2
475 0 61 150
475 0 429 221
475 0 114 190
475 0 249 285
475 0 492 340
475 0 300 251
475 0 317 160
475 0 454 261
475 0 293 117
475 0 339 204
475 0 365 145
475 0 217 170
475 0 200 255
475 0 212 166
475 0 520 96
475 0 178 339
475 0 204 252
475 0 564 71
475 0 245 98
475 0 425 188
475 0 246 334
475 0 407 318
2 U4
343 0 547 272
343 0 141 92
22 U4
343 0 342 193
343 0 422 219
343 0 269 248
343 0 598 93
343 0 519 117
343 0 361 181
343 0 278 108
343 0 250 311
343 0 500 221
343 0 345 330
343 0 61 137
343 0 395 152
343 0 158 141
343 0 40 304
343 0 223 93
343 0 515 346
343 0 153 302
343 0 375 231
343 0 219 129
343 0 292 122
343 0 467 107
343 0 552 169
2 U6
234 0 63 123
234 0 192 53
22 U6
234 0 269 288
234 0 447 223
234 0 358 90
234 0 26 181
234 0 447 341
234 0 24 316
234 0 379 238
234 0 226 210
234 0 29 304
234 0 401 258
234 0 319 168
234 0 29 151
234 0 390 304
234 0 297 289
234 0 42 262
234 0 566 197
234 0 13 275
234 0 96 225
234 0 590 305
234 0 99 243
234 0 504 187
234 0 496 294
20
291 303 591 212
205 271 238 173
374 218 366 346
396 180 200 81
316 242 287 107
424 85 311 191
142 157 199 86
335 266 24 256
279 209 105 161
596 254 585 314
550 225 564 179
571 327 434 334
434 221 389 255
496 115 465 82
472 79 482 326
534 293 539 196
246 133 335 213
486 254 167 333
142 86 19 255
155 93 344 73
