3
6
L1 393 0
U2 360 0
L3 102 0
U4 0 0
L5 277 0
U6 404 0
24
422 291
516 13
547 328
586 339
576 319
326 97
285 101
270 130
237 37
483 42
262 173
242 193
298 39
486 24
415 264
396 5
347 150
204 270
1 135
273 273
483 101
77 222
396 124
453 171
1 L1
22 L1
88 169 393 0
209 190 393 0
431 287 393 0
600 265 393 0
332 198 393 0
148 115 393 0
536 86 393 0
181 282 393 0
447 268 393 0
276 137 393 0
351 325 393 0
354 249 393 0
1 341 393 0
223 60 393 0
125 212 393 0
104 112 393 0
259 264 393 0
236 143 393 0
381 61 393 0
368 133 393 0
229 66 393 0
125 271 393 0
1 L3
22 L3
107 325 102 0
404 236 102 0
404 231 102 0
203 163 102 0
55 53 102 0
8 348 102 0
441 212 102 0
39 57 102 0
463 299 102 0
368 117 102 0
115 291 102 0
346 266 102 0
503 335 102 0
265 279 102 0
231 259 102 0
291 211 102 0
175 187 102 0
220 139 102 0
484 327 102 0
584 138 102 0
422 254 102 0
220 298 102 0
1 L5
22 L5
259 166 277 0
206 173 277 0
294 79 277 0
409 341 277 0
185 55 277 0
205 284 277 0
261 115 277 0
35 236 277 0
590 102 277 0
311 246 277 0
214 63 277 0
310 252 277 0
23 165 277 0
198 208 277 0
153 123 277 0
36 262 277 0
83 112 277 0
229 196 277 0
489 98 277 0
444 68 277 0
543 200 277 0
521 187 277 0
1 U2
360 0 335 324
22 U2
360 0 486 205
360 0 326 178
360 0 569 242
360 0 23 124
360 0 99 239
360 0 580 285
360 0 309 137
360 0 38 75
360 0 419 233
360 0 395 61
360 0 523 289
360 0 141 287
360 0 124 125
360 0 509 58
360 0 52 66
360 0 236 251
360 0 498 89
360 0 88 236
360 0 7 98
360 0 9 75
360 0 107 159
360 0 576 175
1 U4
0 0 217 348
22 U4
0 0 226 126
0 0 124 169
0 0 169 233
0 0 357 286
0 0 178 289
0 0 203 157
0 0 535 241
0 0 20 161
0 0 276 105
0 0 547 246
0 0 559 266
0 0 106 295
0 0 44 241
0 0 319 246
0 0 85 248
0 0 49 227
0 0 519 195
0 0 432 202
0 0 253 86
0 0 70 98
0 0 155 321
0 0 538 272
1 U6
404 0 272 104
22 U6
404 0 490 80
404 0 308 271
404 0 18 99
404 0 126 297
404 0 306 115
404 0 88 247
404 0 202 287
404 0 281 269
404 0 328 96
404 0 581 61
404 0 368 81
404 0 305 178
404 0 336 71
404 0 6 171
404 0 231 283
404 0 522 224
404 0 310 176
404 0 318 102
404 0 549 216
404 0 41 59
404 0 512 271
404 0 577 74
14
88 169 309 65
107 325 338 200
259 166 254 65
209 190 42 319
404 236 110 102
206 173 502 263
431 287 266 96
404 231 245 229
294 79 119 228
600 265 368 304
203 163 444 262
409 341 392 61
332 198 443 203
55 53 459 173
