3
6
L1 258 0
U2 429 0
L3 223 0
U4 90 0
L5 216 0
U6 261 0
30
479 299
528 48
65 240
128 324
307 97
84 215
268 55
94 316
165 308
206 311
153 263
31 118
415 81
375 70
57 64
530 182
238 208
170 135
230 58
474 175
255 109
482 341
422 266
461 253
201 202
474 77
519 130
146 150
84 107
113 60
1 L1
10 L1
361 174 258 0
70 71 258 0
247 298 258 0
375 189 258 0
590 288 258 0
414 258 258 0
523 213 258 0
495 194 258 0
82 86 258 0
294 117 258 0
1 L3
10 L3
333 239 223 0
192 195 223 0
462 286 223 0
500 113 223 0
479 271 223 0
400 278 223 0
224 107 223 0
280 347 223 0
110 64 223 0
360 90 223 0
1 L5
10 L5
585 169 216 0
405 295 216 0
14 310 216 0
92 79 216 0
49 345 216 0
511 78 216 0
37 164 216 0
216 170 216 0
287 192 216 0
479 194 216 0
1 U2
429 0 253 213
10 U2
429 0 432 90
429 0 214 51
429 0 67 198
429 0 465 192
429 0 250 94
429 0 392 256
429 0 112 272
429 0 476 300
429 0 461 125
429 0 311 173
1 U4
90 0 554 83
10 U4
90 0 443 79
90 0 301 236
90 0 140 166
90 0 212 111
90 0 566 312
90 0 599 154
90 0 558 133
90 0 306 216
90 0 275 150
90 0 251 157
1 U6
261 0 241 133
10 U6
261 0 346 182
261 0 480 226
261 0 411 252
261 0 221 168
261 0 132 341
261 0 250 343
261 0 153 131
261 0 426 312
261 0 461 79
261 0 502 249
6
361 174 329 220
333 239 22 236
585 169 78 151
70 71 151 235
192 195 4 336
405 295 510 343
