5
6
L1 442 0
U2 186 0
L3 231 0
U4 80 0
L5 446 0
U6 268 0
30
517 268
31 80
222 329
515 157
93 244
322 0
427 280
480 200
169 52
287 146
577 141
47 19
295 293
521 22
317 216
241 168
486 137
583 62
33 135
516 114
199 223
441 262
294 325
585 41
199 338
146 55
556 58
521 88
458 266
138 117
2 L1
14 L1
3 344 442 0
388 314 442 0
320 254 442 0
418 341 442 0
191 256 442 0
384 350 442 0
218 307 442 0
129 65 442 0
532 78 442 0
200 134 442 0
599 165 442 0
413 132 442 0
525 167 442 0
546 275 442 0
2 L3
14 L3
404 204 231 0
347 214 231 0
26 99 231 0
107 243 231 0
559 81 231 0
146 324 231 0
465 76 231 0
439 79 231 0
320 267 231 0
569 268 231 0
209 265 231 0
349 272 231 0
316 82 231 0
243 139 231 0
2 L5
14 L5
541 145 446 0
41 147 446 0
409 66 446 0
479 177 446 0
145 312 446 0
108 130 446 0
115 170 446 0
22 183 446 0
321 168 446 0
380 316 446 0
569 72 446 0
332 270 446 0
279 193 446 0
397 206 446 0
2 U2
186 0 495 130
186 0 462 114
14 U2
186 0 487 209
186 0 102 243
186 0 355 219
186 0 545 202
186 0 163 189
186 0 140 335
186 0 466 349
186 0 140 160
186 0 461 152
186 0 436 340
186 0 87 233
186 0 272 349
186 0 30 238
186 0 481 120
2 U4
80 0 47 198
80 0 64 286
14 U4
80 0 536 116
80 0 213 271
80 0 317 132
80 0 443 203
80 0 185 132
80 0 588 166
80 0 255 247
80 0 209 182
80 0 46 244
80 0 416 217
80 0 48 93
80 0 174 176
80 0 54 295
80 0 470 59
2 U6
268 0 282 83
268 0 355 192
14 U6
268 0 116 67
268 0 431 265
268 0 214 305
268 0 336 106
268 0 278 107
268 0 289 163
268 0 363 214
268 0 276 337
268 0 327 212
268 0 197 122
268 0 49 83
268 0 116 323
268 0 470 141
268 0 582 282
13
3 344 366 144
404 204 565 256
541 145 535 292
388 314 586 175
347 214 232 85
41 147 428 243
320 254 466 96
26 99 310 165
409 66 356 194
418 341 540 109
107 243 390 104
479 177 61 308
191 256 488 190
