4
3
L1 18 0
U2 458 0
L3 31 0
9
515 304
263 206
244 178
194 153
246 288
530 323
17 45
502 318
376 27
2 L1
10 L1
53 188 18 0
456 107 18 0
276 96 18 0
25 274 18 0
382 320 18 0
240 235 18 0
330 137 18 0
178 66 18 0
548 235 18 0
258 72 18 0
2 L3
10 L3
177 120 31 0
463 82 31 0
6 218 31 0
409 71 31 0
589 126 31 0
95 142 31 0
375 292 31 0
92 276 31 0
222 205 31 0
453 251 31 0
2 U2
458 0 599 175
458 0 415 117
10 U2
458 0 72 295
458 0 42 158
458 0 577 312
458 0 129 175
458 0 87 193
458 0 161 53
458 0 133 227
458 0 253 178
458 0 313 50
458 0 212 344
2
53 188 107 251
177 120 15 220
