4
3
L1 106 0
U2 43 0
L3 172 0
12
48 193
147 157
381 11
339 105
459 144
52 29
224 309
176 177
398 165
369 163
484 92
309 171
2 L1
22 L1
539 190 106 0
419 316 106 0
480 336 106 0
239 152 106 0
335 271 106 0
286 108 106 0
375 334 106 0
126 310 106 0
569 105 106 0
576 217 106 0
218 218 106 0
394 82 106 0
464 174 106 0
245 134 106 0
479 94 106 0
56 61 106 0
430 294 106 0
71 346 106 0
188 218 106 0
104 219 106 0
115 60 106 0
164 315 106 0
2 L3
22 L3
484 153 172 0
241 160 172 0
258 179 172 0
523 210 172 0
170 332 172 0
25 244 172 0
276 94 172 0
565 199 172 0
201 162 172 0
291 237 172 0
215 304 172 0
372 269 172 0
202 206 172 0
381 276 172 0
252 330 172 0
507 152 172 0
8 148 172 0
146 111 172 0
336 200 172 0
403 61 172 0
547 266 172 0
516 336 172 0
2 U2
43 0 149 84
43 0 173 90
22 U2
43 0 436 101
43 0 484 109
43 0 103 194
43 0 345 272
43 0 41 82
43 0 409 73
43 0 12 341
43 0 226 176
43 0 557 127
43 0 323 208
43 0 405 290
43 0 397 337
43 0 350 294
43 0 120 203
43 0 339 342
43 0 19 232
43 0 325 177
43 0 61 145
43 0 194 181
43 0 534 55
43 0 285 117
43 0 597 184
7
539 190 398 134
484 153 199 233
419 316 541 129
241 160 214 81
480 336 489 55
258 179 467 282
239 152 374 314
