4
5
L1 372 0
U2 217 0
L3 590 0
U4 453 0
L5 78 0
25
352 156
120 47
182 180
202 81
524 95
177 17
480 36
39 217
495 31
189 36
499 45
156 260
250 80
436 100
345 337
571 162
198 256
44 306
491 292
447 44
467 230
243 257
553 305
100 231
448 121
2 L1
22 L1
442 228 372 0
11 161 372 0
284 343 372 0
97 312 372 0
511 68 372 0
381 340 372 0
55 312 372 0
345 244 372 0
473 219 372 0
161 167 372 0
90 127 372 0
37 89 372 0
520 119 372 0
495 103 372 0
363 253 372 0
2 302 372 0
99 83 372 0
140 250 372 0
363 194 372 0
449 206 372 0
114 158 372 0
303 208 372 0
2 L3
22 L3
494 186 590 0
145 290 590 0
382 306 590 0
373 84 590 0
116 168 590 0
135 190 590 0
278 219 590 0
98 254 590 0
545 198 590 0
190 250 590 0
102 228 590 0
178 95 590 0
420 300 590 0
406 98 590 0
365 173 590 0
593 342 590 0
585 213 590 0
271 88 590 0
474 346 590 0
152 164 590 0
32 347 590 0
151 57 590 0
2 L5
22 L5
183 162 78 0
202 122 78 0
232 293 78 0
27 60 78 0
419 217 78 0
400 286 78 0
329 291 78 0
309 139 78 0
20 264 78 0
596 190 78 0
565 328 78 0
353 184 78 0
197 92 78 0
558 347 78 0
397 207 78 0
451 113 78 0
503 134 78 0
112 255 78 0
524 92 78 0
452 117 78 0
371 162 78 0
454 107 78 0
2 U2
217 0 31 161
217 0 334 124
22 U2
217 0 399 54
217 0 65 297
217 0 475 141
217 0 261 280
217 0 393 301
217 0 134 210
217 0 307 229
217 0 321 159
217 0 585 197
217 0 596 344
217 0 406 79
217 0 89 228
217 0 161 230
217 0 296 84
217 0 490 225
217 0 513 189
217 0 272 125
217 0 183 71
217 0 301 136
217 0 416 154
217 0 203 88
217 0 423 301
2 U4
453 0 193 152
453 0 577 236
22 U4
453 0 542 213
453 0 367 107
453 0 309 227
453 0 98 306
453 0 442 219
453 0 104 81
453 0 198 114
453 0 295 347
453 0 458 128
453 0 289 55
453 0 391 93
453 0 174 108
453 0 532 96
453 0 347 168
453 0 582 63
453 0 256 51
453 0 267 304
453 0 155 129
453 0 25 187
453 0 573 184
453 0 382 229
453 0 277 109
6
442 228 362 279
494 186 228 63
183 162 397 110
11 161 502 289
145 290 146 52
202 122 39 105
