5
5
L1 476 0
U2 156 0
L3 114 0
U4 344 0
L5 32 0
25
286 332
248 21
229 22
76 32
335 273
58 253
102 106
32 77
427 40
543 263
209 64
487 248
331 163
397 217
53 234
113 290
517 19
508 60
515 88
11 84
578 55
319 83
417 54
502 42
390 111
2 L1
10 L1
285 247 476 0
475 257 476 0
353 199 476 0
430 199 476 0
255 129 476 0
158 290 476 0
182 92 476 0
7 262 476 0
369 218 476 0
41 53 476 0
2 L3
10 L3
17 259 114 0
25 120 114 0
354 254 114 0
26 297 114 0
360 56 114 0
357 164 114 0
26 100 114 0
404 93 114 0
517 346 114 0
364 70 114 0
2 L5
10 L5
315 200 32 0
107 147 32 0
220 143 32 0
7 171 32 0
292 104 32 0
287 264 32 0
457 63 32 0
345 329 32 0
337 344 32 0
121 270 32 0
2 U2
156 0 165 220
156 0 464 275
10 U2
156 0 69 248
156 0 305 340
156 0 567 212
156 0 195 315
156 0 548 86
156 0 391 77
156 0 457 129
156 0 542 253
156 0 235 164
156 0 234 173
2 U4
344 0 3 177
344 0 230 277
10 U4
344 0 532 177
344 0 253 288
344 0 100 62
344 0 55 192
344 0 94 58
344 0 116 313
344 0 36 173
344 0 256 154
344 0 289 55
344 0 199 121
3
285 247 88 141
17 259 156 345
315 200 48 184
