3
4
L1 31 0
U2 284 0
L3 476 0
U4 139 0
12
599 273
317 154
498 68
242 219
56 148
204 291
560 78
431 92
372 254
407 137
107 27
369 268
1 L1
14 L1
259 60 31 0
230 91 31 0
101 172 31 0
36 344 31 0
550 105 31 0
208 125 31 0
415 207 31 0
487 339 31 0
450 62 31 0
499 334 31 0
244 258 31 0
274 247 31 0
46 236 31 0
164 60 31 0
1 L3
14 L3
272 268 476 0
254 157 476 0
48 85 476 0
457 172 476 0
541 338 476 0
424 55 476 0
473 74 476 0
432 73 476 0
153 326 476 0
106 302 476 0
101 60 476 0
402 261 476 0
560 295 476 0
271 52 476 0
1 U2
284 0 258 128
14 U2
284 0 14 303
284 0 113 153
284 0 325 350
284 0 209 296
284 0 42 159
284 0 195 100
284 0 129 297
284 0 488 144
284 0 257 264
284 0 532 76
284 0 302 248
284 0 199 262
284 0 387 153
284 0 335 233
1 U4
139 0 365 205
14 U4
139 0 177 54
139 0 303 301
139 0 95 270
139 0 303 56
139 0 94 256
139 0 413 127
139 0 188 266
139 0 355 121
139 0 492 143
139 0 80 137
139 0 474 88
139 0 395 335
139 0 202 158
139 0 270 285
3
259 60 562 138
272 268 541 56
230 91 531 138
