3
4
L1 346 0
U2 228 0
L3 93 0
U4 416 0
12
518 218
383 337
112 163
552 229
339 213
578 27
480 233
32 67
80 16
542 13
264 10
235 238
1 L1
14 L1
243 271 346 0
53 347 346 0
451 316 346 0
353 321 346 0
369 225 346 0
221 121 346 0
51 151 346 0
474 132 346 0
507 316 346 0
120 192 346 0
121 165 346 0
341 155 346 0
421 214 346 0
226 116 346 0
1 L3
14 L3
173 53 93 0
39 182 93 0
134 141 93 0
368 84 93 0
155 333 93 0
38 256 93 0
326 321 93 0
200 240 93 0
178 304 93 0
55 227 93 0
528 203 93 0
187 196 93 0
355 74 93 0
421 69 93 0
1 U2
228 0 466 312
14 U2
228 0 13 156
228 0 418 272
228 0 318 115
228 0 387 274
228 0 244 78
228 0 506 272
228 0 542 172
228 0 234 348
228 0 296 97
228 0 211 136
228 0 206 129
228 0 41 297
228 0 514 328
228 0 543 327
1 U4
416 0 335 145
14 U4
416 0 499 144
416 0 2 135
416 0 66 205
416 0 382 66
416 0 297 149
416 0 313 142
416 0 515 344
416 0 440 88
416 0 95 219
416 0 294 201
416 0 27 204
416 0 535 348
416 0 518 171
416 0 329 277
9
243 271 390 342
173 53 91 191
53 347 123 225
39 182 341 330
451 316 168 173
134 141 116 76
353 321 348 271
368 84 147 78
369 225 158 299
