5
4
L1 64 0
U2 74 0
L3 558 0
U4 548 0
16
546 125
191 237
298 343
563 62
205 1
253 101
20 326
28 158
155 152
119 233
350 286
237 58
484 349
236 127
332 235
84 318
2 L1
18 L1
22 232 64 0
557 75 64 0
334 296 64 0
120 271 64 0
236 284 64 0
138 143 64 0
78 198 64 0
506 102 64 0
185 116 64 0
428 329 64 0
596 241 64 0
563 107 64 0
87 162 64 0
256 87 64 0
169 217 64 0
452 178 64 0
63 209 64 0
319 246 64 0
2 L3
18 L3
547 69 558 0
245 324 558 0
185 196 558 0
497 103 558 0
97 66 558 0
165 53 558 0
281 181 558 0
168 214 558 0
0 68 558 0
421 82 558 0
480 271 558 0
24 231 558 0
149 241 558 0
542 348 558 0
394 150 558 0
99 300 558 0
244 252 558 0
481 80 558 0
2 U2
74 0 308 177
74 0 495 236
18 U2
74 0 440 88
74 0 286 280
74 0 263 154
74 0 303 228
74 0 204 106
74 0 30 285
74 0 128 152
74 0 361 98
74 0 368 122
74 0 464 191
74 0 180 261
74 0 552 309
74 0 211 102
74 0 574 78
74 0 167 199
74 0 572 341
74 0 262 259
74 0 18 333
2 U4
548 0 119 246
548 0 365 288
18 U4
548 0 295 134
548 0 558 190
548 0 173 87
548 0 165 227
548 0 267 51
548 0 290 160
548 0 460 69
548 0 584 250
548 0 150 295
548 0 70 221
548 0 296 345
548 0 381 151
548 0 6 84
548 0 50 105
548 0 47 71
548 0 141 205
548 0 58 323
548 0 450 293
11
22 232 159 52
547 69 466 338
557 75 97 105
245 324 288 247
334 296 167 200
185 196 146 204
120 271 14 65
497 103 101 305
236 284 222 187
97 66 595 326
138 143 235 148
