3
6
L1 396 0
U2 136 0
L3 385 0
U4 405 0
L5 273 0
U6 8 0
30
16 136
399 97
350 173
242 67
499 53
208 331
471 28
284 232
119 11
532 221
126 32
131 186
213 144
86 61
343 194
153 107
480 317
453 60
488 99
8 207
84 46
283 302
530 173
253 35
532 330
73 205
440 27
336 229
248 162
302 147
1 L1
18 L1
345 320 396 0
423 314 396 0
469 233 396 0
54 268 396 0
316 94 396 0
11 120 396 0
580 320 396 0
82 160 396 0
338 74 396 0
167 137 396 0
128 158 396 0
313 336 396 0
443 335 396 0
484 306 396 0
50 107 396 0
266 202 396 0
411 268 396 0
169 78 396 0
1 L3
18 L3
551 146 385 0
186 116 385 0
492 53 385 0
346 335 385 0
288 338 385 0
429 101 385 0
543 112 385 0
109 51 385 0
593 135 385 0
352 299 385 0
306 288 385 0
562 122 385 0
37 65 385 0
343 311 385 0
201 182 385 0
103 304 385 0
121 109 385 0
23 226 385 0
1 L5
18 L5
232 95 273 0
153 215 273 0
30 282 273 0
117 85 273 0
475 119 273 0
591 309 273 0
205 196 273 0
326 79 273 0
265 246 273 0
205 208 273 0
180 301 273 0
243 320 273 0
497 69 273 0
507 190 273 0
217 143 273 0
66 54 273 0
253 146 273 0
588 230 273 0
1 U2
136 0 315 198
18 U2
136 0 335 164
136 0 39 267
136 0 278 301
136 0 344 115
136 0 293 231
136 0 327 88
136 0 476 230
136 0 224 69
136 0 295 223
136 0 461 347
136 0 163 317
136 0 13 330
136 0 181 201
136 0 399 236
136 0 44 250
136 0 496 311
136 0 344 82
136 0 478 243
1 U4
405 0 260 199
18 U4
405 0 445 161
405 0 541 57
405 0 524 172
405 0 105 189
405 0 597 277
405 0 318 331
405 0 64 201
405 0 341 189
405 0 494 98
405 0 319 161
405 0 225 258
405 0 385 184
405 0 518 339
405 0 420 98
405 0 515 100
405 0 67 176
405 0 169 217
405 0 212 328
1 U6
8 0 266 62
18 U6
8 0 341 204
8 0 545 64
8 0 398 326
8 0 504 168
8 0 477 322
8 0 105 284
8 0 279 95
8 0 454 319
8 0 421 269
8 0 14 128
8 0 155 263
8 0 467 102
8 0 419 133
8 0 183 251
8 0 322 201
8 0 574 123
8 0 416 334
8 0 315 307
17
345 320 387 298
551 146 73 138
232 95 542 312
423 314 188 248
186 116 57 280
153 215 541 268
469 233 357 238
492 53 324 144
30 282 293 160
54 268 310 69
346 335 293 312
117 85 566 171
316 94 117 274
288 338 546 242
475 119 305 85
11 120 279 191
429 101 271 213
