4
5
L1 208 0
U2 87 0
L3 82 0
U4 58 0
L5 357 0
15
127 152
207 72
497 78
54 341
425 100
507 225
276 105
590 52
284 99
179 156
18 348
512 224
28 127
110 94
439 332
2 L1
22 L1
230 222 208 0
150 78 208 0
316 200 208 0
366 225 208 0
570 108 208 0
454 163 208 0
251 350 208 0
390 321 208 0
94 103 208 0
290 245 208 0
579 143 208 0
444 171 208 0
440 90 208 0
33 201 208 0
558 139 208 0
546 228 208 0
597 157 208 0
220 147 208 0
131 235 208 0
132 57 208 0
423 164 208 0
543 154 208 0
2 L3
22 L3
223 241 82 0
56 237 82 0
552 244 82 0
305 303 82 0
368 67 82 0
368 318 82 0
126 150 82 0
94 267 82 0
331 128 82 0
600 135 82 0
355 181 82 0
518 157 82 0
235 286 82 0
76 227 82 0
299 69 82 0
326 157 82 0
184 191 82 0
591 342 82 0
480 291 82 0
530 111 82 0
129 240 82 0
190 265 82 0
2 L5
22 L5
316 251 357 0
336 127 357 0
441 91 357 0
281 180 357 0
579 238 357 0
386 292 357 0
452 341 357 0
547 301 357 0
138 238 357 0
194 270 357 0
591 96 357 0
513 188 357 0
276 204 357 0
42 174 357 0
72 334 357 0
555 118 357 0
363 201 357 0
96 343 357 0
342 172 357 0
97 188 357 0
41 134 357 0
591 121 357 0
2 U2
87 0 153 235
87 0 419 341
22 U2
87 0 400 140
87 0 107 303
87 0 449 125
87 0 12 89
87 0 243 204
87 0 526 149
87 0 561 303
87 0 307 211
87 0 394 133
87 0 373 175
87 0 211 133
87 0 415 169
87 0 127 94
87 0 500 110
87 0 115 93
87 0 160 341
87 0 404 181
87 0 449 145
87 0 164 106
87 0 26 131
87 0 26 51
87 0 518 299
2 U4
58 0 523 311
58 0 63 90
22 U4
58 0 412 297
58 0 21 210
58 0 166 329
58 0 117 204
58 0 149 108
58 0 28 252
58 0 289 204
58 0 471 247
58 0 1 164
58 0 575 344
58 0 51 167
58 0 238 83
58 0 1 218
58 0 592 51
58 0 396 314
58 0 135 340
58 0 497 197
58 0 54 67
58 0 348 319
58 0 488 189
58 0 7 89
58 0 414 169
17
230 222 197 211
223 241 291 343
316 251 232 208
150 78 405 322
56 237 377 312
336 127 39 221
316 200 261 127
552 244 119 253
441 91 195 172
366 225 407 108
305 303 318 156
281 180 355 170
570 108 446 189
368 67 197 97
579 238 229 273
454 163 5 258
368 318 600 273
