4
3
L1 68 0
U2 120 0
L3 127 0
9
531 175
432 154
69 13
314 7
161 67
379 341
128 340
151 49
378 101
2 L1
18 L1
434 87 68 0
191 232 68 0
254 314 68 0
456 303 68 0
452 270 68 0
587 216 68 0
132 270 68 0
329 319 68 0
561 130 68 0
295 54 68 0
101 229 68 0
163 300 68 0
59 60 68 0
482 301 68 0
576 245 68 0
300 299 68 0
379 248 68 0
452 51 68 0
2 L3
18 L3
236 211 127 0
592 147 127 0
283 144 127 0
524 198 127 0
15 326 127 0
131 318 127 0
21 153 127 0
275 232 127 0
98 148 127 0
63 113 127 0
566 58 127 0
230 179 127 0
500 232 127 0
369 308 127 0
487 214 127 0
81 63 127 0
415 282 127 0
340 305 127 0
2 U2
120 0 103 294
120 0 274 148
18 U2
120 0 240 339
120 0 524 75
120 0 219 313
120 0 125 246
120 0 571 121
120 0 83 201
120 0 254 59
120 0 379 175
120 0 571 206
120 0 427 172
120 0 447 131
120 0 86 287
120 0 153 234
120 0 380 150
120 0 228 317
120 0 393 197
120 0 141 63
120 0 371 71
9
434 87 464 159
236 211 12 217
191 232 41 224
592 147 162 264
254 314 318 119
283 144 112 178
456 303 328 97
524 198 391 244
452 270 482 196
