4
3
L1 251 0
U2 219 0
L3 431 0
12
589 342
427 192
387 3
229 337
366 326
391 205
300 322
97 77
61 227
22 274
144 214
353 52
2 L1
14 L1
560 340 251 0
225 156 251 0
371 158 251 0
290 323 251 0
476 244 251 0
423 280 251 0
324 63 251 0
130 95 251 0
543 163 251 0
126 172 251 0
585 335 251 0
147 303 251 0
531 186 251 0
104 221 251 0
2 L3
14 L3
478 323 431 0
539 182 431 0
335 110 431 0
374 332 431 0
557 288 431 0
494 118 431 0
554 289 431 0
76 56 431 0
352 55 431 0
15 89 431 0
488 277 431 0
474 146 431 0
434 126 431 0
67 292 431 0
2 U2
219 0 468 247
219 0 491 284
14 U2
219 0 100 121
219 0 188 298
219 0 146 333
219 0 459 181
219 0 419 349
219 0 521 302
219 0 91 325
219 0 170 114
219 0 356 127
219 0 390 183
219 0 309 163
219 0 229 318
219 0 330 91
219 0 449 105
7
560 340 279 152
478 323 358 114
225 156 246 69
539 182 182 117
371 158 498 263
335 110 537 77
290 323 71 54
