5
5
L1 154 0
U2 322 0
L3 443 0
U4 74 0
L5 558 0
25
120 321
394 347
372 201
300 242
62 75
245 263
466 42
212 305
187 145
475 7
179 97
546 83
574 178
491 327
559 240
481 258
410 111
599 217
464 237
361 225
162 245
379 125
21 82
261 17
185 198
2 L1
14 L1
364 252 154 0
348 67 154 0
198 137 154 0
438 87 154 0
524 326 154 0
501 207 154 0
71 118 154 0
591 143 154 0
30 83 154 0
84 261 154 0
270 72 154 0
132 141 154 0
162 346 154 0
245 237 154 0
2 L3
14 L3
441 260 443 0
109 292 443 0
229 289 443 0
575 240 443 0
541 160 443 0
257 331 443 0
131 172 443 0
568 181 443 0
286 179 443 0
363 123 443 0
108 77 443 0
101 168 443 0
82 174 443 0
167 286 443 0
2 L5
14 L5
165 335 558 0
571 149 558 0
582 207 558 0
49 239 558 0
203 292 558 0
94 180 558 0
495 150 558 0
351 137 558 0
115 253 558 0
143 284 558 0
415 199 558 0
46 86 558 0
113 207 558 0
353 121 558 0
2 U2
322 0 76 86
322 0 309 180
14 U2
322 0 518 136
322 0 541 85
322 0 241 182
322 0 337 115
322 0 424 317
322 0 463 128
322 0 566 222
322 0 594 269
322 0 360 201
322 0 406 227
322 0 583 311
322 0 130 209
322 0 233 318
322 0 403 289
2 U4
74 0 542 182
74 0 255 155
14 U4
74 0 85 172
74 0 62 97
74 0 35 95
74 0 338 324
74 0 4 78
74 0 559 230
74 0 41 350
74 0 598 237
74 0 180 310
74 0 541 284
74 0 228 192
74 0 87 73
74 0 114 293
74 0 323 89
11
364 252 298 54
441 260 538 182
165 335 161 109
348 67 124 153
109 292 159 200
571 149 359 154
198 137 490 301
229 289 154 238
582 207 7 234
438 87 401 78
575 240 202 91
