3
4
L1 200 0
U2 78 0
L3 283 0
U4 295 0
20
239 228
118 331
126 47
268 79
363 304
321 185
30 148
218 96
433 49
162 162
553 217
370 210
189 254
93 219
214 1
457 106
359 292
154 230
494 167
21 246
1 L1
18 L1
269 294 200 0
434 328 200 0
293 137 200 0
75 64 200 0
173 215 200 0
449 279 200 0
116 271 200 0
358 325 200 0
440 90 200 0
52 107 200 0
105 330 200 0
67 346 200 0
468 130 200 0
47 170 200 0
294 335 200 0
490 261 200 0
109 96 200 0
156 262 200 0
1 L3
18 L3
317 123 283 0
411 66 283 0
125 220 283 0
266 211 283 0
565 338 283 0
275 127 283 0
315 120 283 0
452 88 283 0
458 93 283 0
310 177 283 0
60 146 283 0
256 140 283 0
552 187 283 0
295 172 283 0
600 123 283 0
419 237 283 0
97 258 283 0
71 251 283 0
1 U2
78 0 265 90
18 U2
78 0 70 270
78 0 472 229
78 0 362 308
78 0 106 215
78 0 517 332
78 0 67 72
78 0 327 257
78 0 168 142
78 0 162 58
78 0 578 339
78 0 23 66
78 0 483 117
78 0 404 116
78 0 373 159
78 0 288 242
78 0 37 198
78 0 106 162
78 0 68 164
1 U4
295 0 125 181
18 U4
295 0 526 147
295 0 10 267
295 0 130 350
295 0 180 143
295 0 26 328
295 0 114 300
295 0 403 248
295 0 516 337
295 0 16 183
295 0 71 100
295 0 436 61
295 0 109 131
295 0 320 256
295 0 107 128
295 0 589 309
295 0 552 336
295 0 437 211
295 0 330 200
4
269 294 241 349
317 123 89 317
434 328 595 56
411 66 296 260
