4
6
L1 407 0
U2 116 0
L3 239 0
U4 272 0
L5 335 0
U6 42 0
24
241 329
385 158
529 246
492 196
191 325
476 102
29 100
355 264
492 19
595 215
264 325
131 76
229 181
96 229
81 3
358 95
217 134
44 63
90 321
183 99
467 239
422 1
192 152
440 156
2 L1
18 L1
329 163 407 0
488 157 407 0
175 330 407 0
162 103 407 0
339 135 407 0
372 263 407 0
435 149 407 0
548 93 407 0
223 59 407 0
598 215 407 0
378 260 407 0
309 281 407 0
389 326 407 0
457 285 407 0
311 297 407 0
166 186 407 0
326 326 407 0
405 333 407 0
2 L3
18 L3
524 326 239 0
383 320 239 0
194 148 239 0
220 268 239 0
72 167 239 0
108 255 239 0
149 350 239 0
303 339 239 0
461 154 239 0
334 176 239 0
234 185 239 0
93 97 239 0
356 179 239 0
526 321 239 0
533 266 239 0
560 312 239 0
344 270 239 0
99 255 239 0
2 L5
18 L5
100 309 335 0
91 169 335 0
58 154 335 0
355 291 335 0
143 64 335 0
240 101 335 0
545 308 335 0
8 164 335 0
345 326 335 0
329 158 335 0
391 68 335 0
514 78 335 0
424 333 335 0
492 283 335 0
490 198 335 0
235 240 335 0
344 67 335 0
470 166 335 0
2 U2
116 0 383 151
116 0 594 159
18 U2
116 0 468 61
116 0 85 206
116 0 110 268
116 0 164 297
116 0 119 86
116 0 364 275
116 0 590 188
116 0 77 210
116 0 354 69
116 0 228 302
116 0 481 236
116 0 156 78
116 0 583 52
116 0 209 292
116 0 566 301
116 0 126 115
116 0 185 198
116 0 46 83
2 U4
272 0 37 344
272 0 541 220
18 U4
272 0 218 343
272 0 197 136
272 0 598 225
272 0 271 135
272 0 293 226
272 0 526 234
272 0 521 245
272 0 302 101
272 0 8 318
272 0 426 229
272 0 399 220
272 0 7 189
272 0 443 107
272 0 134 243
272 0 285 180
272 0 157 191
272 0 96 304
272 0 540 261
2 U6
42 0 413 121
42 0 487 160
18 U6
42 0 246 114
42 0 144 131
42 0 380 125
42 0 369 56
42 0 512 126
42 0 437 318
42 0 339 270
42 0 390 187
42 0 439 114
42 0 587 294
42 0 126 100
42 0 559 264
42 0 384 87
42 0 183 263
42 0 35 152
42 0 432 293
42 0 168 101
42 0 92 331
11
329 163 246 340
524 326 29 100
100 309 596 199
488 157 209 273
383 320 393 175
91 169 35 125
175 330 134 128
194 148 431 97
58 154 261 150
162 103 549 321
220 268 596 202
