5
5
L1 564 0
U2 377 0
L3 386 0
U4 351 0
L5 364 0
15
389 25
154 341
575 201
230 131
363 191
182 333
166 348
240 191
566 50
485 243
441 344
155 313
171 322
150 143
397 1
2 L1
10 L1
548 120 564 0
49 305 564 0
363 337 564 0
538 337 564 0
35 338 564 0
32 218 564 0
588 155 564 0
514 152 564 0
390 95 564 0
411 207 564 0
2 L3
10 L3
584 321 386 0
7 52 386 0
400 335 386 0
420 200 386 0
60 210 386 0
227 127 386 0
366 298 386 0
491 187 386 0
127 161 386 0
348 179 386 0
2 L5
10 L5
119 152 364 0
463 270 364 0
98 88 364 0
462 154 364 0
306 209 364 0
375 175 364 0
111 186 364 0
133 160 364 0
431 121 364 0
510 181 364 0
2 U2
377 0 260 347
377 0 549 140
10 U2
377 0 62 269
377 0 328 238
377 0 507 343
377 0 217 185
377 0 544 207
377 0 186 103
377 0 566 153
377 0 27 183
377 0 390 53
377 0 378 137
2 U4
351 0 319 146
351 0 241 210
10 U4
351 0 509 132
351 0 155 184
351 0 99 160
351 0 34 146
351 0 301 175
351 0 54 149
351 0 477 228
351 0 109 50
351 0 171 239
351 0 252 285
3
548 120 313 177
584 321 155 174
119 152 271 121
