4
4
L1 407 0
U2 69 0
L3 144 0
U4 5 0
20
75 200
521 167
494 187
42 250
321 196
15 204
501 308
402 61
435 115
445 292
68 255
123 204
49 336
534 29
586 136
140 38
22 207
404 210
564 50
268 45
2 L1
10 L1
153 227 407 0
480 349 407 0
362 160 407 0
192 332 407 0
459 128 407 0
13 189 407 0
209 88 407 0
270 226 407 0
489 124 407 0
315 179 407 0
2 L3
10 L3
430 308 144 0
208 246 144 0
197 156 144 0
295 304 144 0
519 94 144 0
149 227 144 0
479 189 144 0
54 201 144 0
450 75 144 0
129 81 144 0
2 U2
69 0 232 147
69 0 127 130
10 U2
69 0 401 135
69 0 3 169
69 0 222 227
69 0 108 76
69 0 444 294
69 0 450 191
69 0 57 336
69 0 584 82
69 0 88 232
69 0 465 247
2 U4
5 0 320 296
5 0 198 155
10 U4
5 0 106 54
5 0 522 114
5 0 573 209
5 0 441 132
5 0 246 219
5 0 288 189
5 0 366 336
5 0 539 126
5 0 597 199
5 0 326 181
4
153 227 546 127
430 308 162 127
480 349 185 314
208 246 526 268
