3
3
L1 173 0
U2 499 0
L3 390 0
9
197 146
107 21
545 64
277 139
228 175
574 314
258 200
450 26
314 13
1 L1
22 L1
277 78 173 0
109 137 173 0
256 160 173 0
261 155 173 0
208 56 173 0
569 153 173 0
91 285 173 0
261 59 173 0
100 239 173 0
253 112 173 0
0 107 173 0
313 305 173 0
225 223 173 0
285 190 173 0
157 243 173 0
536 300 173 0
126 235 173 0
56 103 173 0
32 87 173 0
402 299 173 0
378 146 173 0
64 59 173 0
1 L3
22 L3
510 329 390 0
261 340 390 0
524 304 390 0
308 160 390 0
65 159 390 0
25 131 390 0
190 328 390 0
296 172 390 0
45 299 390 0
202 131 390 0
316 196 390 0
330 50 390 0
84 207 390 0
479 202 390 0
42 88 390 0
536 126 390 0
212 349 390 0
593 231 390 0
12 225 390 0
94 226 390 0
188 101 390 0
468 62 390 0
1 U2
499 0 252 250
22 U2
499 0 543 134
499 0 400 269
499 0 502 207
499 0 88 108
499 0 371 97
499 0 589 345
499 0 277 228
499 0 284 165
499 0 542 286
499 0 348 216
499 0 256 154
499 0 13 333
499 0 503 201
499 0 45 255
499 0 539 165
499 0 461 214
499 0 366 273
499 0 5 282
499 0 578 337
499 0 524 71
499 0 312 137
499 0 139 184
7
277 78 393 62
510 329 168 60
109 137 142 210
261 340 441 243
256 160 576 100
524 304 320 144
261 155 274 177
