5
3
L1 77 0
U2 492 0
L3 88 0
9
37 278
487 154
188 153
220 303
272 162
38 83
70 298
502 59
204 179
2 L1
22 L1
352 302 77 0
254 214 77 0
303 346 77 0
385 134 77 0
359 292 77 0
530 105 77 0
552 293 77 0
304 344 77 0
417 213 77 0
44 138 77 0
242 323 77 0
342 51 77 0
107 205 77 0
553 299 77 0
365 296 77 0
113 72 77 0
174 258 77 0
582 311 77 0
130 89 77 0
335 133 77 0
455 217 77 0
122 126 77 0
2 L3
22 L3
172 274 88 0
146 284 88 0
44 135 88 0
340 272 88 0
406 247 88 0
6 184 88 0
2 145 88 0
133 148 88 0
278 106 88 0
63 292 88 0
149 314 88 0
526 135 88 0
582 240 88 0
477 65 88 0
195 140 88 0
376 67 88 0
577 321 88 0
65 239 88 0
110 172 88 0
204 252 88 0
576 301 88 0
427 286 88 0
2 U2
492 0 44 151
492 0 114 319
22 U2
492 0 274 125
492 0 138 288
492 0 537 300
492 0 319 250
492 0 556 164
492 0 572 101
492 0 99 133
492 0 10 222
492 0 330 289
492 0 344 231
492 0 367 281
492 0 521 183
492 0 458 290
492 0 594 309
492 0 202 116
492 0 407 91
492 0 98 50
492 0 327 74
492 0 393 97
492 0 561 278
492 0 324 72
492 0 144 127
10
352 302 410 96
172 274 97 285
254 214 94 69
146 284 438 210
303 346 80 168
44 135 176 335
385 134 202 350
340 272 355 120
359 292 485 271
406 247 60 155
