5
5
L1 47 0
U2 152 0
L3 356 0
U4 101 0
L5 124 0
20
479 24
133 251
216 203
202 76
577 45
208 175
378 342
79 87
72 176
98 102
47 60
139 62
177 166
189 197
419 55
139 232
597 185
163 256
596 316
357 235
2 L1
22 L1
471 51 47 0
273 280 47 0
470 79 47 0
210 163 47 0
576 152 47 0
249 242 47 0
364 84 47 0
102 150 47 0
21 96 47 0
78 284 47 0
470 234 47 0
596 163 47 0
323 239 47 0
256 296 47 0
477 185 47 0
365 56 47 0
30 216 47 0
50 309 47 0
250 337 47 0
410 169 47 0
470 107 47 0
409 97 47 0
2 L3
22 L3
200 66 356 0
4 283 356 0
230 214 356 0
217 204 356 0
497 168 356 0
425 321 356 0
281 128 356 0
100 182 356 0
313 244 356 0
508 158 356 0
332 177 356 0
321 83 356 0
16 328 356 0
86 137 356 0
27 244 356 0
476 287 356 0
384 107 356 0
419 241 356 0
147 193 356 0
142 342 356 0
394 211 356 0
424 343 356 0
2 L5
22 L5
159 165 124 0
474 123 124 0
560 325 124 0
88 321 124 0
329 211 124 0
481 262 124 0
87 298 124 0
423 316 124 0
506 338 124 0
356 71 124 0
261 105 124 0
389 151 124 0
41 278 124 0
458 81 124 0
111 194 124 0
596 256 124 0
141 317 124 0
572 336 124 0
378 89 124 0
126 241 124 0
516 280 124 0
576 82 124 0
2 U2
152 0 390 210
152 0 125 194
22 U2
152 0 343 61
152 0 488 259
152 0 343 173
152 0 122 288
152 0 141 279
152 0 333 88
152 0 170 231
152 0 104 215
152 0 528 350
152 0 339 121
152 0 352 70
152 0 50 181
152 0 121 242
152 0 591 70
152 0 93 255
152 0 591 188
152 0 246 224
152 0 203 81
152 0 536 208
152 0 119 257
152 0 347 114
152 0 307 257
2 U4
101 0 500 273
101 0 195 298
22 U4
101 0 564 132
101 0 312 174
101 0 108 333
101 0 280 130
101 0 384 263
101 0 516 216
101 0 299 140
101 0 440 146
101 0 109 298
101 0 17 207
101 0 6 183
101 0 197 114
101 0 335 233
101 0 112 348
101 0 540 195
101 0 554 196
101 0 314 77
101 0 159 105
101 0 306 241
101 0 306 241
101 0 252 296
101 0 462 155
6
471 51 94 111
200 66 341 226
159 165 304 282
273 280 236 226
4 283 479 333
474 123 464 155
