4
4
L1 304 0
U2 49 0
L3 276 0
U4 174 0
20
262 220
599 82
12 250
76 307
482 113
588 138
190 302
69 93
342 214
6 296
39 69
549 64
17 325
195 36
556 185
392 133
476 123
21 244
212 94
96 312
2 L1
18 L1
186 248 304 0
450 219 304 0
53 57 304 0
267 276 304 0
269 247 304 0
293 308 304 0
562 281 304 0
492 287 304 0
195 213 304 0
498 281 304 0
120 132 304 0
437 244 304 0
371 303 304 0
573 182 304 0
453 229 304 0
235 121 304 0
421 60 304 0
157 249 304 0
2 L3
18 L3
553 201 276 0
366 260 276 0
91 164 276 0
219 162 276 0
157 56 276 0
140 304 276 0
549 197 276 0
420 226 276 0
4 216 276 0
318 346 276 0
322 342 276 0
116 229 276 0
555 246 276 0
320 239 276 0
492 91 276 0
598 140 276 0
32 67 276 0
276 313 276 0
2 U2
49 0 16 244
49 0 275 211
18 U2
49 0 375 138
49 0 549 69
49 0 476 234
49 0 423 286
49 0 218 302
49 0 373 241
49 0 123 250
49 0 346 325
49 0 438 214
49 0 471 161
49 0 161 320
49 0 334 328
49 0 466 200
49 0 287 200
49 0 194 347
49 0 424 174
49 0 273 300
49 0 489 91
2 U4
174 0 174 94
174 0 486 342
18 U4
174 0 528 262
174 0 162 182
174 0 532 69
174 0 292 128
174 0 153 180
174 0 78 190
174 0 266 117
174 0 448 216
174 0 172 152
174 0 190 218
174 0 314 217
174 0 63 175
174 0 542 304
174 0 218 86
174 0 308 290
174 0 124 278
174 0 341 172
174 0 489 301
4
186 248 175 194
553 201 0 174
450 219 484 67
366 260 577 206
