4
6
L1 305 0
U2 430 0
L3 437 0
U4 327 0
L5 264 0
U6 426 0
18
466 174
373 299
177 174
190 287
427 301
166 143
209 290
583 146
296 70
1 342
237 126
438 291
273 254
31 119
379 191
515 95
301 254
385 295
2 L1
22 L1
353 263 305 0
131 215 305 0
151 144 305 0
116 183 305 0
190 200 305 0
45 250 305 0
168 152 305 0
152 280 305 0
534 337 305 0
590 57 305 0
153 282 305 0
568 239 305 0
190 61 305 0
230 208 305 0
193 66 305 0
338 331 305 0
272 125 305 0
493 175 305 0
189 183 305 0
76 158 305 0
368 308 305 0
146 97 305 0
2 L3
22 L3
6 275 437 0
236 74 437 0
258 325 437 0
38 156 437 0
35 211 437 0
121 329 437 0
314 140 437 0
311 309 437 0
329 58 437 0
139 66 437 0
145 184 437 0
205 119 437 0
588 128 437 0
119 166 437 0
398 297 437 0
134 303 437 0
359 72 437 0
362 186 437 0
526 111 437 0
16 244 437 0
524 295 437 0
400 55 437 0
2 L5
22 L5
492 320 264 0
40 238 264 0
410 187 264 0
599 259 264 0
121 212 264 0
565 92 264 0
469 210 264 0
248 123 264 0
553 247 264 0
565 267 264 0
138 322 264 0
37 331 264 0
248 146 264 0
285 102 264 0
363 336 264 0
153 251 264 0
571 161 264 0
320 74 264 0
194 185 264 0
548 239 264 0
301 346 264 0
540 310 264 0
2 U2
430 0 123 179
430 0 184 88
22 U2
430 0 164 77
430 0 295 225
430 0 312 145
430 0 512 106
430 0 11 63
430 0 272 84
430 0 302 133
430 0 171 116
430 0 507 262
430 0 69 284
430 0 583 90
430 0 196 311
430 0 112 337
430 0 409 321
430 0 483 339
430 0 305 83
430 0 396 147
430 0 425 139
430 0 112 108
430 0 178 142
430 0 119 105
430 0 521 116
2 U4
327 0 392 142
327 0 519 178
22 U4
327 0 201 185
327 0 586 79
327 0 514 158
327 0 385 221
327 0 271 59
327 0 183 326
327 0 77 259
327 0 3 108
327 0 420 289
327 0 236 189
327 0 191 175
327 0 235 179
327 0 155 271
327 0 147 344
327 0 303 159
327 0 152 217
327 0 595 287
327 0 57 75
327 0 154 340
327 0 523 296
327 0 479 326
327 0 351 236
2 U6
426 0 560 151
426 0 397 79
22 U6
426 0 25 79
426 0 33 199
426 0 430 295
426 0 94 153
426 0 7 239
426 0 269 344
426 0 268 177
426 0 441 348
426 0 569 337
426 0 186 101
426 0 74 253
426 0 43 169
426 0 424 261
426 0 57 338
426 0 364 272
426 0 523 86
426 0 335 137
426 0 46 190
426 0 153 259
426 0 405 77
426 0 437 290
426 0 592 106
20
353 263 36 55
6 275 323 336
492 320 190 113
131 215 274 318
236 74 131 342
40 238 578 338
151 144 593 314
258 325 383 267
410 187 219 170
116 183 70 200
38 156 387 130
599 259 139 342
190 200 298 301
35 211 445 148
121 212 9 259
45 250 512 247
121 329 161 169
565 92 115 322
168 152 406 244
314 140 448 226
