4
6
L1 153 0
U2 157 0
L3 216 0
U4 158 0
L5 19 0
U6 105 0
24
91 316
131 20
589 89
587 219
316 131
334 57
406 315
90 142
277 180
34 274
73 42
51 217
177 226
215 98
8 46
407 155
47 276
217 274
128 193
446 293
583 204
11 249
62 237
234 11
2 L1
10 L1
336 78 153 0
459 343 153 0
542 341 153 0
178 226 153 0
400 147 153 0
207 68 153 0
85 239 153 0
10 60 153 0
22 228 153 0
410 283 153 0
2 L3
10 L3
497 88 216 0
271 96 216 0
575 329 216 0
439 59 216 0
203 169 216 0
78 68 216 0
245 161 216 0
314 322 216 0
0 84 216 0
256 140 216 0
2 L5
10 L5
95 329 19 0
348 319 19 0
72 220 19 0
159 345 19 0
269 139 19 0
155 215 19 0
244 133 19 0
185 340 19 0
598 201 19 0
321 75 19 0
2 U2
157 0 488 309
157 0 259 173
10 U2
157 0 107 128
157 0 10 233
157 0 9 264
157 0 376 322
157 0 299 105
157 0 553 146
157 0 295 121
157 0 595 206
157 0 530 292
157 0 408 121
2 U4
158 0 431 189
158 0 74 348
10 U4
158 0 12 67
158 0 389 261
158 0 283 75
158 0 247 257
158 0 94 323
158 0 550 234
158 0 209 105
158 0 168 331
158 0 520 146
158 0 558 262
2 U6
105 0 498 138
105 0 438 155
10 U6
105 0 51 165
105 0 445 57
105 0 231 87
105 0 583 209
105 0 220 161
105 0 236 350
105 0 482 211
105 0 414 302
105 0 115 327
105 0 398 120
9
336 78 457 118
497 88 250 329
95 329 87 144
459 343 5 54
271 96 58 320
348 319 406 75
542 341 140 87
575 329 160 164
72 220 41 235
