5
6
L1 137 0
U2 126 0
L3 358 0
U4 531 0
L5 236 0
U6 456 0
30
64 58
554 13
561 207
258 183
491 342
49 183
495 307
310 71
552 136
556 10
201 197
433 348
244 224
535 316
554 247
129 253
266 229
98 90
319 325
371 206
268 59
18 201
443 19
98 61
43 159
72 350
546 2
375 124
552 19
524 302
2 L1
22 L1
213 229 137 0
58 302 137 0
441 255 137 0
473 206 137 0
179 219 137 0
566 259 137 0
89 122 137 0
203 350 137 0
447 83 137 0
124 76 137 0
433 96 137 0
226 284 137 0
307 271 137 0
539 244 137 0
184 83 137 0
239 189 137 0
411 254 137 0
584 344 137 0
229 294 137 0
108 83 137 0
66 66 137 0
377 273 137 0
2 L3
22 L3
399 178 358 0
207 62 358 0
154 111 358 0
413 188 358 0
170 100 358 0
441 215 358 0
109 231 358 0
540 291 358 0
354 158 358 0
518 245 358 0
368 176 358 0
457 295 358 0
564 294 358 0
84 307 358 0
273 244 358 0
474 254 358 0
395 279 358 0
394 88 358 0
327 96 358 0
425 109 358 0
58 329 358 0
569 314 358 0
2 L5
22 L5
594 241 236 0
523 175 236 0
186 123 236 0
406 55 236 0
263 132 236 0
245 264 236 0
184 347 236 0
139 84 236 0
363 241 236 0
48 227 236 0
547 310 236 0
539 82 236 0
486 188 236 0
22 173 236 0
202 110 236 0
481 126 236 0
155 348 236 0
40 129 236 0
117 240 236 0
27 336 236 0
185 91 236 0
534 139 236 0
2 U2
126 0 112 322
126 0 120 138
22 U2
126 0 164 119
126 0 592 246
126 0 526 329
126 0 231 169
126 0 487 301
126 0 300 304
126 0 322 51
126 0 415 177
126 0 230 162
126 0 274 223
126 0 342 72
126 0 463 52
126 0 355 54
126 0 138 253
126 0 239 338
126 0 534 174
126 0 363 344
126 0 427 215
126 0 567 270
126 0 579 70
126 0 237 323
126 0 449 154
2 U4
531 0 311 100
531 0 247 124
22 U4
531 0 485 172
531 0 331 335
531 0 369 98
531 0 305 102
531 0 596 155
531 0 337 131
531 0 579 318
531 0 362 82
531 0 292 239
531 0 16 195
531 0 225 165
531 0 256 98
531 0 206 219
531 0 138 336
531 0 154 336
531 0 25 283
531 0 212 335
531 0 58 238
531 0 147 62
531 0 43 325
531 0 548 107
531 0 454 200
2 U6
456 0 213 323
456 0 5 347
22 U6
456 0 122 199
456 0 319 86
456 0 551 129
456 0 168 196
456 0 572 108
456 0 583 334
456 0 118 139
456 0 363 63
456 0 350 177
456 0 189 80
456 0 134 167
456 0 211 319
456 0 516 114
456 0 312 263
456 0 179 168
456 0 321 94
456 0 80 227
456 0 144 296
456 0 21 83
456 0 349 138
456 0 20 215
456 0 440 155
14
213 229 214 251
399 178 500 112
594 241 21 177
58 302 435 87
207 62 573 307
523 175 119 310
441 255 58 107
154 111 401 158
186 123 482 224
473 206 436 223
413 188 155 68
406 55 426 191
179 219 575 186
170 100 573 130
