3
4
L1 198 0
U2 577 0
L3 129 0
U4 579 0
12
369 168
1 202
163 1
178 100
244 6
20 72
201 209
530 213
397 337
93 246
468 319
28 246
1 L1
22 L1
399 180 198 0
210 305 198 0
195 131 198 0
212 343 198 0
540 229 198 0
203 338 198 0
216 152 198 0
119 246 198 0
513 176 198 0
295 272 198 0
501 268 198 0
564 288 198 0
512 320 198 0
352 220 198 0
35 274 198 0
254 178 198 0
221 335 198 0
357 98 198 0
327 246 198 0
599 95 198 0
140 306 198 0
269 164 198 0
1 L3
22 L3
148 236 129 0
8 228 129 0
379 157 129 0
315 336 129 0
418 271 129 0
63 247 129 0
174 199 129 0
496 300 129 0
167 314 129 0
416 110 129 0
117 349 129 0
411 249 129 0
585 248 129 0
417 187 129 0
295 192 129 0
191 338 129 0
98 320 129 0
310 342 129 0
417 348 129 0
340 337 129 0
290 232 129 0
257 187 129 0
1 U2
577 0 365 303
22 U2
577 0 556 122
577 0 136 267
577 0 266 100
577 0 106 178
577 0 150 257
577 0 155 183
577 0 165 213
577 0 282 121
577 0 3 183
577 0 425 342
577 0 258 271
577 0 212 343
577 0 124 282
577 0 262 331
577 0 23 268
577 0 139 174
577 0 204 342
577 0 135 153
577 0 106 110
577 0 502 149
577 0 410 87
577 0 129 103
1 U4
579 0 203 105
22 U4
579 0 48 77
579 0 284 118
579 0 238 229
579 0 482 258
579 0 356 226
579 0 324 75
579 0 475 110
579 0 229 279
579 0 40 145
579 0 140 72
579 0 503 310
579 0 204 315
579 0 27 162
579 0 328 259
579 0 538 102
579 0 590 68
579 0 99 307
579 0 162 71
579 0 440 349
579 0 468 60
579 0 369 294
579 0 376 104
14
399 180 153 90
148 236 425 232
210 305 367 236
8 228 358 256
195 131 402 151
379 157 69 116
212 343 30 350
315 336 262 311
540 229 464 288
418 271 463 177
203 338 536 272
63 247 92 214
216 152 18 109
174 199 252 314
