3
5
L1 591 0
U2 190 0
L3 272 0
U4 237 0
L5 593 0
15
580 104
194 130
402 197
196 31
461 113
569 0
238 276
455 27
243 175
219 116
376 105
433 10
61 45
472 79
167 183
1 L1
14 L1
205 277 591 0
341 137 591 0
202 310 591 0
446 266 591 0
362 284 591 0
236 224 591 0
100 292 591 0
241 77 591 0
416 106 591 0
229 312 591 0
314 121 591 0
86 202 591 0
49 295 591 0
25 94 591 0
1 L3
14 L3
350 218 272 0
261 193 272 0
410 179 272 0
40 327 272 0
463 163 272 0
596 234 272 0
188 236 272 0
570 86 272 0
35 340 272 0
132 319 272 0
156 279 272 0
125 176 272 0
126 92 272 0
481 283 272 0
1 L5
14 L5
226 177 593 0
321 158 593 0
538 306 593 0
508 280 593 0
450 60 593 0
534 337 593 0
35 83 593 0
404 160 593 0
444 219 593 0
145 122 593 0
380 211 593 0
237 265 593 0
352 239 593 0
327 323 593 0
1 U2
190 0 381 102
14 U2
190 0 19 116
190 0 316 136
190 0 409 284
190 0 362 298
190 0 284 189
190 0 283 90
190 0 104 158
190 0 477 264
190 0 552 109
190 0 403 171
190 0 48 216
190 0 468 260
190 0 598 288
190 0 73 50
1 U4
237 0 512 322
14 U4
237 0 511 68
237 0 243 113
237 0 403 230
237 0 265 202
237 0 420 83
237 0 77 245
237 0 315 91
237 0 293 146
237 0 585 311
237 0 35 256
237 0 375 201
237 0 75 290
237 0 200 342
237 0 508 310
11
205 277 100 316
350 218 41 281
226 177 56 243
341 137 203 84
261 193 491 146
321 158 92 322
202 310 236 279
410 179 540 173
538 306 392 198
446 266 293 349
40 327 206 337
