5
3
L1 219 0
U2 127 0
L3 227 0
12
289 193
394 121
394 272
484 238
398 115
509 60
451 212
87 294
538 57
18 213
106 161
25 103
2 L1
22 L1
476 283 219 0
155 121 219 0
440 159 219 0
572 239 219 0
598 194 219 0
447 253 219 0
329 164 219 0
418 346 219 0
261 281 219 0
361 214 219 0
274 156 219 0
166 176 219 0
277 275 219 0
487 54 219 0
328 302 219 0
550 204 219 0
566 339 219 0
132 179 219 0
258 170 219 0
400 85 219 0
175 222 219 0
133 196 219 0
2 L3
22 L3
423 247 227 0
379 323 227 0
211 320 227 0
66 318 227 0
360 191 227 0
501 243 227 0
166 119 227 0
466 346 227 0
523 107 227 0
403 143 227 0
133 155 227 0
475 148 227 0
536 101 227 0
100 228 227 0
100 242 227 0
89 87 227 0
363 203 227 0
77 141 227 0
174 83 227 0
584 102 227 0
191 292 227 0
388 200 227 0
2 U2
127 0 424 80
127 0 516 225
22 U2
127 0 589 157
127 0 285 82
127 0 600 245
127 0 225 335
127 0 361 82
127 0 183 301
127 0 84 255
127 0 348 56
127 0 231 241
127 0 564 96
127 0 536 296
127 0 494 181
127 0 468 54
127 0 445 230
127 0 5 75
127 0 469 128
127 0 389 323
127 0 80 251
127 0 193 115
127 0 363 140
127 0 421 64
127 0 190 127
7
476 283 108 217
423 247 411 347
155 121 48 217
379 323 560 84
440 159 151 189
211 320 428 112
572 239 141 85
