4
5
L1 484 0
U2 293 0
L3 36 0
U4 394 0
L5 420 0
15
47 55
148 34
570 1
519 342
126 29
557 128
496 153
324 235
72 283
394 213
303 201
229 332
96 27
229 113
8 173
2 L1
10 L1
392 131 484 0
284 168 484 0
195 194 484 0
506 298 484 0
301 240 484 0
303 164 484 0
363 218 484 0
103 193 484 0
456 114 484 0
340 98 484 0
2 L3
10 L3
225 227 36 0
73 85 36 0
44 63 36 0
455 222 36 0
255 208 36 0
589 300 36 0
46 261 36 0
455 57 36 0
292 99 36 0
29 273 36 0
2 L5
10 L5
383 192 420 0
460 59 420 0
91 220 420 0
480 199 420 0
55 151 420 0
454 225 420 0
157 248 420 0
395 295 420 0
166 106 420 0
380 297 420 0
2 U2
293 0 338 315
293 0 150 109
10 U2
293 0 416 256
293 0 388 184
293 0 376 91
293 0 20 271
293 0 209 318
293 0 264 330
293 0 372 142
293 0 208 86
293 0 463 247
293 0 486 198
2 U4
394 0 268 148
394 0 581 57
10 U4
394 0 104 183
394 0 288 82
394 0 200 241
394 0 571 59
394 0 122 120
394 0 491 175
394 0 327 243
394 0 322 234
394 0 10 173
394 0 228 161
8
392 131 578 330
225 227 219 187
383 192 111 342
284 168 257 275
73 85 329 104
460 59 117 258
195 194 16 164
44 63 396 97
