4
3
L1 508 0
U2 406 0
L3 357 0
12
102 111
292 131
40 209
498 87
394 330
114 79
506 250
16 163
373 46
239 322
593 97
318 36
2 L1
10 L1
5 96 508 0
102 226 508 0
155 109 508 0
170 346 508 0
528 312 508 0
118 282 508 0
55 74 508 0
402 96 508 0
275 294 508 0
582 76 508 0
2 L3
10 L3
433 98 357 0
158 175 357 0
85 120 357 0
144 92 357 0
10 108 357 0
585 288 357 0
581 51 357 0
225 54 357 0
228 145 357 0
294 335 357 0
2 U2
406 0 120 253
406 0 236 235
10 U2
406 0 346 229
406 0 384 206
406 0 429 262
406 0 75 106
406 0 359 104
406 0 385 290
406 0 158 180
406 0 366 340
406 0 226 291
406 0 325 127
2
5 96 147 309
433 98 592 341
