4
3
L1 33 0
U2 572 0
L3 324 0
9
98 310
375 146
518 197
189 289
169 23
379 175
33 178
180 136
383 22
2 L1
10 L1
149 203 33 0
267 171 33 0
289 310 33 0
358 193 33 0
213 228 33 0
429 127 33 0
317 100 33 0
475 51 33 0
359 170 33 0
21 188 33 0
2 L3
10 L3
157 61 324 0
160 281 324 0
120 338 324 0
567 335 324 0
565 244 324 0
389 340 324 0
378 139 324 0
107 157 324 0
563 247 324 0
432 85 324 0
2 U2
572 0 117 158
572 0 367 276
10 U2
572 0 259 149
572 0 18 179
572 0 81 107
572 0 303 98
572 0 583 150
572 0 519 64
572 0 58 123
572 0 572 152
572 0 264 337
572 0 485 202
3
149 203 284 99
157 61 112 294
267 171 419 159
