4
5
L1 2 0
U2 16 0
L3 41 0
U4 211 0
L5 153 0
20
275 100
69 307
222 342
319 79
419 163
244 119
231 89
496 299
419 203
379 245
508 206
273 312
257 146
554 71
579 49
120 177
30 71
314 111
337 168
217 153
2 L1
18 L1
170 75 2 0
428 233 2 0
319 334 2 0
501 66 2 0
478 331 2 0
264 271 2 0
240 331 2 0
145 315 2 0
270 309 2 0
372 296 2 0
346 61 2 0
262 169 2 0
123 117 2 0
473 130 2 0
347 116 2 0
333 196 2 0
365 72 2 0
196 241 2 0
2 L3
18 L3
48 140 41 0
300 193 41 0
487 63 41 0
193 299 41 0
570 78 41 0
201 212 41 0
206 225 41 0
410 138 41 0
209 65 41 0
233 69 41 0
410 160 41 0
31 316 41 0
421 291 41 0
212 305 41 0
284 332 41 0
595 247 41 0
421 224 41 0
459 238 41 0
2 L5
18 L5
114 331 153 0
498 311 153 0
19 302 153 0
324 182 153 0
307 166 153 0
19 197 153 0
156 173 153 0
297 302 153 0
143 270 153 0
77 272 153 0
248 185 153 0
45 298 153 0
486 219 153 0
5 141 153 0
214 127 153 0
154 99 153 0
135 221 153 0
341 318 153 0
2 U2
16 0 87 131
16 0 498 136
18 U2
16 0 430 174
16 0 38 97
16 0 43 246
16 0 576 113
16 0 428 249
16 0 551 220
16 0 410 249
16 0 174 257
16 0 581 294
16 0 476 194
16 0 350 270
16 0 371 283
16 0 236 287
16 0 509 348
16 0 97 229
16 0 99 242
16 0 569 156
16 0 250 123
2 U4
211 0 487 181
211 0 64 322
18 U4
211 0 28 104
211 0 34 92
211 0 518 199
211 0 244 199
211 0 329 77
211 0 255 344
211 0 377 118
211 0 199 67
211 0 360 280
211 0 541 208
211 0 454 319
211 0 343 258
211 0 435 303
211 0 105 60
211 0 542 339
211 0 295 106
211 0 12 309
211 0 317 219
14
170 75 541 133
48 140 108 68
114 331 339 160
428 233 501 293
300 193 173 99
498 311 520 210
319 334 499 191
487 63 220 208
19 302 268 142
501 66 90 203
193 299 119 172
324 182 296 291
478 331 391 273
570 78 483 141
