5
3
L1 339 0
U2 311 0
L3 23 0
9
489 228
477 259
239 302
392 91
166 264
572 209
103 295
50 49
51 146
2 L1
22 L1
29 251 339 0
583 262 339 0
364 265 339 0
339 258 339 0
490 276 339 0
523 87 339 0
5 272 339 0
185 291 339 0
128 282 339 0
354 211 339 0
355 189 339 0
115 307 339 0
176 199 339 0
475 150 339 0
359 229 339 0
254 77 339 0
414 103 339 0
526 151 339 0
301 180 339 0
309 266 339 0
326 306 339 0
365 345 339 0
2 L3
22 L3
119 121 23 0
350 262 23 0
557 115 23 0
488 184 23 0
76 90 23 0
23 69 23 0
264 56 23 0
450 215 23 0
134 315 23 0
196 163 23 0
192 102 23 0
147 98 23 0
71 68 23 0
540 136 23 0
452 61 23 0
405 338 23 0
134 321 23 0
81 316 23 0
429 59 23 0
413 296 23 0
464 231 23 0
518 186 23 0
2 U2
311 0 241 304
311 0 330 151
22 U2
311 0 499 169
311 0 132 274
311 0 459 53
311 0 246 347
311 0 459 185
311 0 134 139
311 0 72 293
311 0 472 273
311 0 568 50
311 0 329 109
311 0 574 192
311 0 327 214
311 0 576 238
311 0 221 178
311 0 515 225
311 0 441 231
311 0 595 117
311 0 25 93
311 0 349 136
311 0 252 96
311 0 329 189
311 0 349 312
4
29 251 589 188
119 121 127 319
583 262 598 162
350 262 334 288
