5
3
L1 594 0
U2 586 0
L3 28 0
9
39 147
296 276
355 292
288 120
301 221
26 27
234 245
202 340
441 146
2 L1
22 L1
440 240 594 0
488 312 594 0
7 293 594 0
541 192 594 0
476 279 594 0
87 345 594 0
139 178 594 0
582 263 594 0
86 206 594 0
144 293 594 0
138 239 594 0
425 301 594 0
359 245 594 0
564 74 594 0
382 162 594 0
312 136 594 0
168 161 594 0
230 337 594 0
415 99 594 0
543 128 594 0
241 139 594 0
486 51 594 0
2 L3
22 L3
231 184 28 0
173 171 28 0
214 163 28 0
338 120 28 0
483 342 28 0
259 61 28 0
463 287 28 0
0 285 28 0
160 182 28 0
369 213 28 0
175 318 28 0
213 173 28 0
115 147 28 0
531 281 28 0
187 56 28 0
415 288 28 0
112 255 28 0
458 237 28 0
530 256 28 0
111 167 28 0
103 319 28 0
556 57 28 0
2 U2
586 0 567 304
586 0 441 256
22 U2
586 0 434 211
586 0 583 159
586 0 85 232
586 0 303 214
586 0 397 177
586 0 389 136
586 0 558 90
586 0 491 319
586 0 76 209
586 0 453 285
586 0 129 148
586 0 95 264
586 0 392 327
586 0 462 294
586 0 84 53
586 0 65 145
586 0 442 309
586 0 421 259
586 0 52 75
586 0 467 57
586 0 25 277
586 0 101 190
7
440 240 241 83
231 184 323 153
488 312 358 139
173 171 273 296
7 293 551 256
214 163 493 72
541 192 148 140
