3
4
L1 470 0
U2 0 0
L3 344 0
U4 325 0
16
146 186
394 332
436 327
96 153
35 167
373 248
294 347
508 283
95 165
500 232
372 165
332 68
427 56
139 340
396 60
189 2
1 L1
22 L1
477 350 470 0
362 107 470 0
504 170 470 0
13 87 470 0
388 302 470 0
540 301 470 0
54 87 470 0
529 183 470 0
537 322 470 0
102 151 470 0
85 242 470 0
74 219 470 0
258 115 470 0
473 251 470 0
299 55 470 0
28 259 470 0
59 95 470 0
313 319 470 0
201 201 470 0
563 66 470 0
535 101 470 0
599 50 470 0
1 L3
22 L3
250 193 344 0
403 93 344 0
199 219 344 0
516 259 344 0
389 276 344 0
185 271 344 0
74 108 344 0
332 165 344 0
451 107 344 0
217 91 344 0
381 222 344 0
150 111 344 0
173 207 344 0
117 234 344 0
63 333 344 0
396 301 344 0
202 287 344 0
100 56 344 0
487 92 344 0
506 127 344 0
467 83 344 0
42 253 344 0
1 U2
0 0 192 174
22 U2
0 0 489 84
0 0 266 194
0 0 530 184
0 0 576 176
0 0 211 246
0 0 192 111
0 0 323 135
0 0 291 327
0 0 36 329
0 0 474 231
0 0 55 97
0 0 197 212
0 0 111 230
0 0 303 136
0 0 587 250
0 0 367 125
0 0 459 243
0 0 182 243
0 0 392 319
0 0 152 74
0 0 282 68
0 0 115 346
1 U4
325 0 405 115
22 U4
325 0 435 323
325 0 244 96
325 0 395 85
325 0 13 348
325 0 472 101
325 0 118 263
325 0 268 130
325 0 530 227
325 0 234 305
325 0 158 79
325 0 254 226
325 0 396 292
325 0 571 211
325 0 260 74
325 0 583 137
325 0 53 115
325 0 13 336
325 0 593 61
325 0 260 292
325 0 572 222
325 0 323 139
325 0 512 292
9
477 350 134 297
250 193 500 114
362 107 243 242
403 93 461 162
504 170 66 98
199 219 531 69
13 87 15 143
516 259 600 305
388 302 46 234
