3
6
L1 59 0
U2 266 0
L3 181 0
U4 146 0
L5 447 0
U6 578 0
30
5 174
343 68
496 261
471 79
526 5
572 329
472 53
445 345
254 165
495 347
430 217
25 16
463 56
538 200
9 72
249 205
269 343
531 225
457 229
381 226
362 91
292 173
419 40
379 45
528 280
235 125
108 275
591 157
387 20
72 137
1 L1
22 L1
527 158 59 0
462 280 59 0
250 339 59 0
161 229 59 0
140 294 59 0
222 344 59 0
1 197 59 0
460 346 59 0
65 79 59 0
341 74 59 0
31 160 59 0
410 135 59 0
52 212 59 0
391 144 59 0
299 165 59 0
365 178 59 0
445 107 59 0
145 179 59 0
448 165 59 0
75 127 59 0
323 261 59 0
518 121 59 0
1 L3
22 L3
306 65 181 0
304 270 181 0
44 269 181 0
416 126 181 0
126 105 181 0
525 293 181 0
284 263 181 0
506 332 181 0
305 116 181 0
567 218 181 0
185 137 181 0
408 325 181 0
584 275 181 0
194 296 181 0
175 98 181 0
595 348 181 0
595 110 181 0
199 125 181 0
502 55 181 0
455 220 181 0
123 112 181 0
557 167 181 0
1 L5
22 L5
189 194 447 0
118 134 447 0
321 327 447 0
280 220 447 0
82 157 447 0
423 125 447 0
416 104 447 0
482 242 447 0
369 111 447 0
249 262 447 0
423 119 447 0
312 278 447 0
13 86 447 0
305 328 447 0
537 139 447 0
251 167 447 0
531 290 447 0
249 313 447 0
477 235 447 0
482 286 447 0
168 321 447 0
26 143 447 0
1 U2
266 0 571 129
22 U2
266 0 424 241
266 0 196 97
266 0 95 197
266 0 156 244
266 0 464 131
266 0 388 276
266 0 189 113
266 0 226 53
266 0 5 55
266 0 357 283
266 0 20 300
266 0 449 300
266 0 547 247
266 0 555 117
266 0 54 332
266 0 112 72
266 0 504 216
266 0 195 149
266 0 43 162
266 0 127 87
266 0 226 244
266 0 333 294
1 U4
146 0 532 120
22 U4
146 0 536 209
146 0 113 335
146 0 206 128
146 0 132 71
146 0 83 180
146 0 223 68
146 0 235 54
146 0 377 277
146 0 177 130
146 0 387 276
146 0 82 86
146 0 426 126
146 0 88 72
146 0 303 302
146 0 20 83
146 0 265 220
146 0 327 70
146 0 130 58
146 0 567 150
146 0 443 255
146 0 501 263
146 0 277 172
1 U6
578 0 466 142
22 U6
578 0 216 231
578 0 69 165
578 0 46 98
578 0 438 165
578 0 420 341
578 0 518 260
578 0 40 82
578 0 141 327
578 0 87 190
578 0 565 97
578 0 471 145
578 0 508 314
578 0 339 115
578 0 531 133
578 0 486 101
578 0 529 163
578 0 182 228
578 0 554 59
578 0 512 243
578 0 320 303
578 0 561 327
578 0 236 140
14
527 158 305 134
306 65 132 178
189 194 504 195
462 280 542 312
304 270 415 101
118 134 297 231
250 339 358 267
44 269 210 161
321 327 80 189
161 229 467 311
416 126 298 186
280 220 119 179
140 294 103 250
126 105 171 91
