3
4
L1 204 0
U2 571 0
L3 541 0
U4 389 0
12
225 313
425 298
497 67
92 291
413 47
556 160
289 0
462 31
58 74
122 62
391 213
552 296
1 L1
18 L1
235 74 204 0
563 316 204 0
421 70 204 0
488 50 204 0
568 260 204 0
25 282 204 0
221 161 204 0
88 231 204 0
469 340 204 0
394 88 204 0
101 294 204 0
415 341 204 0
60 82 204 0
304 180 204 0
102 208 204 0
525 250 204 0
185 195 204 0
10 235 204 0
1 L3
18 L3
44 313 541 0
531 318 541 0
220 138 541 0
572 175 541 0
274 81 541 0
402 140 541 0
178 202 541 0
304 301 541 0
518 117 541 0
441 325 541 0
91 184 541 0
10 59 541 0
361 106 541 0
556 74 541 0
1 157 541 0
174 235 541 0
23 113 541 0
553 205 541 0
1 U2
571 0 322 257
18 U2
571 0 447 241
571 0 553 224
571 0 80 63
571 0 540 89
571 0 46 296
571 0 388 268
571 0 88 125
571 0 282 221
571 0 596 200
571 0 252 256
571 0 349 281
571 0 234 330
571 0 32 275
571 0 190 141
571 0 441 62
571 0 578 72
571 0 317 300
571 0 42 272
1 U4
389 0 265 182
18 U4
389 0 446 74
389 0 46 100
389 0 246 350
389 0 226 109
389 0 4 339
389 0 121 216
389 0 390 213
389 0 138 237
389 0 444 244
389 0 549 184
389 0 211 220
389 0 574 313
389 0 73 211
389 0 361 264
389 0 46 111
389 0 36 111
389 0 195 276
389 0 153 209
11
235 74 559 85
44 313 437 80
563 316 546 82
531 318 478 278
421 70 207 245
220 138 218 81
488 50 505 267
572 175 220 273
568 260 449 287
274 81 455 175
25 282 529 59
