4
6
L1 128 0
U2 334 0
L3 119 0
U4 554 0
L5 175 0
U6 333 0
24
500 221
394 180
121 88
526 250
162 65
528 216
43 257
97 163
109 43
329 0
396 77
136 203
464 20
262 112
412 47
554 64
303 153
457 24
540 39
107 94
72 23
2 144
309 31
356 20
2 L1
10 L1
28 93 128 0
194 110 128 0
159 350 128 0
569 185 128 0
262 335 128 0
582 156 128 0
390 57 128 0
439 108 128 0
94 214 128 0
467 96 128 0
2 L3
10 L3
281 301 119 0
235 180 119 0
317 178 119 0
104 90 119 0
130 108 119 0
72 121 119 0
568 188 119 0
424 62 119 0
297 78 119 0
240 152 119 0
2 L5
10 L5
546 205 175 0
580 74 175 0
303 105 175 0
374 132 175 0
97 90 175 0
41 97 175 0
162 325 175 0
69 310 175 0
124 192 175 0
305 105 175 0
2 U2
334 0 538 336
334 0 227 305
10 U2
334 0 197 329
334 0 347 235
334 0 93 302
334 0 32 168
334 0 303 123
334 0 398 276
334 0 481 200
334 0 55 62
334 0 287 146
334 0 370 137
2 U4
554 0 417 56
554 0 115 128
10 U4
554 0 422 184
554 0 234 235
554 0 590 325
554 0 94 122
554 0 375 234
554 0 184 80
554 0 409 167
554 0 367 325
554 0 369 280
554 0 301 135
2 U6
333 0 169 281
333 0 218 236
10 U6
333 0 276 87
333 0 172 308
333 0 491 298
333 0 39 304
333 0 296 54
333 0 570 154
333 0 398 58
333 0 548 268
333 0 453 194
333 0 92 311
6
28 93 259 255
281 301 184 74
546 205 314 299
194 110 352 89
235 180 113 284
580 74 564 311
