4
3
L1 403 0
U2 55 0
L3 88 0
12
431 265
421 32
79 58
77 54
353 220
210 309
440 117
452 288
301 41
316 114
212 310
145 332
2 L1
14 L1
478 174 403 0
68 242 403 0
247 196 403 0
527 208 403 0
493 124 403 0
206 329 403 0
44 220 403 0
386 265 403 0
325 275 403 0
275 77 403 0
600 269 403 0
238 164 403 0
61 179 403 0
592 232 403 0
2 L3
14 L3
52 182 88 0
228 258 88 0
467 89 88 0
105 53 88 0
457 303 88 0
311 143 88 0
243 176 88 0
151 210 88 0
64 293 88 0
252 245 88 0
152 158 88 0
201 109 88 0
402 219 88 0
361 190 88 0
2 U2
55 0 99 219
55 0 64 110
14 U2
55 0 519 274
55 0 546 167
55 0 41 307
55 0 119 203
55 0 134 230
55 0 499 316
55 0 554 66
55 0 358 63
55 0 285 262
55 0 32 81
55 0 440 143
55 0 600 99
55 0 524 280
55 0 341 319
3
478 174 528 233
52 182 150 244
68 242 235 148
