3
5
L1 180 0
U2 552 0
L3 343 0
U4 264 0
L5 265 0
20
483 331
198 348
325 222
359 315
543 290
561 163
228 185
432 313
167 145
279 202
527 117
576 338
321 289
274 201
266 33
62 201
460 114
54 122
43 216
275 58
1 L1
14 L1
201 321 180 0
409 61 180 0
596 182 180 0
478 235 180 0
349 297 180 0
329 321 180 0
32 123 180 0
378 142 180 0
460 315 180 0
206 345 180 0
491 193 180 0
515 93 180 0
203 346 180 0
309 295 180 0
1 L3
14 L3
346 295 343 0
449 111 343 0
531 316 343 0
402 119 343 0
223 224 343 0
156 223 343 0
515 237 343 0
114 136 343 0
525 259 343 0
494 246 343 0
151 60 343 0
337 122 343 0
93 131 343 0
597 258 343 0
1 L5
14 L5
288 264 265 0
11 62 265 0
48 344 265 0
518 347 265 0
137 64 265 0
593 341 265 0
334 117 265 0
311 179 265 0
31 99 265 0
7 254 265 0
73 87 265 0
141 326 265 0
559 57 265 0
247 297 265 0
1 U2
552 0 418 236
14 U2
552 0 100 280
552 0 514 104
552 0 280 321
552 0 456 70
552 0 9 229
552 0 59 239
552 0 122 263
552 0 233 168
552 0 73 301
552 0 517 292
552 0 497 231
552 0 228 242
552 0 151 224
552 0 578 71
1 U4
264 0 465 157
14 U4
264 0 83 236
264 0 475 299
264 0 515 342
264 0 397 316
264 0 46 128
264 0 266 184
264 0 147 105
264 0 104 65
264 0 86 168
264 0 150 111
264 0 465 52
264 0 163 123
264 0 476 64
264 0 157 156
4
201 321 321 164
346 295 197 235
288 264 323 203
409 61 204 261
