4
5
L1 390 0
U2 501 0
L3 342 0
U4 359 0
L5 364 0
25
562 303
307 76
485 297
136 61
443 188
575 40
155 99
171 18
5 24
373 91
327 323
258 215
277 257
417 215
50 86
260 98
559 96
369 122
266 339
562 326
537 238
212 5
194 13
407 240
280 309
2 L1
14 L1
62 259 390 0
239 347 390 0
544 70 390 0
102 333 390 0
418 263 390 0
85 309 390 0
300 194 390 0
362 84 390 0
438 244 390 0
355 343 390 0
4 93 390 0
61 264 390 0
45 152 390 0
138 222 390 0
2 L3
14 L3
473 68 342 0
530 214 342 0
580 55 342 0
456 121 342 0
171 59 342 0
289 60 342 0
134 72 342 0
144 318 342 0
326 175 342 0
184 341 342 0
80 77 342 0
9 278 342 0
280 273 342 0
390 284 342 0
2 L5
14 L5
557 244 364 0
257 143 364 0
281 166 364 0
379 245 364 0
16 155 364 0
261 331 364 0
470 302 364 0
219 54 364 0
324 52 364 0
238 168 364 0
365 263 364 0
255 54 364 0
77 136 364 0
155 267 364 0
2 U2
501 0 81 253
501 0 574 165
14 U2
501 0 45 319
501 0 591 134
501 0 471 319
501 0 532 334
501 0 426 182
501 0 335 224
501 0 281 337
501 0 513 284
501 0 579 226
501 0 76 253
501 0 498 66
501 0 266 154
501 0 535 325
501 0 593 220
2 U4
359 0 337 284
359 0 400 71
14 U4
359 0 526 73
359 0 373 182
359 0 315 109
359 0 194 311
359 0 304 102
359 0 478 143
359 0 166 206
359 0 367 192
359 0 253 154
359 0 209 95
359 0 283 95
359 0 362 287
359 0 596 349
359 0 121 199
7
62 259 483 84
473 68 355 310
557 244 98 324
239 347 169 106
530 214 440 233
257 143 23 296
544 70 598 238
