5
3
L1 35 0
U2 51 0
L3 90 0
15
596 4
321 102
212 321
239 4
201 334
357 34
446 157
527 183
137 4
162 9
438 0
237 208
534 244
285 209
130 192
2 L1
10 L1
439 56 35 0
417 220 35 0
207 89 35 0
92 254 35 0
194 162 35 0
155 212 35 0
101 303 35 0
392 85 35 0
130 201 35 0
352 106 35 0
2 L3
10 L3
594 313 90 0
12 61 90 0
325 162 90 0
295 228 90 0
355 256 90 0
100 235 90 0
156 301 90 0
429 89 90 0
339 337 90 0
266 219 90 0
2 U2
51 0 242 151
51 0 340 138
10 U2
51 0 340 204
51 0 162 173
51 0 293 237
51 0 451 111
51 0 595 99
51 0 44 106
51 0 411 258
51 0 451 268
51 0 455 259
51 0 208 196
5
439 56 420 107
594 313 464 152
417 220 523 187
12 61 187 119
207 89 51 55
