4
3
L1 11 0
U2 339 0
L3 231 0
12
451 248
590 62
550 73
5 207
245 43
424 312
569 32
471 88
290 130
195 177
436 116
306 263
2 L1
18 L1
454 301 11 0
413 260 11 0
427 143 11 0
82 62 11 0
270 133 11 0
158 250 11 0
447 345 11 0
535 276 11 0
344 265 11 0
256 282 11 0
27 180 11 0
16 286 11 0
371 75 11 0
570 194 11 0
133 92 11 0
462 187 11 0
159 232 11 0
550 336 11 0
2 L3
18 L3
303 230 231 0
40 170 231 0
505 247 231 0
407 203 231 0
109 278 231 0
61 311 231 0
377 335 231 0
160 319 231 0
250 65 231 0
497 312 231 0
374 239 231 0
27 330 231 0
481 83 231 0
484 167 231 0
43 261 231 0
129 332 231 0
137 79 231 0
340 96 231 0
2 U2
339 0 87 197
339 0 378 272
18 U2
339 0 100 172
339 0 106 305
339 0 88 250
339 0 75 259
339 0 444 137
339 0 229 172
339 0 391 229
339 0 498 124
339 0 214 162
339 0 362 139
339 0 80 202
339 0 37 163
339 0 478 107
339 0 118 200
339 0 400 54
339 0 458 181
339 0 574 284
339 0 494 151
6
454 301 355 155
303 230 356 306
413 260 417 164
40 170 400 120
427 143 504 168
505 247 575 201
