4
5
L1 421 0
U2 154 0
L3 524 0
U4 366 0
L5 331 0
25
184 138
84 232
246 290
371 34
472 240
35 193
75 81
412 137
52 329
557 56
480 73
186 229
124 140
59 17
584 260
101 331
441 65
227 108
39 319
72 215
465 6
561 46
536 133
574 194
237 104
2 L1
10 L1
499 210 421 0
103 60 421 0
98 169 421 0
318 215 421 0
75 335 421 0
507 291 421 0
209 269 421 0
390 259 421 0
72 53 421 0
265 120 421 0
2 L3
10 L3
380 53 524 0
163 244 524 0
341 245 524 0
140 176 524 0
533 127 524 0
306 304 524 0
503 100 524 0
61 81 524 0
95 224 524 0
149 297 524 0
2 L5
10 L5
593 148 331 0
541 129 331 0
289 50 331 0
267 103 331 0
16 151 331 0
419 259 331 0
380 317 331 0
571 333 331 0
599 259 331 0
122 217 331 0
2 U2
154 0 224 314
154 0 509 305
10 U2
154 0 114 50
154 0 157 182
154 0 382 96
154 0 513 173
154 0 245 63
154 0 274 271
154 0 218 350
154 0 513 116
154 0 458 271
154 0 196 124
2 U4
366 0 307 256
366 0 74 190
10 U4
366 0 598 306
366 0 436 81
366 0 537 274
366 0 542 137
366 0 71 334
366 0 565 268
366 0 163 269
366 0 32 223
366 0 353 119
366 0 174 127
3
499 210 360 163
380 53 39 85
593 148 98 120
