4
6
L1 164 0
U2 503 0
L3 80 0
U4 374 0
L5 247 0
U6 364 0
18
570 277
336 14
191 257
408 348
356 80
394 1
475 96
184 200
186 37
89 99
69 225
469 105
425 198
112 119
123 232
504 288
183 95
432 74
2 L1
18 L1
337 253 164 0
466 294 164 0
65 121 164 0
346 288 164 0
364 100 164 0
123 91 164 0
123 184 164 0
390 312 164 0
446 245 164 0
490 287 164 0
451 217 164 0
507 343 164 0
341 310 164 0
580 184 164 0
100 312 164 0
170 221 164 0
28 56 164 0
349 141 164 0
2 L3
18 L3
511 299 80 0
530 71 80 0
123 205 80 0
311 208 80 0
355 284 80 0
428 209 80 0
180 252 80 0
104 334 80 0
418 219 80 0
170 118 80 0
289 280 80 0
63 82 80 0
581 245 80 0
301 176 80 0
569 195 80 0
386 63 80 0
590 242 80 0
68 131 80 0
2 L5
18 L5
184 240 247 0
254 340 247 0
550 286 247 0
69 82 247 0
472 215 247 0
220 101 247 0
157 140 247 0
5 340 247 0
547 181 247 0
327 238 247 0
545 156 247 0
178 203 247 0
45 224 247 0
441 309 247 0
209 103 247 0
379 341 247 0
366 104 247 0
97 169 247 0
2 U2
503 0 149 129
503 0 33 90
18 U2
503 0 71 69
503 0 328 104
503 0 504 309
503 0 56 170
503 0 515 70
503 0 325 196
503 0 554 310
503 0 73 245
503 0 519 98
503 0 72 60
503 0 583 175
503 0 84 307
503 0 360 220
503 0 564 247
503 0 227 181
503 0 284 120
503 0 174 182
503 0 567 80
2 U4
374 0 285 307
374 0 154 277
18 U4
374 0 472 116
374 0 230 71
374 0 153 171
374 0 168 148
374 0 278 275
374 0 369 101
374 0 274 194
374 0 364 92
374 0 229 212
374 0 321 277
374 0 581 168
374 0 320 59
374 0 86 336
374 0 217 74
374 0 293 267
374 0 80 125
374 0 88 315
374 0 309 60
2 U6
364 0 542 147
364 0 46 163
18 U6
364 0 302 305
364 0 596 140
364 0 246 124
364 0 516 311
364 0 181 58
364 0 360 146
364 0 201 131
364 0 561 95
364 0 154 140
364 0 215 110
364 0 393 128
364 0 119 141
364 0 217 187
364 0 321 283
364 0 595 167
364 0 457 280
364 0 153 284
364 0 208 82
6
337 253 550 280
511 299 389 144
184 240 87 219
466 294 311 127
530 71 32 182
254 340 91 261
