5
5
L1 193 0
U2 401 0
L3 223 0
U4 332 0
L5 452 0
15
259 128
466 343
46 53
198 291
369 149
51 318
34 42
7 131
463 129
331 120
289 335
214 3
484 294
25 91
197 33
2 L1
22 L1
280 182 193 0
249 247 193 0
51 327 193 0
542 167 193 0
168 216 193 0
153 306 193 0
446 305 193 0
85 153 193 0
480 260 193 0
201 330 193 0
271 211 193 0
34 63 193 0
476 253 193 0
36 290 193 0
398 54 193 0
172 345 193 0
570 224 193 0
440 281 193 0
360 298 193 0
396 114 193 0
238 61 193 0
418 159 193 0
2 L3
22 L3
371 170 223 0
456 236 223 0
152 234 223 0
532 120 223 0
271 116 223 0
27 160 223 0
266 161 223 0
458 165 223 0
37 152 223 0
491 332 223 0
315 239 223 0
364 228 223 0
105 326 223 0
478 196 223 0
330 115 223 0
498 191 223 0
150 104 223 0
109 213 223 0
35 135 223 0
195 281 223 0
151 151 223 0
495 75 223 0
2 L5
22 L5
368 255 452 0
567 94 452 0
497 343 452 0
140 70 452 0
430 347 452 0
364 217 452 0
456 339 452 0
487 154 452 0
55 308 452 0
12 189 452 0
599 193 452 0
156 99 452 0
279 52 452 0
55 128 452 0
221 132 452 0
397 72 452 0
228 218 452 0
47 68 452 0
297 166 452 0
529 155 452 0
237 233 452 0
97 76 452 0
2 U2
401 0 266 169
401 0 83 199
22 U2
401 0 61 238
401 0 324 239
401 0 596 247
401 0 173 96
401 0 502 92
401 0 132 98
401 0 52 141
401 0 328 339
401 0 250 203
401 0 124 291
401 0 372 103
401 0 166 56
401 0 64 309
401 0 552 80
401 0 91 278
401 0 272 291
401 0 270 328
401 0 291 94
401 0 127 133
401 0 55 262
401 0 475 216
401 0 329 300
2 U4
332 0 81 80
332 0 309 338
22 U4
332 0 170 192
332 0 42 115
332 0 449 275
332 0 288 178
332 0 560 150
332 0 67 343
332 0 67 99
332 0 243 294
332 0 424 193
332 0 361 184
332 0 509 164
332 0 387 255
332 0 107 114
332 0 452 179
332 0 279 103
332 0 393 294
332 0 191 142
332 0 283 99
332 0 121 151
332 0 117 251
332 0 509 283
332 0 62 133
17
280 182 237 77
371 170 123 318
368 255 40 263
249 247 392 225
456 236 359 59
567 94 476 202
51 327 101 315
152 234 422 205
497 343 59 298
542 167 334 313
532 120 408 228
140 70 98 146
168 216 405 225
271 116 358 207
430 347 352 102
153 306 147 249
27 160 358 308
