4
3
L1 554 0
U2 410 0
L3 363 0
15
198 39
500 314
551 175
298 322
486 45
122 231
190 338
135 118
574 2
441 156
546 155
554 12
397 175
140 182
10 29
2 L1
18 L1
102 160 554 0
406 277 554 0
27 294 554 0
22 105 554 0
451 71 554 0
126 169 554 0
370 231 554 0
113 86 554 0
368 237 554 0
303 105 554 0
152 269 554 0
368 74 554 0
450 329 554 0
581 164 554 0
443 208 554 0
421 321 554 0
542 189 554 0
345 255 554 0
2 L3
18 L3
385 281 363 0
122 148 363 0
512 197 363 0
110 282 363 0
372 85 363 0
565 237 363 0
286 114 363 0
135 115 363 0
551 72 363 0
68 229 363 0
163 344 363 0
225 146 363 0
300 76 363 0
225 303 363 0
592 151 363 0
505 156 363 0
184 124 363 0
110 197 363 0
2 U2
410 0 445 254
410 0 451 295
18 U2
410 0 565 108
410 0 430 175
410 0 169 333
410 0 294 135
410 0 175 180
410 0 26 107
410 0 278 325
410 0 50 287
410 0 84 299
410 0 62 221
410 0 51 87
410 0 471 334
410 0 182 250
410 0 205 205
410 0 422 183
410 0 558 174
410 0 433 291
410 0 398 53
9
102 160 578 293
385 281 242 288
406 277 558 282
122 148 262 264
27 294 286 338
512 197 475 227
22 105 177 196
110 282 424 270
451 71 389 323
