3
5
L1 514 0
U2 460 0
L3 354 0
U4 586 0
L5 90 0
20
321 344
60 316
403 266
90 200
84 42
176 81
104 199
552 256
278 196
467 130
352 119
343 136
46 345
348 64
599 204
363 8
73 349
481 6
329 68
345 316
1 L1
22 L1
457 82 514 0
394 313 514 0
563 263 514 0
590 137 514 0
405 134 514 0
517 233 514 0
320 201 514 0
154 128 514 0
59 188 514 0
92 181 514 0
518 103 514 0
533 86 514 0
337 84 514 0
486 261 514 0
22 90 514 0
366 269 514 0
384 215 514 0
83 51 514 0
21 59 514 0
256 57 514 0
542 82 514 0
106 259 514 0
1 L3
22 L3
250 138 354 0
167 144 354 0
127 264 354 0
356 296 354 0
478 213 354 0
352 323 354 0
385 179 354 0
509 67 354 0
270 72 354 0
64 90 354 0
126 332 354 0
62 64 354 0
333 261 354 0
383 121 354 0
85 315 354 0
334 191 354 0
91 95 354 0
78 56 354 0
285 340 354 0
249 348 354 0
5 330 354 0
511 137 354 0
1 L5
22 L5
535 266 90 0
440 268 90 0
320 109 90 0
162 126 90 0
418 141 90 0
180 216 90 0
42 240 90 0
574 193 90 0
505 202 90 0
172 127 90 0
163 93 90 0
181 159 90 0
70 284 90 0
135 203 90 0
434 236 90 0
134 171 90 0
445 144 90 0
467 85 90 0
510 295 90 0
49 220 90 0
40 271 90 0
507 288 90 0
1 U2
460 0 486 336
22 U2
460 0 233 336
460 0 68 279
460 0 400 269
460 0 88 222
460 0 413 53
460 0 22 325
460 0 295 316
460 0 573 60
460 0 345 177
460 0 253 129
460 0 262 96
460 0 428 129
460 0 357 340
460 0 221 350
460 0 92 225
460 0 58 292
460 0 402 236
460 0 62 265
460 0 389 189
460 0 465 151
460 0 324 238
460 0 113 181
1 U4
586 0 88 274
22 U4
586 0 332 92
586 0 497 195
586 0 439 331
586 0 310 118
586 0 476 152
586 0 69 185
586 0 406 149
586 0 550 320
586 0 416 262
586 0 167 128
586 0 228 112
586 0 573 73
586 0 227 267
586 0 456 327
586 0 553 141
586 0 281 145
586 0 224 59
586 0 492 144
586 0 116 147
586 0 277 173
586 0 462 301
586 0 55 172
11
457 82 0 168
250 138 190 86
535 266 158 200
394 313 300 205
167 144 514 85
440 268 599 158
563 263 582 70
127 264 352 177
320 109 51 339
590 137 482 58
356 296 459 280
