5
6
L1 393 0
U2 222 0
L3 101 0
U4 179 0
L5 231 0
U6 319 0
24
432 63
98 19
107 204
468 350
272 23
520 138
36 302
30 292
74 201
572 91
354 256
503 62
167 90
363 198
168 158
79 267
218 62
7 26
485 165
241 341
526 16
95 2
496 234
495 281
2 L1
10 L1
568 232 393 0
162 89 393 0
133 248 393 0
454 120 393 0
151 152 393 0
389 328 393 0
180 155 393 0
369 216 393 0
238 269 393 0
22 271 393 0
2 L3
10 L3
552 181 101 0
161 210 101 0
587 74 101 0
247 299 101 0
61 73 101 0
543 105 101 0
281 145 101 0
186 62 101 0
490 62 101 0
123 167 101 0
2 L5
10 L5
291 270 231 0
55 264 231 0
241 321 231 0
278 318 231 0
403 88 231 0
571 206 231 0
475 120 231 0
236 328 231 0
109 218 231 0
91 197 231 0
2 U2
222 0 577 320
222 0 294 81
10 U2
222 0 426 315
222 0 524 91
222 0 557 131
222 0 330 189
222 0 300 105
222 0 282 226
222 0 192 252
222 0 254 201
222 0 211 274
222 0 24 179
2 U4
179 0 57 203
179 0 313 133
10 U4
179 0 205 202
179 0 162 84
179 0 364 218
179 0 129 209
179 0 371 283
179 0 208 190
179 0 286 213
179 0 337 159
179 0 591 273
179 0 86 163
2 U6
319 0 40 111
319 0 324 212
10 U6
319 0 425 130
319 0 290 118
319 0 420 169
319 0 459 99
319 0 465 282
319 0 253 282
319 0 548 253
319 0 502 273
319 0 5 251
319 0 78 75
3
568 232 586 152
552 181 281 182
291 270 351 51
