3
4
L1 164 0
U2 155 0
L3 348 0
U4 407 0
12
132 228
428 48
109 328
521 140
555 291
357 198
36 295
345 18
560 32
110 185
279 57
143 193
1 L1
10 L1
386 244 164 0
46 220 164 0
541 240 164 0
411 72 164 0
198 341 164 0
429 314 164 0
133 84 164 0
424 94 164 0
245 67 164 0
278 206 164 0
1 L3
10 L3
499 68 348 0
211 81 348 0
471 299 348 0
195 273 348 0
263 228 348 0
262 322 348 0
271 223 348 0
42 68 348 0
406 114 348 0
1 91 348 0
1 U2
155 0 529 321
10 U2
155 0 67 252
155 0 302 273
155 0 331 123
155 0 557 250
155 0 139 318
155 0 223 348
155 0 371 294
155 0 498 328
155 0 31 247
155 0 61 185
1 U4
407 0 303 50
10 U4
407 0 496 185
407 0 528 286
407 0 396 239
407 0 188 286
407 0 492 218
407 0 170 180
407 0 320 53
407 0 535 270
407 0 531 320
407 0 156 159
2
386 244 57 222
499 68 336 215
