4
4
L1 106 0
U2 1 0
L3 128 0
U4 438 0
20
493 262
126 257
313 280
293 138
585 28
549 316
348 281
337 167
252 246
197 336
502 248
491 252
431 243
195 57
138 158
236 67
523 45
435 218
551 80
406 25
2 L1
10 L1
497 128 106 0
42 280 106 0
431 85 106 0
39 274 106 0
498 220 106 0
520 59 106 0
220 111 106 0
372 282 106 0
461 120 106 0
338 154 106 0
2 L3
10 L3
546 279 128 0
168 211 128 0
598 316 128 0
211 141 128 0
380 196 128 0
402 306 128 0
504 173 128 0
505 283 128 0
56 92 128 0
334 229 128 0
2 U2
1 0 349 91
1 0 365 61
10 U2
1 0 408 178
1 0 291 319
1 0 312 69
1 0 253 230
1 0 509 298
1 0 561 120
1 0 544 301
1 0 263 183
1 0 46 209
1 0 253 73
2 U4
438 0 383 348
438 0 320 121
10 U4
438 0 290 134
438 0 568 110
438 0 56 224
438 0 524 187
438 0 31 77
438 0 175 74
438 0 167 265
438 0 314 281
438 0 73 158
438 0 547 231
2
497 128 259 108
546 279 321 57
