3
4
L1 21 0
U2 254 0
L3 520 0
U4 290 0
12
523 184
396 174
336 340
68 188
243 253
115 128
340 335
553 113
419 172
567 153
584 111
502 186
1 L1
14 L1
394 230 21 0
342 161 21 0
433 316 21 0
251 182 21 0
459 95 21 0
581 269 21 0
120 302 21 0
277 227 21 0
111 54 21 0
552 213 21 0
393 143 21 0
227 281 21 0
465 259 21 0
245 211 21 0
1 L3
14 L3
505 320 520 0
216 120 520 0
289 213 520 0
37 268 520 0
217 58 520 0
219 228 520 0
377 210 520 0
100 79 520 0
590 321 520 0
66 253 520 0
458 330 520 0
13 334 520 0
115 227 520 0
213 184 520 0
1 U2
254 0 300 98
14 U2
254 0 521 272
254 0 33 113
254 0 599 265
254 0 113 74
254 0 172 197
254 0 158 323
254 0 242 127
254 0 315 333
254 0 532 333
254 0 496 121
254 0 156 201
254 0 45 200
254 0 146 105
254 0 135 165
1 U4
290 0 185 79
14 U4
290 0 493 122
290 0 483 118
290 0 519 67
290 0 153 90
290 0 400 202
290 0 531 279
290 0 394 138
290 0 197 311
290 0 236 250
290 0 39 129
290 0 283 197
290 0 570 285
290 0 479 76
290 0 177 196
6
394 230 313 307
505 320 568 161
342 161 562 346
216 120 374 91
433 316 5 165
289 213 12 253
