5
3
L1 446 0
U2 104 0
L3 274 0
12
446 150
570 175
135 331
249 168
287 303
197 255
318 22
250 156
306 280
341 11
232 58
330 170
2 L1
22 L1
285 172 446 0
403 82 446 0
52 154 446 0
533 85 446 0
297 100 446 0
395 224 446 0
339 288 446 0
78 246 446 0
349 139 446 0
93 190 446 0
9 88 446 0
492 273 446 0
127 339 446 0
343 164 446 0
295 180 446 0
129 207 446 0
50 307 446 0
219 226 446 0
382 302 446 0
213 64 446 0
149 331 446 0
324 98 446 0
2 L3
22 L3
339 136 274 0
324 299 274 0
398 337 274 0
313 348 274 0
358 172 274 0
31 217 274 0
266 292 274 0
268 233 274 0
473 184 274 0
267 200 274 0
422 52 274 0
62 288 274 0
571 201 274 0
349 114 274 0
413 248 274 0
324 315 274 0
485 206 274 0
442 214 274 0
79 159 274 0
118 158 274 0
299 304 274 0
394 349 274 0
2 U2
104 0 283 327
104 0 66 242
22 U2
104 0 501 64
104 0 187 185
104 0 190 235
104 0 531 149
104 0 348 53
104 0 361 238
104 0 548 138
104 0 518 181
104 0 129 337
104 0 554 317
104 0 95 206
104 0 547 245
104 0 506 115
104 0 81 77
104 0 579 205
104 0 398 230
104 0 11 253
104 0 522 308
104 0 498 203
104 0 328 211
104 0 377 158
104 0 248 155
10
285 172 262 278
339 136 392 137
403 82 2 165
324 299 548 205
52 154 239 99
398 337 191 123
533 85 312 92
313 348 191 341
297 100 454 269
358 172 514 236
