4
4
L1 489 0
U2 469 0
L3 488 0
U4 547 0
20
578 37
394 10
195 71
53 22
599 187
197 42
416 214
372 101
140 65
85 177
94 330
309 145
407 6
599 259
239 30
212 277
561 118
219 32
215 16
294 234
2 L1
14 L1
3 345 489 0
480 244 489 0
578 298 489 0
58 292 489 0
109 260 489 0
28 196 489 0
522 183 489 0
380 274 489 0
480 245 489 0
503 139 489 0
59 342 489 0
405 119 489 0
160 313 489 0
258 223 489 0
2 L3
14 L3
137 122 488 0
158 273 488 0
372 169 488 0
17 102 488 0
156 277 488 0
504 331 488 0
195 272 488 0
234 65 488 0
90 167 488 0
489 173 488 0
510 242 488 0
312 179 488 0
575 199 488 0
31 90 488 0
2 U2
469 0 323 330
469 0 427 151
14 U2
469 0 115 124
469 0 392 254
469 0 245 268
469 0 458 64
469 0 491 108
469 0 84 320
469 0 217 94
469 0 568 167
469 0 572 132
469 0 577 79
469 0 501 240
469 0 174 82
469 0 474 262
469 0 99 170
2 U4
547 0 94 310
547 0 455 283
14 U4
547 0 6 211
547 0 224 303
547 0 70 325
547 0 535 108
547 0 582 174
547 0 193 310
547 0 64 257
547 0 483 86
547 0 493 113
547 0 288 90
547 0 142 67
547 0 539 324
547 0 274 263
547 0 284 129
6
3 345 36 274
137 122 536 170
480 244 352 118
158 273 450 267
578 298 583 240
372 169 80 333
