4
4
L1 262 0
U2 376 0
L3 150 0
U4 100 0
16
284 310
251 255
199 175
426 28
118 90
261 174
266 273
305 248
283 247
541 330
360 103
370 213
367 133
288 251
283 349
159 289
2 L1
10 L1
388 333 262 0
448 234 262 0
96 240 262 0
537 190 262 0
450 275 262 0
504 314 262 0
479 224 262 0
422 90 262 0
246 62 262 0
432 291 262 0
2 L3
10 L3
302 181 150 0
280 90 150 0
130 333 150 0
581 215 150 0
490 194 150 0
391 105 150 0
533 321 150 0
367 189 150 0
207 172 150 0
466 159 150 0
2 U2
376 0 242 122
376 0 168 58
10 U2
376 0 178 170
376 0 498 124
376 0 217 324
376 0 551 126
376 0 404 88
376 0 54 142
376 0 245 276
376 0 290 276
376 0 121 252
376 0 154 197
2 U4
100 0 85 299
100 0 568 71
10 U4
100 0 222 280
100 0 105 171
100 0 415 149
100 0 91 50
100 0 201 97
100 0 103 195
100 0 478 301
100 0 237 291
100 0 246 56
100 0 345 234
6
388 333 88 252
302 181 37 179
448 234 425 245
280 90 40 243
96 240 375 218
130 333 251 210
