5
4
L1 520 0
U2 410 0
L3 159 0
U4 513 0
20
477 183
31 51
593 323
187 349
442 225
123 118
281 221
379 208
293 218
301 58
350 61
110 311
104 240
596 132
454 270
260 294
561 305
476 324
421 339
480 271
2 L1
14 L1
431 320 520 0
586 200 520 0
133 204 520 0
10 53 520 0
272 340 520 0
68 271 520 0
249 183 520 0
11 320 520 0
246 69 520 0
126 249 520 0
286 186 520 0
219 237 520 0
70 176 520 0
511 192 520 0
2 L3
14 L3
43 336 159 0
228 307 159 0
582 91 159 0
531 183 159 0
295 140 159 0
343 112 159 0
120 299 159 0
148 295 159 0
510 107 159 0
188 209 159 0
158 245 159 0
471 179 159 0
325 188 159 0
548 115 159 0
2 U2
410 0 344 110
410 0 32 99
14 U2
410 0 487 70
410 0 205 324
410 0 96 79
410 0 174 212
410 0 562 127
410 0 301 206
410 0 472 237
410 0 81 82
410 0 220 147
410 0 465 130
410 0 173 268
410 0 358 169
410 0 441 120
410 0 156 208
2 U4
513 0 63 112
513 0 93 271
14 U4
513 0 64 53
513 0 264 254
513 0 234 124
513 0 381 245
513 0 551 289
513 0 493 321
513 0 17 183
513 0 575 258
513 0 305 78
513 0 471 310
513 0 519 152
513 0 530 260
513 0 142 192
513 0 229 341
3
431 320 401 282
43 336 359 243
586 200 44 167
