5
6
L1 108 0
U2 560 0
L3 50 0
U4 50 0
L5 144 0
U6 557 0
18
491 174
324 281
78 276
109 204
196 34
288 260
277 244
417 48
152 338
52 169
408 33
401 2
532 302
57 150
275 95
169 200
553 221
298 210
2 L1
14 L1
238 189 108 0
490 193 108 0
404 218 108 0
308 182 108 0
210 333 108 0
320 108 108 0
214 301 108 0
168 299 108 0
165 150 108 0
212 279 108 0
599 135 108 0
440 192 108 0
249 240 108 0
571 151 108 0
2 L3
14 L3
541 250 50 0
483 345 50 0
308 112 50 0
247 104 50 0
450 317 50 0
171 76 50 0
340 250 50 0
117 248 50 0
144 316 50 0
58 296 50 0
311 310 50 0
48 227 50 0
399 287 50 0
566 73 50 0
2 L5
14 L5
569 210 144 0
31 100 144 0
359 294 144 0
569 175 144 0
508 92 144 0
160 71 144 0
53 62 144 0
526 252 144 0
523 241 144 0
294 117 144 0
442 97 144 0
370 179 144 0
533 72 144 0
421 232 144 0
2 U2
560 0 109 194
560 0 275 255
14 U2
560 0 168 243
560 0 580 145
560 0 329 143
560 0 418 125
560 0 185 219
560 0 595 202
560 0 230 157
560 0 530 201
560 0 448 204
560 0 553 68
560 0 330 199
560 0 151 150
560 0 463 135
560 0 73 80
2 U4
50 0 186 325
50 0 396 275
14 U4
50 0 415 294
50 0 83 318
50 0 62 143
50 0 497 84
50 0 162 147
50 0 327 198
50 0 168 285
50 0 171 113
50 0 179 307
50 0 146 137
50 0 179 60
50 0 346 209
50 0 5 295
50 0 379 257
2 U6
557 0 296 111
557 0 128 335
14 U6
557 0 366 253
557 0 384 181
557 0 227 289
557 0 312 183
557 0 140 92
557 0 376 170
557 0 528 247
557 0 503 53
557 0 47 192
557 0 557 119
557 0 525 202
557 0 295 84
557 0 558 145
557 0 37 85
5
238 189 84 159
541 250 399 154
569 210 305 158
490 193 445 203
483 345 74 279
