4
3
L1 434 0
U2 119 0
L3 545 0
9
480 2
120 154
203 53
164 263
581 24
453 323
440 40
295 197
250 86
2 L1
22 L1
473 225 434 0
558 51 434 0
341 74 434 0
171 124 434 0
29 80 434 0
81 185 434 0
189 305 434 0
93 125 434 0
56 135 434 0
428 339 434 0
454 88 434 0
146 148 434 0
355 205 434 0
12 280 434 0
119 225 434 0
254 116 434 0
433 344 434 0
20 259 434 0
240 73 434 0
383 231 434 0
419 282 434 0
267 254 434 0
2 L3
22 L3
497 169 545 0
289 106 545 0
374 179 545 0
263 122 545 0
356 301 545 0
525 187 545 0
495 310 545 0
545 264 545 0
155 346 545 0
111 209 545 0
67 270 545 0
590 266 545 0
361 325 545 0
335 63 545 0
108 238 545 0
15 81 545 0
137 218 545 0
229 318 545 0
373 245 545 0
175 88 545 0
263 329 545 0
516 250 545 0
2 U2
119 0 267 57
119 0 375 127
22 U2
119 0 572 67
119 0 410 73
119 0 134 146
119 0 366 193
119 0 595 99
119 0 276 69
119 0 458 84
119 0 176 253
119 0 85 157
119 0 463 247
119 0 550 295
119 0 335 287
119 0 387 329
119 0 99 125
119 0 187 182
119 0 554 335
119 0 232 248
119 0 379 320
119 0 508 325
119 0 308 201
119 0 173 165
119 0 469 236
7
473 225 262 105
497 169 333 159
558 51 517 191
289 106 350 111
341 74 417 136
374 179 587 214
171 124 27 320
