5
6
L1 123 0
U2 382 0
L3 269 0
U4 412 0
L5 131 0
U6 185 0
30
218 111
506 288
255 32
483 148
523 324
217 29
439 232
42 147
464 62
124 105
183 272
461 45
21 205
329 139
344 259
39 159
244 130
309 28
269 264
430 325
109 101
41 334
324 314
17 90
453 73
93 290
360 91
190 199
594 63
286 245
2 L1
10 L1
366 250 123 0
131 307 123 0
414 330 123 0
586 214 123 0
252 73 123 0
477 56 123 0
423 74 123 0
213 330 123 0
471 98 123 0
338 71 123 0
2 L3
10 L3
567 186 269 0
13 123 269 0
418 141 269 0
44 54 269 0
418 327 269 0
118 250 269 0
184 238 269 0
315 313 269 0
350 225 269 0
326 318 269 0
2 L5
10 L5
295 248 131 0
482 334 131 0
267 218 131 0
373 114 131 0
263 181 131 0
287 272 131 0
157 114 131 0
131 220 131 0
594 198 131 0
139 258 131 0
2 U2
382 0 197 349
382 0 40 317
10 U2
382 0 75 111
382 0 360 296
382 0 65 68
382 0 111 189
382 0 15 56
382 0 535 229
382 0 470 200
382 0 532 175
382 0 230 124
382 0 248 289
2 U4
412 0 303 106
412 0 245 64
10 U4
412 0 323 186
412 0 157 210
412 0 81 237
412 0 238 137
412 0 216 350
412 0 86 336
412 0 89 342
412 0 62 313
412 0 410 297
412 0 124 208
2 U6
185 0 224 102
185 0 172 100
10 U6
185 0 501 181
185 0 16 310
185 0 377 211
185 0 220 162
185 0 514 276
185 0 386 324
185 0 198 223
185 0 293 227
185 0 443 209
185 0 321 240
3
366 250 319 143
567 186 364 216
295 248 241 123
