4
5
L1 311 0
U2 536 0
L3 461 0
U4 336 0
L5 153 0
15
446 254
378 8
349 163
119 281
575 130
309 162
38 130
286 274
127 104
598 81
407 239
234 53
83 196
577 146
445 65
2 L1
22 L1
567 230 311 0
240 133 311 0
372 112 311 0
488 330 311 0
533 295 311 0
462 207 311 0
234 177 311 0
470 142 311 0
589 320 311 0
10 230 311 0
31 289 311 0
508 149 311 0
217 80 311 0
25 307 311 0
504 95 311 0
178 311 311 0
55 290 311 0
569 110 311 0
596 131 311 0
256 173 311 0
362 225 311 0
31 153 311 0
2 L3
22 L3
115 346 461 0
337 201 461 0
78 232 461 0
251 264 461 0
311 190 461 0
231 154 461 0
526 291 461 0
516 94 461 0
308 346 461 0
68 319 461 0
365 230 461 0
108 254 461 0
445 147 461 0
319 111 461 0
63 181 461 0
357 93 461 0
13 149 461 0
492 122 461 0
141 266 461 0
288 160 461 0
181 139 461 0
334 217 461 0
2 L5
22 L5
280 77 153 0
444 193 153 0
226 178 153 0
322 62 153 0
443 251 153 0
176 59 153 0
225 284 153 0
91 198 153 0
328 116 153 0
492 83 153 0
517 220 153 0
58 128 153 0
383 150 153 0
454 321 153 0
336 103 153 0
81 160 153 0
329 108 153 0
272 282 153 0
542 78 153 0
44 313 153 0
468 63 153 0
373 82 153 0
2 U2
536 0 597 51
536 0 172 343
22 U2
536 0 128 189
536 0 476 78
536 0 209 338
536 0 495 213
536 0 535 301
536 0 148 254
536 0 101 85
536 0 193 90
536 0 290 297
536 0 478 176
536 0 217 122
536 0 29 348
536 0 596 187
536 0 511 99
536 0 319 193
536 0 92 54
536 0 233 213
536 0 182 310
536 0 62 182
536 0 140 155
536 0 125 108
536 0 332 64
2 U4
336 0 368 313
336 0 92 67
22 U4
336 0 443 129
336 0 249 234
336 0 480 126
336 0 463 144
336 0 533 198
336 0 478 163
336 0 528 252
336 0 73 322
336 0 79 99
336 0 295 204
336 0 240 238
336 0 38 106
336 0 115 338
336 0 506 225
336 0 372 104
336 0 259 185
336 0 534 239
336 0 553 140
336 0 18 183
336 0 123 247
336 0 16 234
336 0 552 88
6
567 230 386 130
115 346 154 309
280 77 362 57
240 133 484 174
337 201 39 346
444 193 463 253
