5
5
L1 307 0
U2 48 0
L3 592 0
U4 426 0
L5 583 0
25
238 299
303 115
65 338
402 52
201 152
162 217
435 206
423 6
561 47
504 24
198 41
102 179
177 307
327 266
550 127
156 109
366 288
130 311
417 155
585 87
16 4
396 62
330 22
417 127
357 77
2 L1
22 L1
99 77 307 0
123 346 307 0
397 245 307 0
505 345 307 0
362 333 307 0
406 321 307 0
75 141 307 0
537 235 307 0
194 51 307 0
191 115 307 0
48 335 307 0
26 98 307 0
373 186 307 0
467 273 307 0
553 93 307 0
478 58 307 0
426 338 307 0
204 293 307 0
405 349 307 0
158 236 307 0
439 81 307 0
529 107 307 0
2 L3
22 L3
195 213 592 0
235 278 592 0
85 177 592 0
393 90 592 0
320 143 592 0
499 298 592 0
456 241 592 0
206 250 592 0
157 330 592 0
40 76 592 0
507 162 592 0
478 155 592 0
445 327 592 0
49 206 592 0
435 87 592 0
143 95 592 0
192 296 592 0
600 283 592 0
139 186 592 0
279 138 592 0
32 98 592 0
552 304 592 0
2 L5
22 L5
200 296 583 0
294 56 583 0
441 56 583 0
176 252 583 0
154 92 583 0
490 280 583 0
513 124 583 0
121 124 583 0
80 65 583 0
217 128 583 0
184 133 583 0
466 288 583 0
337 114 583 0
203 236 583 0
543 278 583 0
362 278 583 0
289 186 583 0
3 178 583 0
575 210 583 0
427 278 583 0
595 51 583 0
536 115 583 0
2 U2
48 0 597 346
48 0 18 102
22 U2
48 0 91 330
48 0 450 120
48 0 169 172
48 0 370 222
48 0 145 123
48 0 147 177
48 0 170 149
48 0 240 155
48 0 481 297
48 0 255 201
48 0 37 88
48 0 389 187
48 0 221 199
48 0 77 202
48 0 290 241
48 0 415 129
48 0 310 87
48 0 331 228
48 0 485 61
48 0 406 77
48 0 469 135
48 0 29 271
2 U4
426 0 405 273
426 0 143 93
22 U4
426 0 358 156
426 0 263 282
426 0 341 179
426 0 450 242
426 0 3 321
426 0 388 335
426 0 239 274
426 0 339 64
426 0 71 285
426 0 395 286
426 0 15 279
426 0 19 145
426 0 24 344
426 0 28 135
426 0 341 79
426 0 116 316
426 0 356 348
426 0 183 207
426 0 463 199
426 0 278 139
426 0 42 93
426 0 455 276
6
99 77 26 152
195 213 583 134
200 296 342 155
123 346 408 196
235 278 328 313
294 56 269 75
