4
3
L1 136 0
U2 238 0
L3 70 0
15
299 15
249 86
88 36
261 187
554 119
557 90
98 276
35 56
281 47
389 303
284 274
469 152
207 312
338 170
4 247
2 L1
18 L1
293 112 136 0
82 268 136 0
314 314 136 0
122 105 136 0
572 331 136 0
121 277 136 0
586 294 136 0
6 279 136 0
35 197 136 0
241 313 136 0
158 98 136 0
232 309 136 0
550 175 136 0
88 227 136 0
509 83 136 0
593 129 136 0
490 196 136 0
201 341 136 0
2 L3
18 L3
575 279 70 0
534 173 70 0
402 192 70 0
448 301 70 0
308 78 70 0
532 262 70 0
590 320 70 0
158 228 70 0
458 228 70 0
529 146 70 0
275 228 70 0
133 193 70 0
427 95 70 0
564 339 70 0
116 88 70 0
72 218 70 0
30 80 70 0
114 236 70 0
2 U2
238 0 445 52
238 0 198 278
18 U2
238 0 595 328
238 0 142 78
238 0 526 126
238 0 324 112
238 0 246 116
238 0 360 175
238 0 55 288
238 0 554 243
238 0 124 274
238 0 332 91
238 0 179 301
238 0 26 256
238 0 34 275
238 0 23 200
238 0 304 312
238 0 557 317
238 0 56 292
238 0 187 281
6
293 112 208 328
575 279 251 197
82 268 589 191
534 173 573 237
314 314 140 105
402 192 337 99
