5
6
L1 228 0
U2 278 0
L3 569 0
U4 513 0
L5 367 0
U6 277 0
30
7 285
241 20
531 246
349 191
431 263
543 291
32 198
418 97
472 222
229 157
420 27
267 32
240 339
247 335
98 52
481 72
592 236
165 62
492 304
233 106
65 284
120 38
554 280
251 243
289 339
30 190
192 340
477 143
161 123
262 279
2 L1
18 L1
58 308 228 0
15 204 228 0
214 129 228 0
547 194 228 0
155 255 228 0
542 226 228 0
369 64 228 0
213 324 228 0
472 318 228 0
253 263 228 0
226 238 228 0
369 329 228 0
588 187 228 0
208 246 228 0
232 124 228 0
455 221 228 0
54 276 228 0
79 64 228 0
2 L3
18 L3
65 227 569 0
526 67 569 0
25 184 569 0
426 176 569 0
341 309 569 0
279 101 569 0
141 236 569 0
61 232 569 0
497 105 569 0
442 147 569 0
319 209 569 0
227 51 569 0
249 201 569 0
357 73 569 0
471 337 569 0
307 337 569 0
115 227 569 0
403 223 569 0
2 L5
18 L5
114 332 367 0
532 209 367 0
102 178 367 0
444 292 367 0
100 134 367 0
518 214 367 0
495 143 367 0
249 269 367 0
261 348 367 0
405 73 367 0
521 195 367 0
322 266 367 0
38 90 367 0
451 80 367 0
229 148 367 0
527 191 367 0
327 333 367 0
169 286 367 0
2 U2
278 0 579 316
278 0 305 147
18 U2
278 0 426 244
278 0 444 193
278 0 136 138
278 0 346 208
278 0 477 120
278 0 241 336
278 0 250 350
278 0 549 227
278 0 187 82
278 0 511 142
278 0 564 299
278 0 159 220
278 0 333 145
278 0 537 273
278 0 160 229
278 0 127 161
278 0 499 342
278 0 0 99
2 U4
513 0 309 262
513 0 22 325
18 U4
513 0 291 271
513 0 536 120
513 0 293 263
513 0 490 245
513 0 26 284
513 0 410 166
513 0 494 168
513 0 446 336
513 0 327 150
513 0 55 315
513 0 587 193
513 0 435 197
513 0 352 242
513 0 154 54
513 0 271 232
513 0 374 307
513 0 195 50
513 0 306 276
2 U6
277 0 99 277
277 0 16 172
18 U6
277 0 234 247
277 0 278 295
277 0 100 194
277 0 207 334
277 0 299 130
277 0 14 282
277 0 452 73
277 0 296 100
277 0 412 320
277 0 265 108
277 0 310 253
277 0 294 202
277 0 525 271
277 0 186 163
277 0 577 234
277 0 41 259
277 0 131 265
277 0 219 225
11
58 308 525 335
65 227 532 195
114 332 471 67
15 204 65 116
526 67 227 122
532 209 84 112
214 129 121 228
25 184 399 208
102 178 153 184
547 194 258 71
426 176 102 135
