4
3
L1 374 0
U2 137 0
L3 7 0
12
409 6
229 14
208 323
260 248
580 68
596 48
387 140
390 51
159 74
168 298
198 252
433 53
2 L1
18 L1
312 100 374 0
29 74 374 0
326 259 374 0
427 190 374 0
318 275 374 0
2 244 374 0
138 267 374 0
118 268 374 0
138 209 374 0
406 317 374 0
583 126 374 0
282 277 374 0
576 196 374 0
562 310 374 0
164 226 374 0
561 54 374 0
230 153 374 0
91 127 374 0
2 L3
18 L3
392 71 7 0
45 187 7 0
237 170 7 0
341 127 7 0
199 88 7 0
42 140 7 0
156 96 7 0
436 299 7 0
110 188 7 0
39 239 7 0
566 52 7 0
407 64 7 0
366 66 7 0
543 111 7 0
157 154 7 0
251 110 7 0
230 281 7 0
261 321 7 0
2 U2
137 0 57 149
137 0 89 264
18 U2
137 0 296 104
137 0 56 240
137 0 287 124
137 0 64 113
137 0 335 301
137 0 440 263
137 0 578 348
137 0 90 315
137 0 206 70
137 0 274 50
137 0 26 152
137 0 590 250
137 0 29 214
137 0 597 188
137 0 529 102
137 0 85 116
137 0 464 102
137 0 201 334
3
312 100 151 246
392 71 516 254
29 74 408 249
