5
5
L1 129 0
U2 516 0
L3 223 0
U4 75 0
L5 567 0
20
517 29
253 173
423 309
123 73
487 92
85 120
300 172
245 320
39 83
567 82
577 89
403 14
192 148
311 196
582 13
174 4
443 101
397 267
418 166
9 192
2 L1
18 L1
168 134 129 0
517 257 129 0
37 67 129 0
145 176 129 0
542 137 129 0
254 208 129 0
295 87 129 0
216 108 129 0
500 104 129 0
247 92 129 0
383 91 129 0
513 326 129 0
237 136 129 0
103 261 129 0
452 268 129 0
82 97 129 0
474 267 129 0
270 135 129 0
2 L3
18 L3
227 283 223 0
101 264 223 0
504 89 223 0
423 227 223 0
595 221 223 0
143 217 223 0
580 235 223 0
260 58 223 0
409 114 223 0
34 235 223 0
252 235 223 0
142 166 223 0
39 289 223 0
266 331 223 0
209 152 223 0
354 190 223 0
326 259 223 0
51 73 223 0
2 L5
18 L5
39 300 567 0
420 82 567 0
475 321 567 0
296 305 567 0
567 132 567 0
230 209 567 0
122 292 567 0
481 260 567 0
478 142 567 0
31 184 567 0
247 61 567 0
37 335 567 0
5 91 567 0
111 315 567 0
93 294 567 0
348 194 567 0
5 258 567 0
571 334 567 0
2 U2
516 0 198 320
516 0 145 103
18 U2
516 0 240 124
516 0 287 119
516 0 424 259
516 0 334 210
516 0 202 112
516 0 407 87
516 0 522 237
516 0 322 221
516 0 497 180
516 0 406 256
516 0 496 197
516 0 123 250
516 0 155 75
516 0 589 227
516 0 451 289
516 0 570 249
516 0 57 255
516 0 553 219
2 U4
75 0 44 60
75 0 596 245
18 U4
75 0 456 217
75 0 270 312
75 0 443 237
75 0 507 101
75 0 390 320
75 0 82 218
75 0 415 307
75 0 82 322
75 0 518 310
75 0 536 94
75 0 243 306
75 0 105 144
75 0 292 248
75 0 241 185
75 0 433 339
75 0 363 169
75 0 280 151
75 0 335 71
9
168 134 515 300
227 283 114 284
39 300 155 66
517 257 391 54
101 264 10 83
420 82 285 157
37 67 372 183
504 89 139 120
475 321 416 102
