4
6
L1 373 0
U2 36 0
L3 125 0
U4 274 0
L5 342 0
U6 83 0
30
16 159
364 346
213 107
268 18
215 314
93 216
246 138
385 296
62 268
6 81
516 85
567 167
168 97
256 65
595 6
383 222
276 163
268 128
458 293
463 37
169 320
468 273
62 306
573 15
392 155
78 242
542 110
581 24
257 64
77 181
2 L1
10 L1
335 310 373 0
506 275 373 0
149 338 373 0
190 84 373 0
195 180 373 0
473 266 373 0
455 124 373 0
397 202 373 0
245 277 373 0
148 301 373 0
2 L3
10 L3
312 146 125 0
372 151 125 0
347 146 125 0
279 301 125 0
377 297 125 0
337 342 125 0
481 204 125 0
241 317 125 0
493 157 125 0
493 295 125 0
2 L5
10 L5
118 191 342 0
66 272 342 0
433 295 342 0
128 291 342 0
505 345 342 0
224 121 342 0
125 124 342 0
32 224 342 0
528 174 342 0
135 123 342 0
2 U2
36 0 531 277
36 0 548 349
10 U2
36 0 351 176
36 0 500 296
36 0 530 112
36 0 144 331
36 0 315 117
36 0 214 176
36 0 29 87
36 0 153 274
36 0 43 163
36 0 216 76
2 U4
274 0 109 213
274 0 25 279
10 U4
274 0 397 161
274 0 11 107
274 0 67 192
274 0 20 257
274 0 372 250
274 0 302 253
274 0 222 132
274 0 312 142
274 0 37 56
274 0 413 303
2 U6
83 0 170 258
83 0 144 289
10 U6
83 0 552 234
83 0 47 238
83 0 538 92
83 0 269 238
83 0 204 136
83 0 377 106
83 0 255 305
83 0 512 339
83 0 11 108
83 0 406 100
9
335 310 517 186
312 146 376 111
118 191 52 57
506 275 57 167
372 151 325 111
66 272 448 126
149 338 501 265
347 146 226 273
433 295 69 219
