5
4
L1 534 0
U2 421 0
L3 335 0
U4 496 0
16
415 131
76 141
237 292
230 83
450 85
400 296
4 258
278 32
451 155
107 203
517 167
587 58
17 113
104 57
425 74
131 128
2 L1
14 L1
105 324 534 0
217 204 534 0
315 214 534 0
162 326 534 0
407 271 534 0
362 145 534 0
580 316 534 0
464 51 534 0
160 276 534 0
574 179 534 0
413 286 534 0
354 264 534 0
382 88 534 0
512 232 534 0
2 L3
14 L3
69 51 335 0
358 117 335 0
471 253 335 0
591 304 335 0
91 104 335 0
89 58 335 0
382 104 335 0
157 347 335 0
180 132 335 0
89 76 335 0
272 277 335 0
542 331 335 0
542 172 335 0
249 168 335 0
2 U2
421 0 109 80
421 0 585 81
14 U2
421 0 89 169
421 0 435 202
421 0 427 57
421 0 102 216
421 0 559 290
421 0 254 171
421 0 396 297
421 0 487 138
421 0 438 322
421 0 340 194
421 0 136 277
421 0 79 95
421 0 296 198
421 0 175 75
2 U4
496 0 399 108
496 0 449 65
14 U4
496 0 92 63
496 0 314 318
496 0 93 333
496 0 488 218
496 0 574 103
496 0 188 58
496 0 382 178
496 0 282 311
496 0 538 312
496 0 320 203
496 0 451 61
496 0 302 194
496 0 32 233
496 0 203 300
9
105 324 118 87
69 51 519 199
217 204 92 345
358 117 332 141
315 214 345 278
471 253 110 99
162 326 412 113
591 304 371 308
407 271 503 337
