4
6
L1 18 0
U2 551 0
L3 60 0
U4 520 0
L5 303 0
U6 200 0
24
514 2
209 131
176 116
584 275
280 231
413 27
251 32
330 225
112 158
220 230
219 291
69 263
367 181
310 136
120 78
140 293
538 255
314 311
453 268
516 42
440 268
448 142
70 80
240 341
2 L1
14 L1
418 67 18 0
468 176 18 0
56 71 18 0
524 64 18 0
327 322 18 0
191 291 18 0
211 92 18 0
420 69 18 0
330 196 18 0
499 224 18 0
239 229 18 0
531 252 18 0
257 197 18 0
467 222 18 0
2 L3
14 L3
265 77 60 0
471 265 60 0
28 121 60 0
249 245 60 0
73 194 60 0
453 215 60 0
179 332 60 0
486 68 60 0
127 232 60 0
486 218 60 0
427 241 60 0
29 248 60 0
205 60 60 0
242 278 60 0
2 L5
14 L5
492 332 303 0
154 276 303 0
341 301 303 0
260 76 303 0
284 56 303 0
63 221 303 0
182 59 303 0
248 64 303 0
210 74 303 0
20 141 303 0
565 78 303 0
563 270 303 0
42 93 303 0
589 242 303 0
2 U2
551 0 45 157
551 0 382 296
14 U2
551 0 378 140
551 0 105 207
551 0 178 254
551 0 3 251
551 0 84 184
551 0 425 197
551 0 366 210
551 0 248 115
551 0 17 101
551 0 516 300
551 0 35 220
551 0 184 136
551 0 167 134
551 0 305 199
2 U4
520 0 387 172
520 0 182 139
14 U4
520 0 376 213
520 0 372 184
520 0 233 94
520 0 323 66
520 0 255 77
520 0 352 209
520 0 223 67
520 0 144 265
520 0 406 170
520 0 509 241
520 0 395 284
520 0 422 255
520 0 517 246
520 0 292 192
2 U6
200 0 341 175
200 0 396 246
14 U6
200 0 424 295
200 0 274 85
200 0 345 282
200 0 433 261
200 0 121 71
200 0 174 267
200 0 575 94
200 0 381 320
200 0 379 303
200 0 378 297
200 0 489 293
200 0 47 149
200 0 204 342
200 0 67 146
13
418 67 18 249
265 77 36 253
492 332 447 348
468 176 253 246
471 265 593 67
154 276 479 108
56 71 596 180
28 121 463 313
341 301 573 128
524 64 436 162
249 245 585 307
260 76 167 180
327 322 413 300
