4
4
L1 19 0
U2 440 0
L3 122 0
U4 349 0
16
58 292
339 215
278 304
187 345
497 216
459 220
376 21
286 291
482 102
578 198
376 348
358 126
79 187
53 277
262 192
13 267
2 L1
14 L1
389 87 19 0
14 292 19 0
62 158 19 0
239 340 19 0
128 105 19 0
534 238 19 0
174 174 19 0
200 268 19 0
196 304 19 0
109 337 19 0
100 266 19 0
341 249 19 0
402 232 19 0
363 316 19 0
2 L3
14 L3
562 192 122 0
147 139 122 0
365 350 122 0
432 258 122 0
45 63 122 0
1 176 122 0
541 308 122 0
70 204 122 0
85 315 122 0
146 183 122 0
14 190 122 0
360 185 122 0
221 248 122 0
127 343 122 0
2 U2
440 0 247 257
440 0 38 334
14 U2
440 0 165 152
440 0 116 59
440 0 592 151
440 0 174 161
440 0 37 319
440 0 328 198
440 0 195 69
440 0 188 84
440 0 10 214
440 0 375 164
440 0 541 315
440 0 592 343
440 0 507 162
440 0 436 233
2 U4
349 0 16 299
349 0 472 251
14 U4
349 0 54 200
349 0 222 294
349 0 101 229
349 0 75 59
349 0 391 132
349 0 211 270
349 0 107 157
349 0 358 291
349 0 535 165
349 0 430 336
349 0 139 203
349 0 152 273
349 0 215 50
349 0 212 115
3
389 87 180 55
562 192 432 325
14 292 93 183
