4
6
L1 84 0
U2 318 0
L3 400 0
U4 152 0
L5 311 0
U6 98 0
24
443 283
88 200
562 240
207 63
69 18
185 316
407 65
502 173
106 65
581 27
157 56
597 135
271 314
221 342
365 186
156 207
288 71
169 290
66 124
371 262
20 66
199 265
562 30
520 342
2 L1
18 L1
296 284 84 0
36 207 84 0
483 173 84 0
573 97 84 0
539 162 84 0
452 79 84 0
13 89 84 0
93 277 84 0
326 91 84 0
557 227 84 0
176 218 84 0
184 66 84 0
261 250 84 0
363 338 84 0
577 52 84 0
335 217 84 0
188 178 84 0
254 206 84 0
2 L3
18 L3
589 132 400 0
65 279 400 0
153 180 400 0
526 72 400 0
24 347 400 0
382 302 400 0
560 57 400 0
499 316 400 0
173 346 400 0
287 192 400 0
527 93 400 0
36 69 400 0
38 309 400 0
258 345 400 0
471 270 400 0
167 128 400 0
49 237 400 0
339 265 400 0
2 L5
18 L5
274 193 311 0
578 230 311 0
312 319 311 0
551 219 311 0
76 220 311 0
279 173 311 0
280 81 311 0
417 159 311 0
455 317 311 0
412 265 311 0
364 143 311 0
323 85 311 0
165 63 311 0
382 102 311 0
110 73 311 0
495 65 311 0
35 65 311 0
516 255 311 0
2 U2
318 0 508 218
318 0 423 139
18 U2
318 0 244 341
318 0 350 153
318 0 408 179
318 0 350 301
318 0 41 74
318 0 19 176
318 0 358 100
318 0 415 142
318 0 425 222
318 0 435 99
318 0 27 198
318 0 71 186
318 0 474 107
318 0 156 204
318 0 284 79
318 0 131 94
318 0 425 162
318 0 265 276
2 U4
152 0 499 329
152 0 411 247
18 U4
152 0 32 106
152 0 306 237
152 0 64 151
152 0 298 321
152 0 30 63
152 0 129 189
152 0 500 185
152 0 326 228
152 0 29 145
152 0 450 220
152 0 366 264
152 0 157 221
152 0 206 112
152 0 112 240
152 0 398 243
152 0 398 105
152 0 362 63
152 0 290 336
2 U6
98 0 288 63
98 0 396 307
18 U6
98 0 503 128
98 0 149 204
98 0 569 101
98 0 280 82
98 0 346 331
98 0 387 179
98 0 516 325
98 0 164 277
98 0 525 235
98 0 12 277
98 0 164 72
98 0 141 229
98 0 322 90
98 0 550 315
98 0 270 336
98 0 428 345
98 0 159 207
98 0 268 176
6
296 284 183 232
589 132 5 318
274 193 511 154
36 207 514 297
65 279 349 217
578 230 360 185
