4
6
L1 452 0
U2 531 0
L3 326 0
U4 110 0
L5 293 0
U6 70 0
24
569 101
21 131
516 166
422 45
598 102
116 64
252 146
358 345
74 306
147 96
213 49
144 36
598 49
38 166
111 163
420 247
93 274
386 313
337 186
316 325
156 166
378 125
588 50
110 181
2 L1
22 L1
416 220 452 0
241 64 452 0
594 222 452 0
120 84 452 0
193 80 452 0
120 344 452 0
186 202 452 0
111 91 452 0
398 267 452 0
513 341 452 0
425 265 452 0
515 173 452 0
541 315 452 0
531 227 452 0
559 97 452 0
487 245 452 0
146 344 452 0
404 134 452 0
140 154 452 0
205 335 452 0
241 198 452 0
200 287 452 0
2 L3
22 L3
418 84 326 0
471 166 326 0
516 165 326 0
68 173 326 0
510 324 326 0
64 196 326 0
45 307 326 0
524 69 326 0
470 287 326 0
435 90 326 0
378 314 326 0
441 274 326 0
37 163 326 0
596 123 326 0
274 82 326 0
359 178 326 0
243 301 326 0
550 221 326 0
129 240 326 0
361 81 326 0
142 145 326 0
267 142 326 0
2 L5
22 L5
37 77 293 0
284 291 293 0
270 172 293 0
373 307 293 0
210 228 293 0
384 157 293 0
53 294 293 0
267 91 293 0
31 258 293 0
173 82 293 0
60 342 293 0
291 156 293 0
518 231 293 0
335 252 293 0
339 228 293 0
472 128 293 0
138 229 293 0
508 328 293 0
245 333 293 0
150 239 293 0
428 51 293 0
505 312 293 0
2 U2
531 0 19 67
531 0 396 240
22 U2
531 0 69 138
531 0 162 119
531 0 426 214
531 0 258 251
531 0 258 120
531 0 104 197
531 0 490 127
531 0 473 253
531 0 542 219
531 0 578 100
531 0 578 260
531 0 140 167
531 0 25 167
531 0 406 347
531 0 385 59
531 0 150 107
531 0 83 241
531 0 288 120
531 0 127 175
531 0 593 264
531 0 233 88
531 0 22 213
2 U4
110 0 414 93
110 0 214 51
22 U4
110 0 600 174
110 0 149 53
110 0 497 322
110 0 0 122
110 0 41 248
110 0 597 93
110 0 307 332
110 0 261 70
110 0 94 119
110 0 313 84
110 0 91 183
110 0 205 226
110 0 31 313
110 0 209 174
110 0 304 119
110 0 236 61
110 0 80 199
110 0 54 234
110 0 307 331
110 0 318 91
110 0 423 127
110 0 181 221
2 U6
70 0 335 179
70 0 292 248
22 U6
70 0 357 271
70 0 393 324
70 0 507 125
70 0 75 120
70 0 144 156
70 0 319 259
70 0 545 295
70 0 217 64
70 0 125 145
70 0 339 190
70 0 252 152
70 0 121 273
70 0 12 157
70 0 297 297
70 0 77 197
70 0 5 133
70 0 594 218
70 0 310 302
70 0 507 69
70 0 464 50
70 0 61 101
70 0 17 53
7
416 220 157 256
418 84 323 65
37 77 131 254
241 64 67 283
471 166 134 271
284 291 238 147
594 222 69 170
