3
6
L1 374 0
U2 120 0
L3 238 0
U4 486 0
L5 222 0
U6 470 0
18
401 260
589 269
384 311
499 74
121 242
505 111
337 212
215 12
476 103
425 122
174 212
209 60
559 46
543 57
518 70
152 317
461 182
84 187
1 L1
22 L1
381 81 374 0
563 136 374 0
380 349 374 0
275 301 374 0
508 75 374 0
343 90 374 0
494 196 374 0
9 266 374 0
302 66 374 0
319 88 374 0
161 329 374 0
29 131 374 0
194 280 374 0
134 344 374 0
283 319 374 0
293 168 374 0
117 255 374 0
60 118 374 0
432 341 374 0
446 272 374 0
390 213 374 0
337 292 374 0
1 L3
22 L3
369 175 238 0
233 172 238 0
391 256 238 0
519 294 238 0
377 278 238 0
472 336 238 0
42 242 238 0
529 112 238 0
298 50 238 0
164 214 238 0
398 213 238 0
13 341 238 0
290 123 238 0
450 293 238 0
373 301 238 0
304 125 238 0
213 120 238 0
282 88 238 0
334 103 238 0
540 186 238 0
474 316 238 0
112 266 238 0
1 L5
22 L5
398 246 222 0
41 148 222 0
345 164 222 0
156 101 222 0
570 329 222 0
118 86 222 0
356 207 222 0
273 323 222 0
281 97 222 0
129 325 222 0
426 212 222 0
225 306 222 0
504 300 222 0
514 112 222 0
16 67 222 0
374 183 222 0
97 142 222 0
285 282 222 0
327 86 222 0
473 307 222 0
244 203 222 0
141 261 222 0
1 U2
120 0 226 224
22 U2
120 0 76 196
120 0 576 261
120 0 387 146
120 0 355 62
120 0 469 283
120 0 10 323
120 0 179 145
120 0 176 173
120 0 390 283
120 0 187 264
120 0 247 342
120 0 64 196
120 0 114 347
120 0 470 282
120 0 279 66
120 0 590 193
120 0 534 217
120 0 430 124
120 0 333 251
120 0 80 103
120 0 530 203
120 0 572 86
1 U4
486 0 470 101
22 U4
486 0 270 67
486 0 283 212
486 0 342 176
486 0 245 333
486 0 174 140
486 0 18 214
486 0 254 185
486 0 21 90
486 0 40 63
486 0 103 293
486 0 189 267
486 0 422 142
486 0 127 314
486 0 342 84
486 0 117 84
486 0 559 108
486 0 541 188
486 0 210 324
486 0 480 193
486 0 516 79
486 0 50 80
486 0 415 333
1 U6
470 0 140 164
22 U6
470 0 544 193
470 0 547 128
470 0 344 208
470 0 488 338
470 0 371 179
470 0 76 118
470 0 106 189
470 0 337 232
470 0 197 64
470 0 259 329
470 0 30 250
470 0 20 166
470 0 562 156
470 0 277 194
470 0 405 201
470 0 223 82
470 0 403 346
470 0 560 314
470 0 141 87
470 0 431 140
470 0 309 240
470 0 486 342
20
381 81 121 67
369 175 385 138
398 246 523 249
563 136 211 128
233 172 173 207
41 148 214 291
380 349 170 260
391 256 26 90
345 164 23 101
275 301 236 283
519 294 447 312
156 101 363 192
508 75 223 268
377 278 10 140
570 329 17 141
343 90 510 117
472 336 10 248
118 86 600 342
494 196 51 304
42 242 233 196
