5
6
L1 322 0
U2 313 0
L3 65 0
U4 281 0
L5 588 0
U6 127 0
24
530 47
512 175
216 26
66 264
60 18
119 57
97 276
514 248
325 22
95 229
377 252
478 100
171 50
59 13
184 251
373 325
226 260
382 60
404 75
289 268
431 278
15 325
468 106
72 296
2 L1
14 L1
134 347 322 0
194 253 322 0
116 239 322 0
320 225 322 0
137 340 322 0
29 104 322 0
430 59 322 0
189 161 322 0
109 135 322 0
289 146 322 0
283 59 322 0
1 336 322 0
79 331 322 0
336 117 322 0
2 L3
14 L3
153 162 65 0
505 156 65 0
134 322 65 0
412 63 65 0
588 231 65 0
371 232 65 0
22 176 65 0
426 95 65 0
435 314 65 0
335 211 65 0
75 99 65 0
36 274 65 0
237 58 65 0
579 317 65 0
2 L5
14 L5
258 121 588 0
599 104 588 0
86 101 588 0
499 179 588 0
446 140 588 0
194 126 588 0
419 286 588 0
37 179 588 0
584 105 588 0
86 137 588 0
139 124 588 0
125 169 588 0
79 93 588 0
188 146 588 0
2 U2
313 0 312 247
313 0 559 346
14 U2
313 0 250 196
313 0 594 314
313 0 416 330
313 0 501 179
313 0 464 214
313 0 237 164
313 0 310 330
313 0 97 52
313 0 22 215
313 0 119 105
313 0 106 304
313 0 473 257
313 0 465 229
313 0 251 236
2 U4
281 0 261 268
281 0 118 161
14 U4
281 0 78 239
281 0 389 145
281 0 153 298
281 0 86 325
281 0 210 219
281 0 324 224
281 0 121 92
281 0 469 319
281 0 152 147
281 0 355 199
281 0 16 314
281 0 94 221
281 0 426 250
281 0 125 231
2 U6
127 0 305 125
127 0 55 91
14 U6
127 0 332 63
127 0 12 79
127 0 64 85
127 0 177 254
127 0 232 306
127 0 138 205
127 0 248 199
127 0 69 230
127 0 49 325
127 0 397 272
127 0 393 66
127 0 150 101
127 0 95 207
127 0 535 87
9
134 347 478 231
153 162 593 114
258 121 0 110
194 253 494 209
505 156 575 340
599 104 305 273
116 239 153 294
134 322 284 183
86 101 63 206
