4
5
L1 342 0
U2 317 0
L3 274 0
U4 31 0
L5 474 0
25
297 175
476 319
398 57
490 169
460 312
32 117
599 124
128 133
139 350
369 191
72 257
295 36
416 239
43 273
484 115
549 96
152 44
211 334
235 277
76 49
598 62
474 48
494 81
528 277
131 270
2 L1
22 L1
572 60 342 0
269 99 342 0
307 78 342 0
453 332 342 0
38 84 342 0
219 177 342 0
52 75 342 0
1 231 342 0
270 91 342 0
539 128 342 0
473 291 342 0
18 212 342 0
243 270 342 0
281 244 342 0
488 335 342 0
104 125 342 0
92 53 342 0
131 301 342 0
371 315 342 0
256 109 342 0
323 187 342 0
350 131 342 0
2 L3
22 L3
173 327 274 0
570 192 274 0
258 124 274 0
333 329 274 0
166 239 274 0
478 137 274 0
376 306 274 0
153 231 274 0
568 326 274 0
293 83 274 0
526 227 274 0
323 86 274 0
395 88 274 0
422 281 274 0
15 185 274 0
407 201 274 0
567 74 274 0
423 273 274 0
127 86 274 0
299 179 274 0
169 135 274 0
528 60 274 0
2 L5
22 L5
181 131 474 0
143 211 474 0
75 186 474 0
44 190 474 0
159 257 474 0
292 97 474 0
527 284 474 0
312 66 474 0
315 233 474 0
407 266 474 0
112 129 474 0
216 168 474 0
48 97 474 0
571 240 474 0
364 189 474 0
66 167 474 0
396 136 474 0
101 85 474 0
0 59 474 0
451 67 474 0
227 200 474 0
577 264 474 0
2 U2
317 0 542 122
317 0 46 79
22 U2
317 0 144 189
317 0 506 139
317 0 78 313
317 0 510 137
317 0 247 67
317 0 545 71
317 0 476 260
317 0 422 339
317 0 345 202
317 0 181 148
317 0 446 102
317 0 303 146
317 0 151 205
317 0 4 310
317 0 447 231
317 0 474 142
317 0 13 170
317 0 442 297
317 0 46 240
317 0 180 272
317 0 525 116
317 0 524 316
2 U4
31 0 449 72
31 0 343 268
22 U4
31 0 550 174
31 0 152 323
31 0 46 199
31 0 514 80
31 0 321 166
31 0 139 55
31 0 498 221
31 0 401 263
31 0 165 180
31 0 326 214
31 0 503 196
31 0 37 275
31 0 68 202
31 0 303 292
31 0 375 336
31 0 313 319
31 0 499 153
31 0 273 182
31 0 195 286
31 0 70 57
31 0 132 96
31 0 170 188
17
572 60 34 299
173 327 583 210
181 131 32 123
269 99 501 265
570 192 0 112
143 211 380 246
307 78 88 142
258 124 151 208
75 186 117 147
453 332 497 279
333 329 286 263
44 190 71 306
38 84 490 86
166 239 70 184
159 257 402 149
219 177 557 319
478 137 595 322
