4
3
L1 352 0
U2 476 0
L3 306 0
12
475 97
125 193
137 39
327 165
503 189
274 279
250 161
216 244
126 284
553 142
326 300
28 206
2 L1
18 L1
376 76 352 0
384 108 352 0
228 63 352 0
438 116 352 0
443 309 352 0
49 113 352 0
310 212 352 0
478 76 352 0
545 235 352 0
527 78 352 0
412 164 352 0
335 276 352 0
150 94 352 0
557 232 352 0
171 160 352 0
160 232 352 0
315 254 352 0
368 101 352 0
2 L3
18 L3
122 257 306 0
216 59 306 0
458 217 306 0
567 51 306 0
388 124 306 0
180 314 306 0
256 129 306 0
156 311 306 0
136 296 306 0
304 104 306 0
326 170 306 0
460 337 306 0
521 153 306 0
395 350 306 0
79 298 306 0
212 98 306 0
395 229 306 0
221 266 306 0
2 U2
476 0 387 266
476 0 88 335
18 U2
476 0 273 323
476 0 218 208
476 0 547 119
476 0 344 102
476 0 491 225
476 0 282 88
476 0 21 145
476 0 564 183
476 0 461 334
476 0 584 328
476 0 95 250
476 0 110 185
476 0 475 262
476 0 521 228
476 0 242 247
476 0 14 192
476 0 339 299
476 0 415 80
9
376 76 63 103
122 257 83 263
384 108 246 176
216 59 152 297
228 63 582 177
458 217 511 112
438 116 247 268
567 51 297 342
443 309 485 279
