5
3
L1 568 0
U2 562 0
L3 155 0
15
466 202
248 218
39 1
147 152
3 317
505 174
550 230
325 23
39 65
388 19
82 138
21 65
94 161
15 72
179 260
2 L1
10 L1
415 190 568 0
354 190 568 0
388 180 568 0
216 109 568 0
296 91 568 0
57 311 568 0
217 196 568 0
43 127 568 0
294 196 568 0
537 126 568 0
2 L3
10 L3
103 129 155 0
189 342 155 0
122 165 155 0
508 252 155 0
259 350 155 0
356 312 155 0
488 212 155 0
579 214 155 0
330 171 155 0
78 181 155 0
2 U2
562 0 363 305
562 0 365 278
10 U2
562 0 372 219
562 0 282 75
562 0 480 287
562 0 475 327
562 0 588 142
562 0 453 278
562 0 312 110
562 0 182 328
562 0 557 248
562 0 294 109
3
415 190 183 307
103 129 433 278
354 190 46 331
