3
5
L1 146 0
U2 485 0
L3 174 0
U4 284 0
L5 64 0
20
531 229
284 348
553 286
369 30
407 50
338 249
299 16
460 29
226 243
192 212
91 220
295 75
328 57
332 160
177 335
200 224
443 59
574 176
581 145
262 166
1 L1
18 L1
245 196 146 0
461 311 146 0
4 214 146 0
595 186 146 0
139 330 146 0
282 121 146 0
195 72 146 0
195 66 146 0
137 53 146 0
95 169 146 0
341 56 146 0
461 83 146 0
266 288 146 0
590 197 146 0
594 319 146 0
119 298 146 0
242 334 146 0
436 186 146 0
1 L3
18 L3
263 233 174 0
264 305 174 0
362 193 174 0
501 69 174 0
399 138 174 0
90 144 174 0
291 310 174 0
62 304 174 0
13 190 174 0
392 324 174 0
424 264 174 0
306 265 174 0
242 101 174 0
455 211 174 0
202 342 174 0
596 230 174 0
552 93 174 0
538 298 174 0
1 L5
18 L5
146 287 64 0
214 348 64 0
188 340 64 0
514 175 64 0
453 298 64 0
1 164 64 0
123 145 64 0
344 115 64 0
246 222 64 0
123 143 64 0
157 140 64 0
339 227 64 0
291 58 64 0
227 222 64 0
563 81 64 0
48 113 64 0
452 199 64 0
376 249 64 0
1 U2
485 0 447 89
18 U2
485 0 553 234
485 0 68 91
485 0 183 202
485 0 453 131
485 0 110 54
485 0 305 288
485 0 43 295
485 0 326 204
485 0 512 225
485 0 528 117
485 0 90 234
485 0 265 74
485 0 391 170
485 0 120 324
485 0 152 95
485 0 438 116
485 0 413 333
485 0 432 139
1 U4
284 0 550 306
18 U4
284 0 75 237
284 0 188 267
284 0 458 254
284 0 154 79
284 0 261 230
284 0 380 182
284 0 438 222
284 0 238 92
284 0 286 289
284 0 188 177
284 0 555 148
284 0 447 254
284 0 251 253
284 0 89 129
284 0 579 219
284 0 400 75
284 0 442 260
284 0 227 300
9
245 196 493 110
263 233 263 238
146 287 196 55
461 311 337 166
264 305 433 94
214 348 287 148
4 214 519 345
362 193 163 150
188 340 118 200
