5
4
L1 513 0
U2 195 0
L3 213 0
U4 546 0
12
176 54
39 263
575 236
145 12
101 185
212 276
344 341
230 27
401 336
191 328
66 91
415 135
2 L1
14 L1
428 178 513 0
3 61 513 0
34 169 513 0
59 176 513 0
515 231 513 0
90 246 513 0
445 225 513 0
66 206 513 0
236 268 513 0
570 224 513 0
252 294 513 0
530 72 513 0
217 299 513 0
466 229 513 0
2 L3
14 L3
436 64 213 0
194 126 213 0
111 55 213 0
55 348 213 0
428 60 213 0
499 63 213 0
584 103 213 0
23 319 213 0
593 151 213 0
252 192 213 0
294 78 213 0
469 230 213 0
594 93 213 0
365 107 213 0
2 U2
195 0 83 227
195 0 145 247
14 U2
195 0 110 244
195 0 176 191
195 0 194 136
195 0 413 221
195 0 413 202
195 0 249 180
195 0 107 243
195 0 244 326
195 0 366 190
195 0 566 264
195 0 589 97
195 0 381 82
195 0 86 307
195 0 516 142
2 U4
546 0 553 243
546 0 589 91
14 U4
546 0 294 179
546 0 515 227
546 0 3 208
546 0 82 126
546 0 497 52
546 0 224 350
546 0 241 95
546 0 2 281
546 0 9 340
546 0 574 303
546 0 280 233
546 0 492 238
546 0 566 77
546 0 103 222
3
428 178 17 336
436 64 194 83
3 61 550 84
