5
5
L1 300 0
U2 397 0
L3 34 0
U4 173 0
L5 564 0
20
265 172
491 318
182 304
121 23
1 60
284 270
266 75
593 199
598 111
396 3
96 223
102 198
547 107
472 129
159 330
307 29
148 287
333 90
510 249
325 39
2 L1
14 L1
0 231 300 0
206 231 300 0
5 217 300 0
358 261 300 0
230 89 300 0
547 183 300 0
315 242 300 0
91 180 300 0
505 192 300 0
319 145 300 0
293 68 300 0
469 298 300 0
155 158 300 0
514 52 300 0
2 L3
14 L3
64 344 34 0
533 214 34 0
92 229 34 0
575 225 34 0
221 166 34 0
538 305 34 0
254 181 34 0
73 206 34 0
411 135 34 0
553 60 34 0
89 229 34 0
240 195 34 0
560 278 34 0
75 198 34 0
2 L5
14 L5
18 54 564 0
387 135 564 0
7 108 564 0
228 123 564 0
414 283 564 0
105 199 564 0
231 53 564 0
476 180 564 0
246 341 564 0
370 153 564 0
497 201 564 0
358 347 564 0
153 149 564 0
555 330 564 0
2 U2
397 0 416 115
397 0 422 262
14 U2
397 0 273 191
397 0 234 234
397 0 119 280
397 0 343 179
397 0 398 169
397 0 448 260
397 0 90 72
397 0 344 201
397 0 192 74
397 0 147 111
397 0 40 161
397 0 462 294
397 0 411 260
397 0 565 230
2 U4
173 0 289 154
173 0 106 346
14 U4
173 0 531 118
173 0 432 114
173 0 209 80
173 0 157 321
173 0 587 220
173 0 562 239
173 0 132 243
173 0 2 63
173 0 556 316
173 0 55 246
173 0 283 265
173 0 394 103
173 0 415 127
173 0 528 114
11
0 231 510 50
64 344 83 199
18 54 197 104
206 231 52 94
533 214 435 74
387 135 451 306
5 217 595 317
92 229 89 97
7 108 245 95
358 261 321 236
575 225 130 240
