3
3
L1 465 0
U2 465 0
L3 352 0
9
275 4
344 307
159 255
429 28
566 95
437 258
94 122
489 335
102 120
1 L1
10 L1
589 104 465 0
307 295 465 0
158 295 465 0
555 253 465 0
468 220 465 0
480 160 465 0
387 284 465 0
245 340 465 0
467 253 465 0
0 250 465 0
1 L3
10 L3
429 173 352 0
456 304 352 0
27 141 352 0
246 333 352 0
254 306 352 0
595 182 352 0
395 121 352 0
176 309 352 0
340 111 352 0
496 102 352 0
1 U2
465 0 249 53
10 U2
465 0 519 269
465 0 418 160
465 0 429 130
465 0 27 344
465 0 431 161
465 0 303 325
465 0 300 341
465 0 263 225
465 0 345 159
465 0 437 129
3
589 104 369 73
429 173 489 226
307 295 512 266
