3
5
L1 362 0
U2 278 0
L3 205 0
U4 27 0
L5 320 0
25
38 311
496 185
192 299
207 335
454 66
483 83
349 124
79 288
526 179
409 171
123 32
488 315
30 154
415 131
338 76
44 247
592 344
215 297
102 305
538 70
570 161
529 301
552 138
339 293
470 196
1 L1
18 L1
29 344 362 0
225 112 362 0
363 315 362 0
256 255 362 0
247 94 362 0
576 304 362 0
116 112 362 0
257 171 362 0
516 268 362 0
423 126 362 0
32 78 362 0
196 149 362 0
470 247 362 0
430 174 362 0
263 233 362 0
357 55 362 0
304 207 362 0
435 110 362 0
1 L3
18 L3
469 311 205 0
342 88 205 0
50 319 205 0
28 316 205 0
103 172 205 0
505 282 205 0
461 333 205 0
409 107 205 0
196 150 205 0
41 126 205 0
85 148 205 0
116 188 205 0
582 218 205 0
61 90 205 0
2 126 205 0
25 221 205 0
343 252 205 0
422 93 205 0
1 L5
18 L5
505 115 320 0
514 155 320 0
571 183 320 0
175 150 320 0
276 81 320 0
118 67 320 0
77 240 320 0
489 105 320 0
189 132 320 0
185 104 320 0
535 124 320 0
201 348 320 0
489 164 320 0
17 348 320 0
253 138 320 0
337 311 320 0
496 289 320 0
524 118 320 0
1 U2
278 0 597 213
18 U2
278 0 313 98
278 0 485 328
278 0 129 187
278 0 283 75
278 0 523 282
278 0 108 345
278 0 573 92
278 0 157 253
278 0 347 301
278 0 20 322
278 0 485 250
278 0 465 283
278 0 185 115
278 0 452 59
278 0 150 288
278 0 210 179
278 0 557 235
278 0 547 184
1 U4
27 0 373 264
18 U4
27 0 155 89
27 0 156 210
27 0 316 171
27 0 569 206
27 0 92 342
27 0 593 153
27 0 366 71
27 0 416 150
27 0 0 157
27 0 486 300
27 0 526 132
27 0 509 85
27 0 379 306
27 0 345 288
27 0 340 82
27 0 32 339
27 0 399 294
27 0 413 261
9
29 344 162 148
469 311 71 94
505 115 569 256
225 112 155 82
342 88 447 130
514 155 236 312
363 315 476 142
50 319 13 184
571 183 114 60
