5
5
L1 191 0
U2 21 0
L3 54 0
U4 484 0
L5 23 0
20
356 340
265 20
289 176
23 312
25 322
523 279
501 50
149 161
114 41
304 136
318 92
252 104
3 85
236 318
358 196
412 293
134 43
502 171
109 291
360 137
2 L1
10 L1
360 232 191 0
442 286 191 0
396 349 191 0
258 103 191 0
454 204 191 0
47 306 191 0
95 250 191 0
4 255 191 0
202 349 191 0
553 63 191 0
2 L3
10 L3
30 265 54 0
246 211 54 0
200 309 54 0
358 171 54 0
377 296 54 0
568 339 54 0
364 339 54 0
53 156 54 0
75 51 54 0
41 236 54 0
2 L5
10 L5
363 294 23 0
18 231 23 0
167 256 23 0
65 276 23 0
354 67 23 0
584 91 23 0
536 163 23 0
19 83 23 0
479 80 23 0
214 160 23 0
2 U2
21 0 466 194
21 0 220 143
10 U2
21 0 367 119
21 0 556 301
21 0 169 219
21 0 147 328
21 0 213 139
21 0 369 80
21 0 318 246
21 0 44 291
21 0 1 143
21 0 544 316
2 U4
484 0 394 98
484 0 53 319
10 U4
484 0 271 82
484 0 1 107
484 0 42 213
484 0 288 139
484 0 510 325
484 0 2 84
484 0 337 59
484 0 66 341
484 0 52 196
484 0 528 296
5
360 232 182 133
30 265 338 119
363 294 39 167
442 286 422 316
246 211 228 210
