3
4
L1 89 0
U2 415 0
L3 195 0
U4 461 0
20
598 224
76 130
593 73
543 153
266 255
265 343
264 57
161 85
192 326
432 5
62 337
445 214
454 211
73 288
456 317
585 2
371 100
525 48
95 205
210 174
1 L1
22 L1
56 66 89 0
593 166 89 0
547 114 89 0
23 338 89 0
327 322 89 0
37 232 89 0
8 178 89 0
417 203 89 0
547 260 89 0
113 195 89 0
588 127 89 0
180 96 89 0
52 295 89 0
327 55 89 0
548 177 89 0
435 180 89 0
125 147 89 0
205 204 89 0
372 317 89 0
407 50 89 0
504 263 89 0
445 221 89 0
1 L3
22 L3
275 184 195 0
146 125 195 0
411 85 195 0
464 158 195 0
221 138 195 0
473 315 195 0
429 217 195 0
20 120 195 0
267 52 195 0
425 257 195 0
454 224 195 0
357 304 195 0
537 243 195 0
379 150 195 0
5 275 195 0
436 91 195 0
44 196 195 0
534 178 195 0
267 54 195 0
37 326 195 0
543 206 195 0
507 331 195 0
1 U2
415 0 553 149
22 U2
415 0 321 227
415 0 542 56
415 0 344 266
415 0 3 280
415 0 150 226
415 0 385 52
415 0 495 151
415 0 294 136
415 0 88 227
415 0 359 210
415 0 362 58
415 0 82 226
415 0 270 87
415 0 50 52
415 0 74 191
415 0 466 214
415 0 566 286
415 0 260 112
415 0 240 259
415 0 311 126
415 0 53 159
415 0 142 217
1 U4
461 0 213 189
22 U4
461 0 333 312
461 0 516 332
461 0 29 99
461 0 467 255
461 0 227 245
461 0 154 89
461 0 526 241
461 0 76 137
461 0 547 310
461 0 226 202
461 0 576 292
461 0 36 165
461 0 57 100
461 0 536 317
461 0 336 87
461 0 85 304
461 0 11 113
461 0 426 291
461 0 49 140
461 0 221 104
461 0 8 134
461 0 481 88
14
56 66 414 250
275 184 276 313
593 166 139 274
146 125 254 198
547 114 157 220
411 85 146 91
23 338 76 232
464 158 582 107
327 322 405 99
221 138 230 210
37 232 127 294
473 315 576 127
8 178 539 211
429 217 11 56
