3
4
L1 500 0
U2 31 0
L3 540 0
U4 358 0
20
107 19
545 5
146 9
419 44
415 69
426 145
402 230
221 14
388 72
111 39
408 323
478 241
109 181
73 223
237 36
344 177
131 21
28 33
168 45
476 57
1 L1
10 L1
470 94 500 0
469 260 500 0
476 230 500 0
112 231 500 0
163 184 500 0
72 105 500 0
138 276 500 0
122 250 500 0
40 214 500 0
434 333 500 0
1 L3
10 L3
374 272 540 0
53 175 540 0
107 142 540 0
268 247 540 0
227 285 540 0
253 326 540 0
115 59 540 0
108 75 540 0
312 274 540 0
352 94 540 0
1 U2
31 0 242 237
10 U2
31 0 481 259
31 0 39 62
31 0 143 70
31 0 491 325
31 0 380 51
31 0 371 235
31 0 273 188
31 0 226 219
31 0 472 146
31 0 598 73
1 U4
358 0 90 110
10 U4
358 0 274 219
358 0 282 76
358 0 429 233
358 0 533 201
358 0 221 324
358 0 13 270
358 0 446 125
358 0 251 56
358 0 65 239
358 0 150 157
6
470 94 363 350
374 272 11 86
469 260 260 296
53 175 527 236
476 230 428 186
107 142 424 273
