3
3
L1 427 0
U2 316 0
L3 250 0
12
80 13
533 43
251 109
408 285
422 217
278 164
82 95
226 6
460 138
576 262
211 315
530 117
1 L1
14 L1
222 270 427 0
4 325 427 0
592 234 427 0
396 102 427 0
67 223 427 0
227 291 427 0
113 159 427 0
158 134 427 0
106 268 427 0
529 339 427 0
170 207 427 0
42 65 427 0
245 145 427 0
395 324 427 0
1 L3
14 L3
503 272 250 0
258 233 250 0
14 337 250 0
401 165 250 0
333 329 250 0
426 105 250 0
262 282 250 0
337 276 250 0
177 73 250 0
267 337 250 0
474 263 250 0
595 178 250 0
482 247 250 0
279 307 250 0
1 U2
316 0 341 310
14 U2
316 0 23 173
316 0 463 244
316 0 550 254
316 0 1 190
316 0 251 226
316 0 217 110
316 0 178 160
316 0 78 197
316 0 152 285
316 0 285 54
316 0 578 209
316 0 49 95
316 0 585 155
316 0 365 120
3
222 270 0 327
503 272 497 300
4 325 35 53
