4
3
L1 48 0
U2 228 0
L3 555 0
9
528 325
87 178
479 297
327 62
298 107
530 303
151 338
183 292
228 143
2 L1
10 L1
228 134 48 0
154 61 48 0
30 239 48 0
447 101 48 0
513 332 48 0
172 206 48 0
42 105 48 0
230 109 48 0
436 95 48 0
356 304 48 0
2 L3
10 L3
202 244 555 0
436 61 555 0
44 217 555 0
174 131 555 0
439 226 555 0
331 95 555 0
29 346 555 0
84 85 555 0
502 244 555 0
288 271 555 0
2 U2
228 0 43 229
228 0 128 160
10 U2
228 0 207 348
228 0 564 299
228 0 500 268
228 0 235 120
228 0 38 186
228 0 522 214
228 0 168 337
228 0 277 271
228 0 392 323
228 0 2 137
5
228 134 342 292
202 244 598 85
154 61 425 79
436 61 571 62
30 239 121 142
