4
5
L1 150 0
U2 197 0
L3 496 0
U4 426 0
L5 501 0
15
185 272
297 309
280 36
449 304
156 85
525 252
117 273
594 189
428 343
295 90
57 220
256 26
413 213
252 201
241 309
2 L1
18 L1
130 304 150 0
157 100 150 0
100 305 150 0
18 160 150 0
130 94 150 0
300 274 150 0
266 211 150 0
566 342 150 0
115 281 150 0
87 98 150 0
335 108 150 0
236 282 150 0
256 234 150 0
391 299 150 0
188 95 150 0
516 288 150 0
365 297 150 0
491 185 150 0
2 L3
18 L3
51 170 496 0
107 90 496 0
485 343 496 0
160 215 496 0
340 86 496 0
384 75 496 0
319 123 496 0
598 63 496 0
385 253 496 0
366 90 496 0
564 76 496 0
490 232 496 0
234 322 496 0
308 218 496 0
426 220 496 0
74 138 496 0
391 328 496 0
246 50 496 0
2 L5
18 L5
198 83 501 0
281 53 501 0
17 282 501 0
524 109 501 0
195 298 501 0
338 118 501 0
554 129 501 0
341 267 501 0
256 232 501 0
167 218 501 0
224 202 501 0
317 300 501 0
198 159 501 0
298 157 501 0
116 296 501 0
174 255 501 0
233 281 501 0
117 346 501 0
2 U2
197 0 318 339
197 0 591 296
18 U2
197 0 69 111
197 0 44 163
197 0 427 157
197 0 360 336
197 0 147 339
197 0 551 178
197 0 117 198
197 0 458 248
197 0 237 119
197 0 166 239
197 0 1 128
197 0 170 142
197 0 285 276
197 0 205 198
197 0 247 244
197 0 62 127
197 0 146 79
197 0 520 247
2 U4
426 0 516 194
426 0 339 206
18 U4
426 0 537 317
426 0 76 323
426 0 392 131
426 0 227 178
426 0 34 60
426 0 219 350
426 0 590 83
426 0 536 269
426 0 410 269
426 0 304 332
426 0 270 269
426 0 430 64
426 0 132 193
426 0 78 290
426 0 397 300
426 0 142 273
426 0 211 294
426 0 467 142
9
130 304 174 103
51 170 589 74
198 83 261 296
157 100 134 199
107 90 431 90
281 53 460 304
100 305 463 348
485 343 527 319
17 282 505 315
