4
3
L1 510 0
U2 350 0
L3 163 0
9
514 63
452 65
255 18
530 81
465 182
400 212
140 238
572 163
277 178
2 L1
18 L1
166 178 510 0
271 58 510 0
480 127 510 0
526 159 510 0
568 303 510 0
226 282 510 0
105 154 510 0
467 144 510 0
538 180 510 0
497 302 510 0
435 113 510 0
159 55 510 0
30 169 510 0
26 347 510 0
77 178 510 0
515 197 510 0
397 299 510 0
173 309 510 0
2 L3
18 L3
262 321 163 0
498 164 163 0
558 140 163 0
531 332 163 0
433 179 163 0
418 285 163 0
152 330 163 0
137 70 163 0
593 147 163 0
597 147 163 0
369 207 163 0
407 332 163 0
517 319 163 0
594 324 163 0
86 185 163 0
418 178 163 0
356 256 163 0
211 131 163 0
2 U2
350 0 417 296
350 0 170 331
18 U2
350 0 591 327
350 0 600 203
350 0 37 292
350 0 448 198
350 0 3 86
350 0 545 175
350 0 555 114
350 0 381 120
350 0 42 264
350 0 561 222
350 0 188 50
350 0 280 318
350 0 296 220
350 0 518 193
350 0 357 107
350 0 335 287
350 0 198 321
350 0 205 278
6
166 178 267 125
262 321 142 139
271 58 352 337
498 164 580 182
480 127 526 221
558 140 104 268
