3
6
L1 369 0
U2 550 0
L3 597 0
U4 351 0
L5 338 0
U6 481 0
18
181 247
595 331
417 69
222 102
338 268
440 192
343 41
575 332
234 234
530 130
403 82
79 110
117 145
458 308
216 174
132 243
188 234
463 331
1 L1
14 L1
42 190 369 0
267 99 369 0
572 194 369 0
398 329 369 0
436 313 369 0
577 342 369 0
596 246 369 0
87 182 369 0
573 99 369 0
462 166 369 0
294 271 369 0
236 241 369 0
514 153 369 0
546 315 369 0
1 L3
14 L3
80 118 597 0
545 177 597 0
504 121 597 0
206 195 597 0
588 272 597 0
47 92 597 0
66 285 597 0
393 265 597 0
319 239 597 0
437 320 597 0
93 157 597 0
161 68 597 0
282 217 597 0
46 64 597 0
1 L5
14 L5
321 336 338 0
397 244 338 0
158 80 338 0
24 267 338 0
228 308 338 0
556 237 338 0
433 62 338 0
83 227 338 0
388 55 338 0
552 186 338 0
89 173 338 0
229 296 338 0
346 190 338 0
520 312 338 0
1 U2
550 0 403 291
14 U2
550 0 297 307
550 0 540 139
550 0 168 208
550 0 588 127
550 0 176 260
550 0 293 198
550 0 536 162
550 0 404 295
550 0 17 60
550 0 351 132
550 0 106 86
550 0 184 180
550 0 545 136
550 0 151 202
1 U4
351 0 440 144
14 U4
351 0 21 243
351 0 107 344
351 0 388 123
351 0 396 278
351 0 425 53
351 0 142 78
351 0 415 166
351 0 40 311
351 0 215 237
351 0 575 77
351 0 217 109
351 0 477 289
351 0 376 200
351 0 438 64
1 U6
481 0 362 125
14 U6
481 0 384 129
481 0 187 84
481 0 173 108
481 0 32 73
481 0 566 298
481 0 261 319
481 0 159 88
481 0 159 81
481 0 8 258
481 0 268 76
481 0 465 189
481 0 466 56
481 0 310 126
481 0 439 103
5
42 190 170 180
80 118 172 233
321 336 310 60
267 99 275 130
545 177 342 246
