3
3
L1 182 0
U2 32 0
L3 237 0
12
234 273
37 73
1 83
98 110
244 273
438 286
540 114
120 164
372 50
447 215
509 120
495 300
1 L1
14 L1
135 263 182 0
428 193 182 0
480 145 182 0
533 69 182 0
546 130 182 0
13 121 182 0
552 137 182 0
578 199 182 0
441 104 182 0
584 192 182 0
76 99 182 0
298 213 182 0
535 197 182 0
111 290 182 0
1 L3
14 L3
449 157 237 0
387 181 237 0
86 237 237 0
151 258 237 0
536 327 237 0
572 172 237 0
31 130 237 0
219 308 237 0
421 328 237 0
321 228 237 0
569 350 237 0
360 126 237 0
525 178 237 0
155 288 237 0
1 U2
32 0 98 63
14 U2
32 0 177 190
32 0 548 201
32 0 578 268
32 0 502 256
32 0 170 68
32 0 514 60
32 0 182 289
32 0 152 276
32 0 175 218
32 0 96 205
32 0 116 144
32 0 425 347
32 0 355 84
32 0 53 205
7
135 263 548 58
449 157 300 337
428 193 245 142
387 181 534 221
480 145 389 292
86 237 261 58
533 69 531 199
