4
3
L1 406 0
U2 232 0
L3 552 0
9
326 12
82 321
306 279
232 217
510 79
272 339
494 193
155 113
517 223
2 L1
22 L1
219 199 406 0
474 171 406 0
170 313 406 0
511 127 406 0
156 287 406 0
13 112 406 0
561 278 406 0
123 226 406 0
52 185 406 0
341 253 406 0
145 197 406 0
511 197 406 0
86 141 406 0
175 60 406 0
589 189 406 0
129 334 406 0
83 192 406 0
583 108 406 0
471 180 406 0
310 333 406 0
44 209 406 0
130 51 406 0
2 L3
22 L3
29 263 552 0
280 139 552 0
278 168 552 0
426 112 552 0
208 204 552 0
312 135 552 0
97 157 552 0
271 132 552 0
304 251 552 0
115 249 552 0
451 269 552 0
261 301 552 0
444 76 552 0
174 79 552 0
210 322 552 0
93 51 552 0
310 142 552 0
360 155 552 0
94 316 552 0
153 99 552 0
341 169 552 0
172 248 552 0
2 U2
232 0 542 230
232 0 479 288
22 U2
232 0 534 62
232 0 464 154
232 0 447 151
232 0 498 292
232 0 252 251
232 0 174 107
232 0 500 179
232 0 184 250
232 0 269 247
232 0 564 147
232 0 365 205
232 0 359 200
232 0 163 339
232 0 169 66
232 0 439 276
232 0 74 306
232 0 597 156
232 0 18 225
232 0 18 59
232 0 497 117
232 0 222 206
232 0 592 87
4
219 199 10 212
29 263 586 100
474 171 475 205
280 139 31 107
