5
4
L1 363 0
U2 222 0
L3 229 0
U4 516 0
12
264 228
595 200
19 122
506 300
176 15
409 307
49 60
271 269
149 47
64 330
320 233
136 38
2 L1
14 L1
154 281 363 0
6 345 363 0
363 140 363 0
319 136 363 0
150 345 363 0
229 105 363 0
553 234 363 0
599 213 363 0
200 91 363 0
217 342 363 0
425 313 363 0
455 286 363 0
361 71 363 0
203 110 363 0
2 L3
14 L3
260 273 229 0
471 181 229 0
320 96 229 0
521 166 229 0
490 209 229 0
424 241 229 0
366 259 229 0
145 271 229 0
545 316 229 0
42 265 229 0
114 116 229 0
242 148 229 0
60 266 229 0
124 329 229 0
2 U2
222 0 384 127
222 0 395 120
14 U2
222 0 401 91
222 0 547 261
222 0 188 158
222 0 431 333
222 0 583 122
222 0 333 64
222 0 559 157
222 0 499 191
222 0 486 212
222 0 28 224
222 0 127 104
222 0 60 63
222 0 188 184
222 0 388 167
2 U4
516 0 222 154
516 0 323 85
14 U4
516 0 313 201
516 0 477 172
516 0 452 128
516 0 587 59
516 0 160 195
516 0 214 166
516 0 248 338
516 0 199 135
516 0 588 81
516 0 144 240
516 0 503 145
516 0 495 128
516 0 574 75
516 0 209 93
9
154 281 563 82
260 273 3 164
6 345 430 85
471 181 212 189
363 140 42 116
320 96 102 269
319 136 539 179
521 166 253 332
150 345 262 334
