5
5
L1 124 0
U2 142 0
L3 543 0
U4 374 0
L5 383 0
15
586 276
457 282
113 75
353 160
282 180
95 71
352 77
504 315
77 227
327 205
563 264
575 219
387 73
583 19
289 268
2 L1
22 L1
471 89 124 0
545 326 124 0
525 254 124 0
186 91 124 0
44 71 124 0
261 70 124 0
380 313 124 0
252 223 124 0
195 284 124 0
339 183 124 0
214 168 124 0
325 328 124 0
78 175 124 0
332 142 124 0
171 174 124 0
460 224 124 0
22 290 124 0
52 100 124 0
101 151 124 0
323 311 124 0
140 265 124 0
200 262 124 0
2 L3
22 L3
485 185 543 0
476 125 543 0
586 240 543 0
320 92 543 0
233 183 543 0
237 145 543 0
263 74 543 0
125 196 543 0
87 83 543 0
186 240 543 0
381 273 543 0
251 137 543 0
358 340 543 0
489 274 543 0
171 220 543 0
98 239 543 0
427 191 543 0
547 53 543 0
310 290 543 0
527 327 543 0
436 257 543 0
584 144 543 0
2 L5
22 L5
286 199 383 0
518 123 383 0
255 294 383 0
136 92 383 0
42 313 383 0
391 180 383 0
13 325 383 0
312 217 383 0
92 82 383 0
163 254 383 0
465 228 383 0
420 79 383 0
45 262 383 0
231 151 383 0
262 133 383 0
47 331 383 0
366 192 383 0
67 98 383 0
406 145 383 0
275 258 383 0
498 160 383 0
82 95 383 0
2 U2
142 0 288 58
142 0 96 107
22 U2
142 0 170 98
142 0 527 69
142 0 455 75
142 0 95 148
142 0 330 298
142 0 552 295
142 0 230 295
142 0 69 63
142 0 339 334
142 0 241 86
142 0 101 101
142 0 262 305
142 0 468 265
142 0 82 262
142 0 60 142
142 0 13 276
142 0 546 292
142 0 78 305
142 0 506 333
142 0 18 320
142 0 387 84
142 0 110 142
2 U4
374 0 318 253
374 0 91 201
22 U4
374 0 132 201
374 0 433 320
374 0 340 315
374 0 255 254
374 0 302 179
374 0 88 88
374 0 109 50
374 0 420 294
374 0 197 285
374 0 364 232
374 0 427 70
374 0 291 310
374 0 505 269
374 0 204 324
374 0 239 197
374 0 481 284
374 0 557 275
374 0 439 305
374 0 558 241
374 0 515 318
374 0 387 85
374 0 114 98
6
471 89 360 334
485 185 15 108
286 199 516 97
545 326 190 256
476 125 200 242
518 123 530 194
