3
3
L1 249 0
U2 345 0
L3 101 0
15
181 198
53 103
34 90
215 6
234 40
537 271
380 147
173 252
49 6
419 38
343 167
431 100
214 5
424 253
209 269
1 L1
10 L1
435 227 249 0
288 82 249 0
73 253 249 0
565 107 249 0
116 151 249 0
360 271 249 0
441 331 249 0
42 334 249 0
62 284 249 0
196 342 249 0
1 L3
10 L3
338 56 101 0
485 172 101 0
342 99 101 0
484 279 101 0
213 328 101 0
392 282 101 0
29 263 101 0
217 127 101 0
461 144 101 0
356 149 101 0
1 U2
345 0 230 334
10 U2
345 0 5 205
345 0 377 167
345 0 529 292
345 0 161 102
345 0 303 88
345 0 418 219
345 0 597 345
345 0 43 247
345 0 505 77
345 0 433 154
5
435 227 43 129
338 56 114 278
288 82 313 176
485 172 333 106
73 253 186 137
