3
3
L1 539 0
U2 349 0
L3 235 0
15
82 89
569 51
260 110
37 239
285 218
303 104
504 343
441 203
322 318
87 108
544 27
209 169
318 336
13 130
460 211
1 L1
22 L1
312 236 539 0
273 307 539 0
575 57 539 0
182 54 539 0
284 52 539 0
426 182 539 0
83 106 539 0
382 271 539 0
506 55 539 0
432 296 539 0
90 76 539 0
298 327 539 0
214 61 539 0
178 98 539 0
413 93 539 0
157 144 539 0
490 125 539 0
297 104 539 0
33 304 539 0
286 305 539 0
313 269 539 0
146 211 539 0
1 L3
22 L3
142 126 235 0
380 284 235 0
183 90 235 0
134 315 235 0
202 229 235 0
177 273 235 0
389 249 235 0
509 185 235 0
564 134 235 0
183 238 235 0
356 322 235 0
437 175 235 0
544 106 235 0
103 141 235 0
374 106 235 0
34 68 235 0
511 89 235 0
182 107 235 0
252 305 235 0
27 134 235 0
12 279 235 0
224 292 235 0
1 U2
349 0 309 126
22 U2
349 0 524 152
349 0 569 248
349 0 297 337
349 0 439 203
349 0 373 296
349 0 523 318
349 0 446 292
349 0 172 104
349 0 553 182
349 0 169 265
349 0 590 100
349 0 515 195
349 0 31 146
349 0 95 234
349 0 80 112
349 0 85 323
349 0 137 333
349 0 212 73
349 0 554 179
349 0 150 138
349 0 540 50
349 0 485 275
4
312 236 450 272
142 126 481 259
273 307 310 333
380 284 556 111
