4
3
L1 300 0
U2 222 0
L3 447 0
15
549 96
560 39
490 175
251 101
8 100
491 226
331 5
384 235
176 153
43 199
333 3
486 264
574 47
15 21
423 91
2 L1
22 L1
90 251 300 0
447 129 300 0
428 73 300 0
352 166 300 0
206 177 300 0
141 334 300 0
174 149 300 0
463 289 300 0
131 157 300 0
192 116 300 0
473 252 300 0
481 232 300 0
126 158 300 0
426 116 300 0
494 307 300 0
450 192 300 0
545 279 300 0
424 170 300 0
242 272 300 0
120 315 300 0
328 340 300 0
38 164 300 0
2 L3
22 L3
180 289 447 0
564 306 447 0
444 271 447 0
478 71 447 0
576 321 447 0
423 297 447 0
206 243 447 0
531 58 447 0
243 152 447 0
258 118 447 0
207 130 447 0
228 128 447 0
461 178 447 0
190 63 447 0
106 168 447 0
367 310 447 0
271 117 447 0
228 183 447 0
39 141 447 0
88 164 447 0
260 283 447 0
55 275 447 0
2 U2
222 0 307 293
222 0 591 141
22 U2
222 0 61 60
222 0 265 165
222 0 267 190
222 0 564 63
222 0 313 227
222 0 423 241
222 0 167 118
222 0 31 203
222 0 283 282
222 0 423 82
222 0 33 85
222 0 360 289
222 0 228 69
222 0 186 66
222 0 104 53
222 0 246 257
222 0 193 339
222 0 568 92
222 0 215 300
222 0 165 167
222 0 292 229
222 0 45 349
4
90 251 473 283
180 289 350 316
447 129 378 311
564 306 42 276
