3
3
L1 246 0
U2 84 0
L3 297 0
12
386 117
109 282
70 3
493 60
24 200
214 97
510 190
369 22
425 38
484 128
23 4
275 227
1 L1
22 L1
259 79 246 0
209 346 246 0
217 62 246 0
574 136 246 0
92 257 246 0
213 275 246 0
261 175 246 0
428 147 246 0
154 313 246 0
88 276 246 0
49 200 246 0
245 186 246 0
539 98 246 0
520 190 246 0
109 336 246 0
370 200 246 0
323 185 246 0
493 308 246 0
96 195 246 0
591 297 246 0
281 58 246 0
205 244 246 0
1 L3
22 L3
457 80 297 0
536 163 297 0
182 308 297 0
436 319 297 0
277 184 297 0
587 88 297 0
440 205 297 0
43 91 297 0
88 60 297 0
195 173 297 0
424 230 297 0
134 106 297 0
66 290 297 0
130 310 297 0
80 187 297 0
462 74 297 0
70 65 297 0
487 247 297 0
186 183 297 0
195 239 297 0
293 129 297 0
555 114 297 0
1 U2
84 0 359 287
22 U2
84 0 148 79
84 0 548 210
84 0 81 345
84 0 443 157
84 0 107 329
84 0 111 308
84 0 476 84
84 0 371 245
84 0 394 163
84 0 250 66
84 0 468 135
84 0 304 102
84 0 195 140
84 0 26 177
84 0 160 199
84 0 592 128
84 0 13 314
84 0 482 261
84 0 481 159
84 0 424 274
84 0 110 296
84 0 26 299
4
259 79 511 68
457 80 256 129
209 346 368 310
536 163 345 134
