3
6
L1 258 0
U2 224 0
L3 18 0
U4 595 0
L5 540 0
U6 462 0
30
291 99
128 27
225 67
550 155
524 57
320 227
585 80
146 294
564 321
377 156
360 118
89 138
174 50
250 175
56 249
513 116
65 342
221 26
141 192
133 33
250 37
369 133
122 206
139 325
567 298
261 187
131 222
155 3
560 129
346 40
1 L1
22 L1
161 155 258 0
58 169 258 0
253 260 258 0
402 282 258 0
75 312 258 0
300 279 258 0
410 68 258 0
227 253 258 0
396 172 258 0
562 165 258 0
382 239 258 0
152 109 258 0
99 301 258 0
448 346 258 0
8 256 258 0
583 266 258 0
410 94 258 0
144 307 258 0
113 231 258 0
247 326 258 0
63 91 258 0
14 321 258 0
1 L3
22 L3
574 349 18 0
564 331 18 0
269 137 18 0
451 218 18 0
558 290 18 0
384 218 18 0
530 279 18 0
197 297 18 0
332 95 18 0
138 124 18 0
175 140 18 0
124 310 18 0
492 154 18 0
525 164 18 0
309 218 18 0
315 82 18 0
418 225 18 0
25 192 18 0
55 340 18 0
310 310 18 0
482 74 18 0
313 103 18 0
1 L5
22 L5
319 74 540 0
509 335 540 0
387 262 540 0
546 68 540 0
43 175 540 0
394 74 540 0
297 83 540 0
173 319 540 0
8 61 540 0
163 151 540 0
155 220 540 0
312 92 540 0
101 147 540 0
228 200 540 0
452 89 540 0
419 227 540 0
272 197 540 0
289 251 540 0
124 192 540 0
151 299 540 0
120 258 540 0
282 133 540 0
1 U2
224 0 27 258
22 U2
224 0 595 338
224 0 2 156
224 0 372 285
224 0 539 243
224 0 414 267
224 0 233 343
224 0 47 209
224 0 538 97
224 0 305 117
224 0 34 160
224 0 267 289
224 0 199 342
224 0 559 296
224 0 3 131
224 0 278 260
224 0 284 224
224 0 336 185
224 0 333 137
224 0 270 118
224 0 380 206
224 0 139 219
224 0 42 317
1 U4
595 0 388 136
22 U4
595 0 591 116
595 0 35 149
595 0 374 232
595 0 145 171
595 0 541 291
595 0 36 190
595 0 387 57
595 0 21 340
595 0 514 103
595 0 585 213
595 0 222 316
595 0 482 50
595 0 205 276
595 0 101 315
595 0 318 231
595 0 173 279
595 0 99 313
595 0 467 350
595 0 471 118
595 0 91 325
595 0 41 198
595 0 365 184
1 U6
462 0 82 132
22 U6
462 0 424 253
462 0 285 78
462 0 153 122
462 0 306 116
462 0 291 268
462 0 350 150
462 0 88 52
462 0 305 73
462 0 35 213
462 0 422 144
462 0 445 236
462 0 136 58
462 0 141 307
462 0 302 131
462 0 538 85
462 0 317 139
462 0 501 208
462 0 493 56
462 0 386 166
462 0 283 223
462 0 559 242
462 0 131 314
7
161 155 584 140
574 349 364 314
319 74 6 131
58 169 305 186
564 331 338 103
509 335 520 229
253 260 11 137
