5
3
L1 126 0
U2 98 0
L3 254 0
15
588 101
433 136
243 122
84 138
196 339
150 224
234 136
507 251
538 280
447 221
77 288
230 235
432 303
473 21
477 272
2 L1
22 L1
543 323 126 0
252 228 126 0
134 239 126 0
422 340 126 0
448 324 126 0
193 280 126 0
291 136 126 0
379 78 126 0
348 289 126 0
487 296 126 0
399 175 126 0
367 156 126 0
98 336 126 0
36 235 126 0
47 332 126 0
31 156 126 0
2 72 126 0
201 154 126 0
480 343 126 0
17 100 126 0
267 72 126 0
461 123 126 0
2 L3
22 L3
439 310 254 0
412 124 254 0
44 190 254 0
5 290 254 0
223 221 254 0
38 135 254 0
170 176 254 0
134 334 254 0
510 301 254 0
344 203 254 0
491 64 254 0
462 114 254 0
423 261 254 0
77 344 254 0
577 89 254 0
592 107 254 0
31 288 254 0
333 156 254 0
339 187 254 0
265 211 254 0
72 73 254 0
511 163 254 0
2 U2
98 0 175 341
98 0 503 185
22 U2
98 0 373 199
98 0 417 297
98 0 492 226
98 0 212 240
98 0 282 213
98 0 361 214
98 0 136 338
98 0 296 324
98 0 81 50
98 0 398 187
98 0 265 103
98 0 548 258
98 0 34 109
98 0 426 225
98 0 443 291
98 0 176 100
98 0 458 305
98 0 597 58
98 0 235 264
98 0 589 101
98 0 442 297
98 0 320 179
7
543 323 479 225
439 310 397 222
252 228 46 338
412 124 452 302
134 239 504 66
44 190 456 145
422 340 205 108
