3
3
L1 305 0
U2 58 0
L3 416 0
9
560 145
573 59
224 258
407 99
47 111
332 298
267 124
236 96
293 67
1 L1
18 L1
270 214 305 0
595 300 305 0
146 214 305 0
556 240 305 0
432 299 305 0
436 145 305 0
403 210 305 0
27 312 305 0
514 69 305 0
437 158 305 0
36 296 305 0
263 228 305 0
566 339 305 0
156 281 305 0
394 200 305 0
388 325 305 0
599 183 305 0
90 311 305 0
1 L3
18 L3
435 169 416 0
38 266 416 0
541 139 416 0
556 292 416 0
130 244 416 0
41 236 416 0
582 216 416 0
188 104 416 0
109 159 416 0
461 109 416 0
572 259 416 0
127 162 416 0
444 129 416 0
348 123 416 0
89 76 416 0
397 313 416 0
292 90 416 0
567 333 416 0
1 U2
58 0 78 141
18 U2
58 0 299 316
58 0 481 110
58 0 108 163
58 0 441 239
58 0 306 272
58 0 142 205
58 0 582 290
58 0 338 247
58 0 584 262
58 0 273 187
58 0 552 260
58 0 100 273
58 0 327 62
58 0 78 115
58 0 34 82
58 0 56 106
58 0 91 69
58 0 445 312
6
270 214 197 232
435 169 417 207
595 300 306 293
38 266 324 168
146 214 284 248
541 139 224 107
