5
4
L1 154 0
U2 61 0
L3 586 0
U4 296 0
20
455 206
312 76
225 136
432 237
98 221
592 2
560 111
180 212
393 104
452 250
206 100
183 165
179 7
176 204
63 143
541 283
17 172
342 32
201 235
588 282
2 L1
18 L1
345 131 154 0
435 112 154 0
252 223 154 0
202 58 154 0
294 91 154 0
314 61 154 0
496 276 154 0
340 69 154 0
95 123 154 0
499 312 154 0
4 60 154 0
21 132 154 0
225 201 154 0
465 278 154 0
177 86 154 0
58 105 154 0
77 65 154 0
390 115 154 0
2 L3
18 L3
530 192 586 0
271 264 586 0
372 166 586 0
460 290 586 0
332 235 586 0
559 241 586 0
496 211 586 0
225 119 586 0
285 149 586 0
499 144 586 0
184 110 586 0
463 205 586 0
221 64 586 0
554 273 586 0
205 230 586 0
137 331 586 0
88 258 586 0
397 322 586 0
2 U2
61 0 88 237
61 0 250 211
18 U2
61 0 256 177
61 0 482 185
61 0 207 324
61 0 324 264
61 0 240 311
61 0 381 326
61 0 472 111
61 0 207 52
61 0 334 149
61 0 139 317
61 0 277 238
61 0 164 106
61 0 494 118
61 0 293 173
61 0 554 265
61 0 536 347
61 0 470 192
61 0 226 205
2 U4
296 0 326 90
296 0 101 137
18 U4
296 0 53 93
296 0 33 229
296 0 555 80
296 0 289 143
296 0 81 316
296 0 36 58
296 0 563 115
296 0 148 226
296 0 545 237
296 0 427 333
296 0 79 331
296 0 70 62
296 0 117 283
296 0 174 221
296 0 150 177
296 0 352 203
296 0 253 116
296 0 513 253
8
345 131 392 306
530 192 267 145
435 112 425 195
271 264 581 277
252 223 65 66
372 166 296 75
202 58 519 97
460 290 580 335
