5
6
L1 394 0
U2 135 0
L3 265 0
U4 328 0
L5 462 0
U6 408 0
18
154 347
187 216
502 214
461 148
36 72
313 296
148 118
536 200
369 12
225 37
107 149
564 196
455 268
293 195
81 186
499 180
17 119
510 153
2 L1
22 L1
14 347 394 0
164 192 394 0
77 98 394 0
440 343 394 0
374 235 394 0
265 247 394 0
196 219 394 0
249 92 394 0
511 285 394 0
595 205 394 0
400 84 394 0
509 167 394 0
401 92 394 0
247 216 394 0
113 110 394 0
596 225 394 0
368 299 394 0
476 245 394 0
446 349 394 0
230 72 394 0
13 57 394 0
181 347 394 0
2 L3
22 L3
196 62 265 0
535 342 265 0
414 222 265 0
244 117 265 0
405 159 265 0
399 344 265 0
499 279 265 0
455 348 265 0
446 342 265 0
532 146 265 0
537 105 265 0
252 223 265 0
88 350 265 0
334 311 265 0
272 83 265 0
528 281 265 0
50 342 265 0
305 146 265 0
14 246 265 0
200 58 265 0
536 310 265 0
500 220 265 0
2 L5
22 L5
474 260 462 0
542 128 462 0
211 209 462 0
265 211 462 0
565 290 462 0
533 304 462 0
140 93 462 0
487 287 462 0
209 94 462 0
51 257 462 0
442 123 462 0
281 73 462 0
469 112 462 0
101 227 462 0
163 155 462 0
250 114 462 0
139 95 462 0
561 63 462 0
304 212 462 0
324 268 462 0
248 177 462 0
183 267 462 0
2 U2
135 0 155 190
135 0 422 233
22 U2
135 0 205 110
135 0 235 290
135 0 272 199
135 0 30 63
135 0 494 170
135 0 68 83
135 0 466 158
135 0 503 76
135 0 540 262
135 0 402 222
135 0 593 75
135 0 525 67
135 0 133 80
135 0 121 115
135 0 213 138
135 0 577 123
135 0 535 347
135 0 362 349
135 0 79 167
135 0 65 317
135 0 191 121
135 0 574 53
2 U4
328 0 412 306
328 0 103 280
22 U4
328 0 508 338
328 0 384 262
328 0 207 83
328 0 528 105
328 0 353 91
328 0 293 178
328 0 350 173
328 0 228 96
328 0 443 72
328 0 538 67
328 0 64 198
328 0 326 250
328 0 35 105
328 0 171 221
328 0 400 130
328 0 527 138
328 0 382 124
328 0 249 95
328 0 546 86
328 0 190 177
328 0 187 320
328 0 223 344
2 U6
408 0 226 280
408 0 384 196
22 U6
408 0 563 210
408 0 2 265
408 0 586 196
408 0 461 265
408 0 389 102
408 0 438 270
408 0 424 196
408 0 64 115
408 0 10 82
408 0 169 350
408 0 183 215
408 0 468 310
408 0 251 296
408 0 519 203
408 0 469 210
408 0 157 214
408 0 463 254
408 0 130 286
408 0 438 261
408 0 459 288
408 0 160 129
408 0 363 190
14
14 347 284 151
196 62 544 133
474 260 379 61
164 192 595 264
535 342 35 294
542 128 73 337
77 98 194 219
414 222 450 155
211 209 1 240
440 343 1 214
244 117 183 232
265 211 423 175
374 235 40 160
405 159 417 222
