4
3
L1 344 0
U2 554 0
L3 123 0
15
169 145
3 139
359 346
154 205
347 238
202 157
356 61
456 275
231 10
348 207
308 223
454 18
42 343
292 100
534 65
2 L1
22 L1
195 179 344 0
4 170 344 0
464 200 344 0
212 182 344 0
424 154 344 0
231 175 344 0
206 294 344 0
33 87 344 0
174 197 344 0
274 260 344 0
288 332 344 0
77 54 344 0
536 85 344 0
0 211 344 0
432 123 344 0
592 345 344 0
593 350 344 0
509 307 344 0
132 227 344 0
134 118 344 0
194 213 344 0
101 50 344 0
2 L3
22 L3
206 287 123 0
429 235 123 0
229 61 123 0
111 95 123 0
345 327 123 0
57 295 123 0
180 264 123 0
374 257 123 0
101 252 123 0
426 316 123 0
333 171 123 0
517 106 123 0
344 244 123 0
485 164 123 0
590 85 123 0
232 216 123 0
155 228 123 0
190 165 123 0
69 278 123 0
340 128 123 0
205 308 123 0
372 97 123 0
2 U2
554 0 115 335
554 0 539 330
22 U2
554 0 320 237
554 0 342 148
554 0 258 101
554 0 377 293
554 0 111 105
554 0 90 237
554 0 199 287
554 0 467 237
554 0 141 245
554 0 382 119
554 0 9 173
554 0 510 334
554 0 427 262
554 0 305 260
554 0 412 82
554 0 157 270
554 0 35 314
554 0 6 208
554 0 363 75
554 0 205 185
554 0 342 340
554 0 303 76
10
195 179 49 130
206 287 21 210
4 170 321 159
429 235 524 198
464 200 533 109
229 61 458 321
212 182 363 226
111 95 399 115
424 154 349 197
345 327 224 249
