4
6
L1 539 0
U2 78 0
L3 189 0
U4 462 0
L5 90 0
U6 181 0
30
569 294
535 25
433 164
164 105
163 236
100 186
221 7
567 147
512 320
265 185
589 326
154 231
185 29
419 347
17 43
64 9
83 270
508 105
317 84
308 23
451 341
105 96
425 264
331 314
119 324
235 236
41 236
596 167
218 2
95 142
2 L1
14 L1
226 296 539 0
411 319 539 0
230 139 539 0
509 148 539 0
494 274 539 0
518 55 539 0
472 298 539 0
34 249 539 0
203 274 539 0
324 223 539 0
130 136 539 0
377 326 539 0
479 102 539 0
168 167 539 0
2 L3
14 L3
290 209 189 0
53 210 189 0
33 116 189 0
436 138 189 0
335 333 189 0
446 330 189 0
548 74 189 0
413 71 189 0
401 329 189 0
395 179 189 0
158 147 189 0
414 109 189 0
91 115 189 0
37 296 189 0
2 L5
14 L5
534 95 90 0
544 245 90 0
31 328 90 0
223 89 90 0
290 277 90 0
148 140 90 0
174 264 90 0
234 181 90 0
538 119 90 0
365 126 90 0
416 331 90 0
393 315 90 0
375 261 90 0
20 300 90 0
2 U2
78 0 209 203
78 0 475 139
14 U2
78 0 349 93
78 0 546 228
78 0 126 107
78 0 436 59
78 0 181 339
78 0 412 280
78 0 427 201
78 0 313 251
78 0 566 126
78 0 7 145
78 0 447 243
78 0 562 153
78 0 264 77
78 0 569 330
2 U4
462 0 528 347
462 0 551 88
14 U4
462 0 558 190
462 0 70 155
462 0 532 198
462 0 159 270
462 0 304 283
462 0 130 60
462 0 459 91
462 0 180 230
462 0 145 270
462 0 170 118
462 0 229 60
462 0 580 196
462 0 352 345
462 0 380 328
2 U6
181 0 1 299
181 0 339 330
14 U6
181 0 440 249
181 0 98 160
181 0 280 260
181 0 492 148
181 0 60 291
181 0 418 91
181 0 79 238
181 0 221 303
181 0 148 297
181 0 589 207
181 0 168 124
181 0 587 239
181 0 125 108
181 0 257 250
13
226 296 439 53
290 209 549 160
534 95 428 175
411 319 87 314
53 210 62 75
544 245 31 322
230 139 20 296
33 116 488 337
31 328 98 177
509 148 78 216
436 138 320 86
223 89 84 211
494 274 586 56
