5
6
L1 265 0
U2 96 0
L3 432 0
U4 478 0
L5 375 0
U6 28 0
30
349 81
285 231
147 326
560 304
253 135
216 295
461 276
515 82
7 237
337 25
214 115
217 38
397 289
479 144
376 29
227 323
235 301
109 3
30 308
419 122
450 248
223 347
165 218
327 182
592 167
47 293
290 20
185 166
564 34
227 10
2 L1
10 L1
413 178 265 0
481 261 265 0
420 98 265 0
433 217 265 0
16 102 265 0
164 240 265 0
432 134 265 0
88 127 265 0
412 295 265 0
579 134 265 0
2 L3
10 L3
326 94 432 0
197 305 432 0
180 320 432 0
76 145 432 0
7 161 432 0
246 223 432 0
516 282 432 0
586 339 432 0
523 310 432 0
461 226 432 0
2 L5
10 L5
433 270 375 0
53 98 375 0
129 328 375 0
586 154 375 0
382 245 375 0
202 348 375 0
124 162 375 0
588 202 375 0
209 53 375 0
251 272 375 0
2 U2
96 0 178 242
96 0 200 234
10 U2
96 0 222 288
96 0 463 285
96 0 381 295
96 0 60 265
96 0 347 347
96 0 468 99
96 0 329 77
96 0 232 102
96 0 104 245
96 0 302 237
2 U4
478 0 391 272
478 0 431 175
10 U4
478 0 69 228
478 0 483 346
478 0 542 328
478 0 576 316
478 0 227 323
478 0 430 332
478 0 568 84
478 0 421 247
478 0 353 330
478 0 311 190
2 U6
28 0 503 296
28 0 78 163
10 U6
28 0 66 280
28 0 597 312
28 0 14 307
28 0 481 345
28 0 320 104
28 0 158 329
28 0 204 91
28 0 96 340
28 0 363 105
28 0 411 332
6
413 178 280 184
326 94 487 181
433 270 332 137
481 261 240 350
197 305 386 314
53 98 171 230
