4
6
L1 320 0
U2 455 0
L3 223 0
U4 9 0
L5 394 0
U6 505 0
30
129 304
178 274
297 30
73 131
220 282
451 70
318 3
216 179
328 186
513 173
367 332
113 265
322 152
75 132
22 252
565 198
462 311
170 40
369 90
188 255
200 114
597 303
507 56
511 308
380 116
501 91
491 90
239 95
509 18
172 134
2 L1
22 L1
93 147 320 0
330 193 320 0
24 241 320 0
333 299 320 0
174 128 320 0
420 324 320 0
58 283 320 0
221 63 320 0
175 191 320 0
69 341 320 0
542 73 320 0
521 227 320 0
274 253 320 0
221 110 320 0
441 52 320 0
108 162 320 0
28 69 320 0
356 155 320 0
285 278 320 0
486 107 320 0
264 220 320 0
139 122 320 0
2 L3
22 L3
320 225 223 0
458 338 223 0
499 324 223 0
0 209 223 0
429 226 223 0
417 223 223 0
244 178 223 0
420 280 223 0
182 231 223 0
520 247 223 0
588 73 223 0
102 169 223 0
555 299 223 0
524 56 223 0
242 253 223 0
546 211 223 0
164 243 223 0
31 321 223 0
93 94 223 0
413 167 223 0
455 89 223 0
119 251 223 0
2 L5
22 L5
448 229 394 0
390 94 394 0
101 90 394 0
256 300 394 0
65 149 394 0
197 292 394 0
584 161 394 0
181 83 394 0
411 50 394 0
258 231 394 0
74 209 394 0
475 87 394 0
110 110 394 0
253 339 394 0
301 245 394 0
201 154 394 0
449 332 394 0
577 77 394 0
319 339 394 0
90 94 394 0
540 326 394 0
109 328 394 0
2 U2
455 0 133 337
455 0 496 299
22 U2
455 0 129 148
455 0 368 175
455 0 74 345
455 0 470 137
455 0 400 253
455 0 8 139
455 0 6 232
455 0 6 105
455 0 503 302
455 0 354 99
455 0 244 170
455 0 20 95
455 0 552 135
455 0 392 93
455 0 107 55
455 0 474 314
455 0 265 242
455 0 550 70
455 0 164 218
455 0 291 195
455 0 66 241
455 0 1 297
2 U4
9 0 266 92
9 0 511 51
22 U4
9 0 534 300
9 0 340 316
9 0 389 165
9 0 31 62
9 0 289 182
9 0 412 316
9 0 510 157
9 0 175 231
9 0 186 326
9 0 313 54
9 0 508 71
9 0 272 68
9 0 318 328
9 0 564 328
9 0 186 261
9 0 355 280
9 0 130 146
9 0 360 61
9 0 21 169
9 0 510 100
9 0 63 139
9 0 533 71
2 U6
505 0 142 169
505 0 269 184
22 U6
505 0 465 200
505 0 335 167
505 0 60 249
505 0 419 185
505 0 159 276
505 0 463 313
505 0 278 65
505 0 436 58
505 0 29 118
505 0 81 136
505 0 303 273
505 0 384 259
505 0 202 257
505 0 13 154
505 0 165 105
505 0 311 127
505 0 344 318
505 0 290 307
505 0 67 219
505 0 283 345
505 0 322 146
505 0 481 340
7
93 147 379 209
320 225 574 335
448 229 276 234
330 193 310 170
458 338 267 107
390 94 334 68
24 241 67 75
