5
5
L1 414 0
U2 454 0
L3 510 0
U4 503 0
L5 314 0
25
86 24
338 37
318 279
571 129
387 218
176 116
572 213
204 159
256 206
403 241
306 225
38 310
309 319
139 281
257 135
562 330
134 149
353 152
191 223
407 277
26 87
168 344
432 150
257 343
397 17
2 L1
10 L1
182 279 414 0
189 295 414 0
330 269 414 0
486 232 414 0
574 141 414 0
336 214 414 0
55 74 414 0
253 239 414 0
426 133 414 0
125 258 414 0
2 L3
10 L3
150 273 510 0
417 203 510 0
385 265 510 0
344 322 510 0
46 249 510 0
416 325 510 0
13 108 510 0
54 206 510 0
113 51 510 0
569 144 510 0
2 L5
10 L5
15 292 314 0
559 274 314 0
251 334 314 0
318 341 314 0
360 62 314 0
371 270 314 0
196 132 314 0
168 289 314 0
168 304 314 0
106 134 314 0
2 U2
454 0 150 74
454 0 337 82
10 U2
454 0 76 196
454 0 100 329
454 0 560 126
454 0 554 220
454 0 355 268
454 0 45 151
454 0 376 248
454 0 151 347
454 0 235 114
454 0 182 56
2 U4
503 0 505 280
503 0 90 142
10 U4
503 0 581 201
503 0 306 145
503 0 273 331
503 0 292 188
503 0 155 230
503 0 191 248
503 0 449 349
503 0 404 275
503 0 385 266
503 0 261 292
8
182 279 170 109
150 273 167 58
15 292 10 57
189 295 449 307
417 203 291 232
559 274 266 348
330 269 336 160
385 265 118 143
