5
4
L1 565 0
U2 587 0
L3 479 0
U4 513 0
20
141 124
395 265
478 195
497 31
443 179
233 81
210 144
538 31
349 35
577 71
525 244
598 274
269 294
475 55
513 89
62 96
510 238
573 304
294 243
451 189
2 L1
10 L1
32 295 565 0
79 90 565 0
457 320 565 0
364 70 565 0
580 114 565 0
112 239 565 0
67 69 565 0
229 63 565 0
582 177 565 0
225 312 565 0
2 L3
10 L3
105 59 479 0
445 205 479 0
33 116 479 0
337 181 479 0
30 164 479 0
32 344 479 0
281 241 479 0
502 258 479 0
461 334 479 0
189 118 479 0
2 U2
587 0 8 77
587 0 428 234
10 U2
587 0 542 173
587 0 371 238
587 0 365 55
587 0 463 144
587 0 575 136
587 0 363 234
587 0 74 107
587 0 352 314
587 0 281 69
587 0 551 286
2 U4
513 0 295 204
513 0 389 314
10 U4
513 0 212 340
513 0 597 343
513 0 574 254
513 0 303 337
513 0 372 76
513 0 571 150
513 0 226 248
513 0 191 148
513 0 235 247
513 0 156 103
4
32 295 70 343
105 59 553 235
79 90 248 119
445 205 134 65
