4
6
L1 50 0
U2 490 0
L3 169 0
U4 233 0
L5 576 0
U6 109 0
24
142 306
456 327
292 78
351 340
348 112
502 150
523 247
31 86
212 14
151 225
223 140
185 169
454 148
279 287
159 287
396 91
284 171
342 237
35 0
149 207
202 261
395 234
287 193
11 110
2 L1
14 L1
197 202 50 0
234 250 50 0
534 161 50 0
92 241 50 0
373 238 50 0
164 67 50 0
150 79 50 0
64 77 50 0
244 166 50 0
558 326 50 0
292 334 50 0
153 333 50 0
76 251 50 0
246 202 50 0
2 L3
14 L3
80 310 169 0
416 278 169 0
340 218 169 0
438 281 169 0
317 128 169 0
180 261 169 0
224 250 169 0
138 89 169 0
424 266 169 0
452 145 169 0
38 130 169 0
444 70 169 0
354 263 169 0
219 136 169 0
2 L5
14 L5
195 156 576 0
435 103 576 0
155 312 576 0
358 138 576 0
130 193 576 0
37 81 576 0
469 50 576 0
139 131 576 0
160 280 576 0
337 275 576 0
537 337 576 0
396 303 576 0
277 349 576 0
385 250 576 0
2 U2
490 0 22 299
490 0 276 95
14 U2
490 0 505 339
490 0 228 285
490 0 365 152
490 0 255 348
490 0 134 193
490 0 239 115
490 0 421 84
490 0 110 134
490 0 107 299
490 0 178 330
490 0 75 111
490 0 40 318
490 0 2 237
490 0 436 83
2 U4
233 0 167 127
233 0 345 259
14 U4
233 0 599 124
233 0 263 255
233 0 95 110
233 0 493 289
233 0 587 270
233 0 582 199
233 0 116 166
233 0 576 150
233 0 452 192
233 0 566 267
233 0 233 308
233 0 17 200
233 0 338 67
233 0 220 138
2 U6
109 0 483 273
109 0 179 193
14 U6
109 0 246 90
109 0 379 74
109 0 248 68
109 0 304 171
109 0 233 327
109 0 419 112
109 0 410 231
109 0 531 115
109 0 349 309
109 0 341 187
109 0 126 114
109 0 297 51
109 0 14 212
109 0 267 220
9
197 202 119 200
80 310 513 198
195 156 88 190
234 250 196 181
416 278 207 76
435 103 394 215
534 161 296 252
340 218 360 204
155 312 159 188
