5
3
L1 118 0
U2 206 0
L3 498 0
9
39 308
434 113
87 63
320 21
28 153
349 1
50 228
420 200
71 117
2 L1
10 L1
62 317 118 0
543 173 118 0
363 166 118 0
564 191 118 0
537 255 118 0
150 104 118 0
384 170 118 0
292 264 118 0
25 209 118 0
400 154 118 0
2 L3
10 L3
178 148 498 0
84 125 498 0
517 128 498 0
434 113 498 0
551 105 498 0
148 160 498 0
593 212 498 0
527 57 498 0
473 299 498 0
382 184 498 0
2 U2
206 0 57 314
206 0 68 75
10 U2
206 0 259 330
206 0 38 180
206 0 240 300
206 0 207 112
206 0 401 316
206 0 514 154
206 0 537 162
206 0 574 216
206 0 323 272
206 0 263 176
2
62 317 111 174
178 148 510 341
