5
5
L1 14 0
U2 425 0
L3 9 0
U4 243 0
L5 588 0
25
19 246
51 26
477 134
398 253
95 108
122 38
4 17
65 159
52 212
575 180
221 162
243 210
585 298
482 5
396 108
395 138
421 321
164 149
410 323
464 248
485 4
98 293
169 286
52 249
271 318
2 L1
18 L1
358 322 14 0
101 269 14 0
18 144 14 0
57 169 14 0
248 348 14 0
507 179 14 0
48 307 14 0
266 238 14 0
477 200 14 0
401 253 14 0
448 90 14 0
177 329 14 0
302 131 14 0
464 239 14 0
342 195 14 0
319 232 14 0
196 50 14 0
488 239 14 0
2 L3
18 L3
544 95 9 0
269 284 9 0
142 120 9 0
463 344 9 0
106 192 9 0
8 163 9 0
6 289 9 0
41 143 9 0
122 242 9 0
395 171 9 0
371 174 9 0
33 297 9 0
268 169 9 0
279 166 9 0
423 272 9 0
314 161 9 0
104 306 9 0
31 52 9 0
2 L5
18 L5
418 321 588 0
401 154 588 0
537 328 588 0
497 199 588 0
355 208 588 0
535 314 588 0
27 296 588 0
403 65 588 0
511 233 588 0
315 100 588 0
57 112 588 0
534 137 588 0
569 333 588 0
1 73 588 0
515 259 588 0
238 208 588 0
38 345 588 0
476 68 588 0
2 U2
425 0 384 267
425 0 416 144
18 U2
425 0 456 324
425 0 585 124
425 0 132 336
425 0 365 78
425 0 74 222
425 0 360 74
425 0 536 113
425 0 211 289
425 0 160 310
425 0 167 300
425 0 377 201
425 0 469 131
425 0 232 256
425 0 453 101
425 0 0 59
425 0 23 51
425 0 499 203
425 0 289 111
2 U4
243 0 316 283
243 0 286 337
18 U4
243 0 325 57
243 0 91 127
243 0 358 145
243 0 521 168
243 0 442 349
243 0 323 218
243 0 337 163
243 0 250 111
243 0 507 291
243 0 359 92
243 0 93 346
243 0 196 191
243 0 446 66
243 0 334 328
243 0 416 231
243 0 430 294
243 0 393 319
243 0 415 158
9
358 322 411 272
544 95 308 197
418 321 374 81
101 269 124 56
269 284 491 203
401 154 476 125
18 144 72 209
142 120 470 195
537 328 97 119
