3
3
L1 397 0
U2 356 0
L3 481 0
12
277 224
468 87
428 299
414 64
533 190
276 103
247 42
502 194
39 135
150 347
513 32
378 230
1 L1
18 L1
592 190 397 0
302 246 397 0
471 222 397 0
305 92 397 0
24 120 397 0
412 279 397 0
170 310 397 0
490 216 397 0
445 158 397 0
163 87 397 0
493 119 397 0
567 234 397 0
119 336 397 0
213 66 397 0
133 58 397 0
499 228 397 0
590 136 397 0
522 214 397 0
1 L3
18 L3
334 341 481 0
29 159 481 0
154 328 481 0
271 182 481 0
485 67 481 0
586 280 481 0
52 290 481 0
56 168 481 0
189 314 481 0
351 230 481 0
336 287 481 0
372 261 481 0
39 335 481 0
445 267 481 0
564 342 481 0
123 207 481 0
422 278 481 0
551 249 481 0
1 U2
356 0 122 251
18 U2
356 0 407 315
356 0 81 312
356 0 91 178
356 0 592 167
356 0 350 102
356 0 79 94
356 0 133 172
356 0 565 324
356 0 3 298
356 0 445 135
356 0 496 272
356 0 120 156
356 0 417 188
356 0 66 63
356 0 227 190
356 0 475 229
356 0 28 345
356 0 59 247
9
592 190 570 119
334 341 103 120
302 246 278 119
29 159 223 114
471 222 400 319
154 328 433 98
305 92 223 314
271 182 168 114
24 120 235 268
