3
5
L1 467 0
U2 487 0
L3 323 0
U4 116 0
L5 13 0
25
510 104
345 35
543 154
568 242
582 52
157 236
143 175
312 36
417 1
88 148
476 249
595 191
387 42
600 110
545 1
595 50
462 286
60 61
336 236
5 96
199 215
579 127
277 51
110 71
5 216
1 L1
10 L1
254 79 467 0
468 288 467 0
421 204 467 0
277 198 467 0
591 212 467 0
174 230 467 0
301 82 467 0
28 60 467 0
201 252 467 0
106 127 467 0
1 L3
10 L3
461 87 323 0
600 348 323 0
428 265 323 0
561 324 323 0
258 205 323 0
503 249 323 0
511 232 323 0
442 65 323 0
237 299 323 0
201 319 323 0
1 L5
10 L5
174 68 13 0
111 264 13 0
552 349 13 0
280 67 13 0
494 283 13 0
105 190 13 0
496 148 13 0
39 187 13 0
195 140 13 0
29 245 13 0
1 U2
487 0 240 51
10 U2
487 0 474 205
487 0 331 140
487 0 555 324
487 0 67 158
487 0 412 232
487 0 468 291
487 0 75 220
487 0 54 190
487 0 325 96
487 0 384 142
1 U4
116 0 355 225
10 U4
116 0 362 206
116 0 504 128
116 0 252 119
116 0 121 273
116 0 593 73
116 0 549 271
116 0 437 194
116 0 199 90
116 0 337 346
116 0 147 153
3
254 79 69 229
461 87 127 77
174 68 428 107
