3
4
L1 202 0
U2 472 0
L3 494 0
U4 546 0
16
389 18
297 82
382 22
561 334
580 320
19 171
164 3
468 286
202 346
317 103
117 326
586 243
284 247
412 146
256 273
195 156
1 L1
18 L1
595 221 202 0
129 336 202 0
405 90 202 0
425 267 202 0
448 159 202 0
98 121 202 0
368 70 202 0
37 167 202 0
177 248 202 0
517 242 202 0
546 100 202 0
80 94 202 0
111 333 202 0
160 222 202 0
569 302 202 0
254 233 202 0
598 334 202 0
575 265 202 0
1 L3
18 L3
143 80 494 0
346 262 494 0
55 336 494 0
426 165 494 0
68 306 494 0
274 52 494 0
171 117 494 0
134 83 494 0
401 325 494 0
597 228 494 0
295 120 494 0
525 329 494 0
234 270 494 0
344 82 494 0
314 228 494 0
119 86 494 0
374 201 494 0
541 76 494 0
1 U2
472 0 325 136
18 U2
472 0 4 309
472 0 124 185
472 0 446 288
472 0 92 316
472 0 235 73
472 0 600 122
472 0 430 104
472 0 19 264
472 0 213 203
472 0 558 97
472 0 544 176
472 0 385 296
472 0 26 336
472 0 129 177
472 0 353 67
472 0 23 156
472 0 558 318
472 0 447 169
1 U4
546 0 233 173
18 U4
546 0 508 326
546 0 313 188
546 0 364 192
546 0 247 262
546 0 381 286
546 0 186 80
546 0 173 349
546 0 10 285
546 0 161 126
546 0 294 82
546 0 460 157
546 0 573 268
546 0 321 60
546 0 151 294
546 0 566 322
546 0 239 112
546 0 81 305
546 0 401 326
11
595 221 414 280
143 80 537 174
129 336 46 142
346 262 136 67
405 90 565 107
55 336 293 101
425 267 81 137
426 165 24 55
448 159 512 284
68 306 289 67
98 121 570 176
