3
3
L1 403 0
U2 223 0
L3 555 0
9
192 39
230 40
205 279
117 128
215 163
21 274
549 145
591 154
243 214
1 L1
14 L1
96 217 403 0
509 335 403 0
482 152 403 0
465 92 403 0
153 218 403 0
113 170 403 0
126 121 403 0
233 204 403 0
231 212 403 0
475 308 403 0
549 77 403 0
183 252 403 0
564 89 403 0
360 172 403 0
1 L3
14 L3
213 250 555 0
183 300 555 0
171 233 555 0
52 256 555 0
509 76 555 0
295 110 555 0
579 54 555 0
197 174 555 0
376 154 555 0
600 274 555 0
509 100 555 0
364 102 555 0
425 248 555 0
237 267 555 0
1 U2
223 0 591 319
14 U2
223 0 351 70
223 0 289 99
223 0 162 143
223 0 171 139
223 0 133 136
223 0 417 312
223 0 209 175
223 0 408 94
223 0 374 159
223 0 403 340
223 0 39 308
223 0 497 119
223 0 435 346
223 0 297 347
3
96 217 59 258
213 250 114 131
509 335 20 272
