5
5
L1 236 0
U2 514 0
L3 148 0
U4 169 0
L5 439 0
20
221 267
509 156
184 62
139 243
567 138
129 23
225 52
305 19
343 110
93 126
74 33
76 19
215 316
375 164
262 88
356 105
335 213
599 145
57 97
239 342
2 L1
18 L1
53 239 236 0
485 327 236 0
50 165 236 0
363 228 236 0
488 184 236 0
516 75 236 0
378 151 236 0
350 264 236 0
495 146 236 0
193 226 236 0
458 277 236 0
435 124 236 0
99 105 236 0
347 87 236 0
185 259 236 0
399 307 236 0
333 264 236 0
92 213 236 0
2 L3
18 L3
487 162 148 0
394 309 148 0
486 214 148 0
83 141 148 0
84 108 148 0
428 306 148 0
572 327 148 0
438 165 148 0
145 329 148 0
508 150 148 0
126 295 148 0
512 154 148 0
261 140 148 0
400 307 148 0
293 198 148 0
277 185 148 0
556 81 148 0
307 303 148 0
2 L5
18 L5
177 122 439 0
327 176 439 0
25 245 439 0
559 171 439 0
414 117 439 0
66 200 439 0
51 211 439 0
451 59 439 0
165 207 439 0
29 301 439 0
529 214 439 0
9 69 439 0
239 324 439 0
79 144 439 0
387 87 439 0
600 328 439 0
479 320 439 0
285 88 439 0
2 U2
514 0 566 66
514 0 419 51
18 U2
514 0 455 76
514 0 3 256
514 0 464 107
514 0 585 78
514 0 509 112
514 0 369 120
514 0 186 343
514 0 85 164
514 0 4 237
514 0 221 72
514 0 595 312
514 0 23 68
514 0 279 264
514 0 353 66
514 0 214 267
514 0 511 326
514 0 557 86
514 0 13 261
2 U4
169 0 253 255
169 0 392 327
18 U4
169 0 204 300
169 0 426 337
169 0 14 336
169 0 563 120
169 0 380 55
169 0 65 325
169 0 348 322
169 0 18 185
169 0 593 292
169 0 532 90
169 0 92 254
169 0 489 296
169 0 189 244
169 0 256 299
169 0 125 138
169 0 346 136
169 0 594 159
169 0 94 210
5
53 239 261 231
487 162 295 209
177 122 152 216
485 327 537 299
394 309 175 74
