3
3
L1 364 0
U2 18 0
L3 457 0
9
418 139
252 137
594 244
7 94
110 131
491 222
71 79
110 274
515 349
1 L1
22 L1
320 235 364 0
130 249 364 0
548 95 364 0
189 152 364 0
20 263 364 0
23 98 364 0
38 214 364 0
596 198 364 0
598 277 364 0
513 235 364 0
552 106 364 0
382 158 364 0
541 240 364 0
530 174 364 0
529 227 364 0
550 156 364 0
337 277 364 0
123 179 364 0
576 70 364 0
329 298 364 0
121 96 364 0
127 257 364 0
1 L3
22 L3
210 106 457 0
23 245 457 0
522 164 457 0
588 256 457 0
27 186 457 0
498 151 457 0
185 274 457 0
290 114 457 0
424 57 457 0
455 129 457 0
169 137 457 0
277 133 457 0
22 190 457 0
180 199 457 0
582 306 457 0
460 253 457 0
450 299 457 0
338 322 457 0
419 232 457 0
340 121 457 0
170 202 457 0
482 61 457 0
1 U2
18 0 526 118
22 U2
18 0 455 223
18 0 95 52
18 0 157 191
18 0 586 253
18 0 544 157
18 0 416 65
18 0 335 328
18 0 197 94
18 0 118 226
18 0 523 299
18 0 51 341
18 0 208 287
18 0 357 92
18 0 484 229
18 0 327 284
18 0 335 339
18 0 398 76
18 0 66 299
18 0 240 252
18 0 206 337
18 0 480 107
18 0 573 127
4
320 235 81 290
210 106 98 128
130 249 215 295
23 245 242 285
