3
3
L1 225 0
U2 536 0
L3 5 0
12
571 92
489 161
31 120
174 203
193 348
186 299
399 185
463 37
192 67
480 255
81 190
10 189
1 L1
22 L1
541 75 225 0
598 115 225 0
501 197 225 0
117 161 225 0
292 84 225 0
249 196 225 0
15 298 225 0
378 166 225 0
345 192 225 0
423 83 225 0
370 253 225 0
129 260 225 0
155 140 225 0
270 294 225 0
496 320 225 0
466 315 225 0
355 143 225 0
121 92 225 0
478 273 225 0
138 177 225 0
108 293 225 0
23 205 225 0
1 L3
22 L3
364 98 5 0
338 333 5 0
537 293 5 0
564 279 5 0
594 78 5 0
347 212 5 0
307 70 5 0
188 88 5 0
275 180 5 0
354 59 5 0
150 103 5 0
96 111 5 0
303 201 5 0
42 121 5 0
255 72 5 0
357 159 5 0
267 278 5 0
417 148 5 0
333 304 5 0
323 100 5 0
27 141 5 0
408 94 5 0
1 U2
536 0 110 83
22 U2
536 0 233 124
536 0 41 131
536 0 478 51
536 0 140 163
536 0 442 320
536 0 42 82
536 0 558 160
536 0 596 295
536 0 236 261
536 0 396 114
536 0 417 106
536 0 508 222
536 0 599 298
536 0 119 344
536 0 287 86
536 0 295 158
536 0 127 82
536 0 480 280
536 0 442 323
536 0 586 174
536 0 566 222
536 0 204 70
7
541 75 198 214
364 98 516 234
598 115 415 112
338 333 527 202
501 197 350 105
537 293 481 74
117 161 32 275
