5
5
L1 184 0
U2 13 0
L3 360 0
U4 27 0
L5 176 0
15
186 130
562 321
72 198
582 168
515 350
103 267
253 61
420 332
377 325
302 211
519 207
454 217
152 34
192 349
430 48
2 L1
14 L1
547 305 184 0
584 330 184 0
326 254 184 0
66 94 184 0
441 204 184 0
542 157 184 0
440 81 184 0
434 325 184 0
518 118 184 0
561 61 184 0
570 54 184 0
463 56 184 0
321 225 184 0
503 278 184 0
2 L3
14 L3
292 292 360 0
250 253 360 0
225 86 360 0
565 191 360 0
496 195 360 0
84 314 360 0
13 261 360 0
242 215 360 0
421 77 360 0
23 52 360 0
98 64 360 0
304 167 360 0
254 337 360 0
378 224 360 0
2 L5
14 L5
33 271 176 0
314 260 176 0
237 337 176 0
378 87 176 0
178 264 176 0
182 197 176 0
513 241 176 0
280 111 176 0
165 319 176 0
64 51 176 0
62 349 176 0
399 297 176 0
453 80 176 0
117 195 176 0
2 U2
13 0 208 291
13 0 24 349
14 U2
13 0 209 58
13 0 415 307
13 0 542 98
13 0 42 96
13 0 353 125
13 0 151 141
13 0 501 61
13 0 518 162
13 0 18 204
13 0 409 216
13 0 503 323
13 0 74 171
13 0 523 343
13 0 22 60
2 U4
27 0 126 254
27 0 323 181
14 U4
27 0 48 76
27 0 412 203
27 0 545 286
27 0 226 257
27 0 55 155
27 0 459 242
27 0 91 289
27 0 448 57
27 0 535 117
27 0 479 166
27 0 550 327
27 0 221 240
27 0 220 320
27 0 76 229
11
547 305 444 224
292 292 109 299
33 271 497 110
584 330 504 155
250 253 490 174
314 260 207 313
326 254 80 179
225 86 372 125
237 337 404 123
66 94 224 304
565 191 382 213
