3
3
L1 105 0
U2 544 0
L3 393 0
12
111 275
490 223
203 235
129 31
232 20
406 104
535 257
232 238
171 346
530 319
539 305
400 96
1 L1
10 L1
247 282 105 0
275 150 105 0
71 120 105 0
484 142 105 0
112 101 105 0
531 237 105 0
265 51 105 0
484 248 105 0
227 210 105 0
206 236 105 0
1 L3
10 L3
272 106 393 0
200 126 393 0
426 97 393 0
69 55 393 0
527 157 393 0
284 306 393 0
384 128 393 0
366 52 393 0
177 295 393 0
545 315 393 0
1 U2
544 0 568 184
10 U2
544 0 359 133
544 0 307 128
544 0 451 264
544 0 80 99
544 0 379 232
544 0 234 133
544 0 324 264
544 0 21 279
544 0 374 99
544 0 331 185
2
247 282 404 321
272 106 208 117
