3
5
L1 566 0
U2 380 0
L3 429 0
U4 532 0
L5 507 0
15
327 185
212 286
562 164
262 146
134 338
20 265
200 172
325 27
206 53
478 276
63 8
162 147
152 219
202 198
145 34
1 L1
18 L1
240 208 566 0
335 307 566 0
54 307 566 0
511 184 566 0
403 111 566 0
160 275 566 0
180 58 566 0
319 216 566 0
405 311 566 0
422 191 566 0
141 125 566 0
298 90 566 0
147 91 566 0
240 148 566 0
208 264 566 0
460 150 566 0
26 223 566 0
72 224 566 0
1 L3
18 L3
255 333 429 0
587 80 429 0
71 169 429 0
112 306 429 0
524 212 429 0
500 190 429 0
192 341 429 0
595 100 429 0
150 141 429 0
243 193 429 0
185 166 429 0
22 294 429 0
511 225 429 0
453 302 429 0
56 291 429 0
74 270 429 0
123 209 429 0
152 226 429 0
1 L5
18 L5
6 61 507 0
66 312 507 0
533 215 507 0
403 237 507 0
251 197 507 0
44 179 507 0
203 224 507 0
77 127 507 0
283 162 507 0
342 179 507 0
161 134 507 0
119 290 507 0
594 205 507 0
256 292 507 0
256 175 507 0
7 166 507 0
366 311 507 0
568 81 507 0
1 U2
380 0 235 221
18 U2
380 0 286 159
380 0 127 197
380 0 4 313
380 0 86 156
380 0 462 265
380 0 230 155
380 0 83 62
380 0 445 52
380 0 90 274
380 0 87 176
380 0 408 200
380 0 577 172
380 0 356 250
380 0 230 171
380 0 19 192
380 0 273 287
380 0 524 110
380 0 244 339
1 U4
532 0 69 84
18 U4
532 0 324 141
532 0 244 243
532 0 111 349
532 0 242 75
532 0 151 318
532 0 113 199
532 0 577 320
532 0 176 159
532 0 322 274
532 0 530 340
532 0 294 98
532 0 162 155
532 0 152 274
532 0 503 78
532 0 215 300
532 0 480 323
532 0 582 185
532 0 378 128
9
240 208 496 106
255 333 294 156
6 61 105 319
335 307 35 169
587 80 85 329
66 312 21 107
54 307 240 85
71 169 125 70
533 215 181 210
