4
4
L1 221 0
U2 505 0
L3 290 0
U4 16 0
12
498 193
579 305
400 345
376 49
176 315
481 162
265 340
175 305
57 256
521 338
260 23
480 73
2 L1
10 L1
502 201 221 0
112 121 221 0
201 182 221 0
406 144 221 0
489 218 221 0
152 289 221 0
298 204 221 0
515 151 221 0
449 176 221 0
232 188 221 0
2 L3
10 L3
291 144 290 0
243 220 290 0
271 221 290 0
248 121 290 0
395 101 290 0
174 57 290 0
528 349 290 0
21 272 290 0
566 53 290 0
300 68 290 0
2 U2
505 0 323 129
505 0 575 297
10 U2
505 0 183 78
505 0 150 171
505 0 76 214
505 0 228 318
505 0 199 196
505 0 538 179
505 0 467 178
505 0 309 162
505 0 442 201
505 0 405 310
2 U4
16 0 319 106
16 0 502 251
10 U4
16 0 494 69
16 0 243 231
16 0 587 340
16 0 134 245
16 0 584 115
16 0 342 222
16 0 135 282
16 0 375 195
16 0 15 197
16 0 167 145
2
502 201 108 100
291 144 503 191
