5
3
L1 239 0
U2 69 0
L3 396 0
12
372 243
599 18
390 332
6 293
213 38
18 31
263 202
201 170
374 154
323 291
551 229
41 280
2 L1
10 L1
334 288 239 0
216 347 239 0
4 140 239 0
328 307 239 0
120 254 239 0
310 250 239 0
444 76 239 0
251 336 239 0
269 325 239 0
272 122 239 0
2 L3
10 L3
461 284 396 0
376 284 396 0
351 180 396 0
147 318 396 0
338 96 396 0
33 201 396 0
370 64 396 0
379 142 396 0
178 74 396 0
483 181 396 0
2 U2
69 0 284 174
69 0 578 339
10 U2
69 0 155 340
69 0 555 124
69 0 541 253
69 0 242 60
69 0 112 237
69 0 358 61
69 0 225 331
69 0 486 270
69 0 395 221
69 0 513 192
2
334 288 310 50
461 284 353 70
