5
3
L1 46 0
U2 130 0
L3 228 0
12
337 196
516 55
464 246
557 25
214 16
100 140
382 235
64 262
196 256
551 237
564 44
515 155
2 L1
10 L1
577 331 46 0
150 184 46 0
140 108 46 0
161 96 46 0
88 243 46 0
126 156 46 0
39 152 46 0
264 180 46 0
329 317 46 0
83 146 46 0
2 L3
10 L3
217 154 228 0
93 79 228 0
227 199 228 0
94 350 228 0
595 134 228 0
405 200 228 0
545 165 228 0
542 336 228 0
224 119 228 0
498 187 228 0
2 U2
130 0 73 329
130 0 129 347
10 U2
130 0 422 301
130 0 432 294
130 0 554 110
130 0 324 103
130 0 298 349
130 0 329 213
130 0 368 175
130 0 185 225
130 0 168 56
130 0 96 216
3
577 331 319 241
217 154 135 324
150 184 454 89
