5
3
L1 106 0
U2 338 0
L3 483 0
15
158 38
93 106
204 71
398 58
237 267
38 75
130 248
554 107
503 202
155 47
46 182
242 92
33 240
251 323
95 259
2 L1
14 L1
305 312 106 0
95 130 106 0
197 332 106 0
109 214 106 0
51 339 106 0
600 257 106 0
169 75 106 0
254 226 106 0
503 249 106 0
292 215 106 0
491 295 106 0
394 342 106 0
190 86 106 0
301 322 106 0
2 L3
14 L3
343 187 483 0
215 185 483 0
194 64 483 0
413 319 483 0
103 127 483 0
172 182 483 0
381 113 483 0
17 130 483 0
120 256 483 0
321 125 483 0
195 107 483 0
280 290 483 0
495 311 483 0
103 336 483 0
2 U2
338 0 95 166
338 0 552 195
14 U2
338 0 67 87
338 0 28 208
338 0 245 129
338 0 85 245
338 0 160 219
338 0 405 151
338 0 130 315
338 0 75 50
338 0 142 131
338 0 0 297
338 0 74 317
338 0 248 155
338 0 189 139
338 0 463 169
7
305 312 69 328
343 187 313 111
95 130 120 160
215 185 142 89
197 332 65 146
194 64 103 237
109 214 50 317
