5
5
L1 339 0
U2 582 0
L3 354 0
U4 447 0
L5 445 0
25
511 106
505 239
250 133
17 222
56 6
307 153
512 96
346 16
62 42
59 307
134 147
492 261
515 244
164 298
316 114
232 169
395 276
203 203
56 55
104 136
579 65
109 18
363 280
474 234
227 164
2 L1
14 L1
229 235 339 0
57 139 339 0
352 264 339 0
151 102 339 0
285 107 339 0
111 294 339 0
278 115 339 0
378 76 339 0
294 303 339 0
22 248 339 0
355 243 339 0
472 51 339 0
32 340 339 0
294 247 339 0
2 L3
14 L3
490 330 354 0
78 337 354 0
137 58 354 0
539 281 354 0
508 256 354 0
558 232 354 0
9 66 354 0
427 71 354 0
481 304 354 0
97 192 354 0
191 129 354 0
176 280 354 0
409 151 354 0
197 75 354 0
2 L5
14 L5
534 126 445 0
387 306 445 0
542 275 445 0
57 328 445 0
86 78 445 0
75 108 445 0
79 151 445 0
375 108 445 0
36 161 445 0
162 149 445 0
469 179 445 0
250 84 445 0
536 311 445 0
425 322 445 0
2 U2
582 0 586 136
582 0 280 158
14 U2
582 0 484 145
582 0 545 323
582 0 28 194
582 0 188 325
582 0 148 345
582 0 110 306
582 0 496 156
582 0 511 88
582 0 333 124
582 0 162 59
582 0 119 171
582 0 192 298
582 0 410 191
582 0 203 113
2 U4
447 0 369 106
447 0 15 291
14 U4
447 0 251 78
447 0 238 227
447 0 52 136
447 0 363 75
447 0 555 340
447 0 84 276
447 0 306 280
447 0 41 307
447 0 365 350
447 0 401 163
447 0 502 276
447 0 16 102
447 0 415 176
447 0 123 114
7
229 235 124 53
490 330 362 291
534 126 404 241
57 139 340 169
78 337 192 213
387 306 137 267
352 264 224 87
