5
6
L1 600 0
U2 344 0
L3 327 0
U4 32 0
L5 256 0
U6 339 0
30
366 10
411 168
325 219
296 300
556 173
6 166
266 92
503 55
542 287
513 303
440 168
338 325
192 219
428 221
565 71
111 285
223 77
127 132
111 94
457 140
285 92
33 240
346 291
408 6
403 348
302 160
268 156
344 254
512 310
306 108
2 L1
18 L1
27 150 600 0
156 106 600 0
473 124 600 0
382 215 600 0
581 54 600 0
49 223 600 0
231 219 600 0
37 281 600 0
531 255 600 0
547 86 600 0
124 134 600 0
125 103 600 0
539 325 600 0
41 113 600 0
5 122 600 0
432 139 600 0
268 157 600 0
448 284 600 0
2 L3
18 L3
549 151 327 0
495 76 327 0
23 290 327 0
333 301 327 0
482 298 327 0
228 309 327 0
15 340 327 0
103 253 327 0
38 77 327 0
361 70 327 0
472 334 327 0
330 281 327 0
504 263 327 0
278 167 327 0
85 217 327 0
185 196 327 0
34 77 327 0
354 96 327 0
2 L5
18 L5
388 71 256 0
432 342 256 0
162 214 256 0
442 127 256 0
172 185 256 0
179 291 256 0
300 254 256 0
450 282 256 0
543 196 256 0
93 303 256 0
591 76 256 0
10 286 256 0
146 319 256 0
393 277 256 0
204 232 256 0
210 156 256 0
40 127 256 0
314 50 256 0
2 U2
344 0 16 65
344 0 229 241
18 U2
344 0 587 148
344 0 472 255
344 0 575 313
344 0 208 345
344 0 543 140
344 0 43 287
344 0 238 51
344 0 512 349
344 0 549 181
344 0 371 242
344 0 577 237
344 0 359 257
344 0 108 209
344 0 556 222
344 0 411 242
344 0 516 242
344 0 24 189
344 0 498 350
2 U4
32 0 502 312
32 0 262 66
18 U4
32 0 98 153
32 0 591 179
32 0 153 333
32 0 256 60
32 0 264 227
32 0 287 269
32 0 533 104
32 0 536 163
32 0 413 144
32 0 285 274
32 0 389 86
32 0 420 299
32 0 373 94
32 0 341 350
32 0 546 325
32 0 36 330
32 0 176 274
32 0 575 76
2 U6
339 0 205 58
339 0 130 84
18 U6
339 0 391 209
339 0 176 114
339 0 151 87
339 0 296 139
339 0 370 159
339 0 150 154
339 0 152 219
339 0 103 251
339 0 224 54
339 0 64 174
339 0 459 122
339 0 161 54
339 0 200 199
339 0 298 116
339 0 19 330
339 0 176 258
339 0 6 280
339 0 349 111
17
27 150 150 83
549 151 444 284
388 71 34 176
156 106 143 345
495 76 293 236
432 342 133 64
473 124 267 92
23 290 45 190
162 214 63 225
382 215 102 88
333 301 544 163
442 127 95 128
581 54 380 71
482 298 364 203
172 185 442 89
49 223 467 197
228 309 287 281
