5
4
L1 157 0
U2 401 0
L3 61 0
U4 195 0
12
310 127
476 149
384 4
280 335
197 305
38 39
140 36
14 9
188 137
521 76
560 288
523 38
2 L1
18 L1
380 305 157 0
167 169 157 0
299 232 157 0
445 90 157 0
3 82 157 0
26 328 157 0
86 286 157 0
183 232 157 0
293 141 157 0
313 349 157 0
361 211 157 0
64 294 157 0
473 104 157 0
132 143 157 0
306 171 157 0
248 251 157 0
21 320 157 0
319 334 157 0
2 L3
18 L3
467 277 61 0
227 131 61 0
159 293 61 0
516 50 61 0
435 258 61 0
497 193 61 0
446 238 61 0
359 59 61 0
95 81 61 0
529 57 61 0
3 305 61 0
505 275 61 0
264 149 61 0
107 322 61 0
137 253 61 0
92 61 61 0
235 256 61 0
163 65 61 0
2 U2
401 0 248 321
401 0 112 105
18 U2
401 0 36 285
401 0 63 101
401 0 30 246
401 0 222 114
401 0 174 155
401 0 366 341
401 0 544 278
401 0 588 149
401 0 258 195
401 0 558 112
401 0 82 328
401 0 362 242
401 0 176 97
401 0 50 195
401 0 483 327
401 0 71 105
401 0 384 242
401 0 86 256
2 U4
195 0 183 268
195 0 150 151
18 U4
195 0 441 288
195 0 563 246
195 0 555 50
195 0 394 227
195 0 500 242
195 0 306 120
195 0 135 324
195 0 455 72
195 0 405 269
195 0 188 344
195 0 459 308
195 0 354 255
195 0 182 207
195 0 301 293
195 0 445 307
195 0 581 190
195 0 537 245
195 0 404 96
4
380 305 7 349
467 277 381 240
167 169 101 160
227 131 70 271
