3
3
L1 463 0
U2 151 0
L3 181 0
12
456 77
47 6
336 83
325 336
465 132
82 98
368 260
198 287
386 54
517 73
59 244
595 119
1 L1
22 L1
120 274 463 0
539 290 463 0
598 89 463 0
587 101 463 0
162 192 463 0
557 133 463 0
421 86 463 0
346 75 463 0
19 258 463 0
203 94 463 0
403 142 463 0
240 256 463 0
240 202 463 0
262 83 463 0
136 214 463 0
40 86 463 0
599 338 463 0
486 330 463 0
204 252 463 0
160 196 463 0
205 259 463 0
162 271 463 0
1 L3
22 L3
131 254 181 0
455 116 181 0
276 81 181 0
388 84 181 0
205 191 181 0
10 189 181 0
46 333 181 0
56 117 181 0
115 119 181 0
530 93 181 0
427 110 181 0
126 227 181 0
259 117 181 0
554 65 181 0
205 227 181 0
189 65 181 0
523 112 181 0
215 208 181 0
191 347 181 0
554 123 181 0
270 272 181 0
494 61 181 0
1 U2
151 0 346 149
22 U2
151 0 144 166
151 0 286 202
151 0 386 313
151 0 302 151
151 0 309 78
151 0 227 306
151 0 348 107
151 0 234 65
151 0 593 263
151 0 473 67
151 0 575 257
151 0 240 124
151 0 62 284
151 0 392 257
151 0 66 289
151 0 174 59
151 0 264 141
151 0 174 50
151 0 451 255
151 0 423 207
151 0 597 320
151 0 47 224
10
120 274 315 308
131 254 165 296
539 290 52 154
455 116 415 252
598 89 262 76
276 81 526 245
587 101 44 229
388 84 557 275
162 192 110 221
205 191 394 294
