3
5
L1 230 0
U2 376 0
L3 420 0
U4 465 0
L5 148 0
25
188 93
322 41
476 209
369 200
378 158
108 109
425 347
317 69
161 143
153 25
560 231
165 76
500 299
540 289
467 171
367 127
230 166
478 35
180 296
279 30
590 345
0 173
582 90
311 28
423 331
1 L1
10 L1
248 155 230 0
418 300 230 0
242 81 230 0
183 131 230 0
446 312 230 0
396 61 230 0
361 61 230 0
527 114 230 0
212 306 230 0
318 283 230 0
1 L3
10 L3
60 278 420 0
210 111 420 0
491 132 420 0
260 323 420 0
595 295 420 0
163 323 420 0
205 52 420 0
399 151 420 0
98 166 420 0
372 232 420 0
1 L5
10 L5
490 154 148 0
321 87 148 0
401 206 148 0
406 275 148 0
600 62 148 0
234 235 148 0
190 174 148 0
339 221 148 0
67 117 148 0
238 131 148 0
1 U2
376 0 208 189
10 U2
376 0 369 68
376 0 175 83
376 0 199 313
376 0 577 73
376 0 194 266
376 0 337 156
376 0 12 264
376 0 389 93
376 0 304 87
376 0 434 181
1 U4
465 0 115 176
10 U4
465 0 497 350
465 0 499 182
465 0 327 75
465 0 85 237
465 0 238 291
465 0 55 281
465 0 119 254
465 0 550 233
465 0 197 330
465 0 408 97
8
248 155 18 130
60 278 434 344
490 154 168 293
418 300 526 322
210 111 422 71
321 87 400 325
242 81 413 321
491 132 188 237
