3
3
L1 333 0
U2 573 0
L3 516 0
12
522 234
33 333
146 345
149 20
30 293
254 11
311 5
253 276
318 208
99 0
474 294
61 201
1 L1
10 L1
538 271 333 0
368 88 333 0
381 118 333 0
576 288 333 0
120 103 333 0
566 261 333 0
207 277 333 0
512 324 333 0
326 142 333 0
564 101 333 0
1 L3
10 L3
365 240 516 0
588 302 516 0
128 346 516 0
340 293 516 0
1 261 516 0
109 343 516 0
51 122 516 0
141 339 516 0
300 305 516 0
311 138 516 0
1 U2
573 0 497 214
10 U2
573 0 193 151
573 0 208 275
573 0 473 152
573 0 203 277
573 0 566 55
573 0 378 287
573 0 510 203
573 0 385 170
573 0 285 240
573 0 184 141
3
538 271 551 228
365 240 293 342
368 88 519 291
