3
5
L1 299 0
U2 357 0
L3 26 0
U4 208 0
L5 540 0
15
159 35
117 299
127 162
353 104
293 179
160 57
286 204
240 280
202 172
340 78
380 21
514 269
270 260
190 93
192 137
1 L1
22 L1
358 72 299 0
215 271 299 0
78 136 299 0
485 330 299 0
127 103 299 0
181 285 299 0
425 310 299 0
496 194 299 0
58 276 299 0
470 330 299 0
558 153 299 0
446 114 299 0
224 199 299 0
51 158 299 0
272 272 299 0
565 182 299 0
366 205 299 0
154 97 299 0
277 123 299 0
359 311 299 0
221 307 299 0
127 214 299 0
1 L3
22 L3
96 325 26 0
365 50 26 0
340 121 26 0
290 147 26 0
28 240 26 0
1 163 26 0
294 157 26 0
280 324 26 0
251 188 26 0
50 162 26 0
579 253 26 0
51 292 26 0
405 215 26 0
483 158 26 0
208 145 26 0
42 114 26 0
47 310 26 0
294 191 26 0
99 214 26 0
147 344 26 0
493 268 26 0
288 234 26 0
1 L5
22 L5
97 167 540 0
79 240 540 0
411 178 540 0
20 189 540 0
381 140 540 0
522 215 540 0
214 338 540 0
433 90 540 0
305 90 540 0
181 151 540 0
413 127 540 0
448 108 540 0
370 332 540 0
294 210 540 0
442 250 540 0
472 206 540 0
451 328 540 0
34 300 540 0
108 158 540 0
562 256 540 0
68 199 540 0
359 204 540 0
1 U2
357 0 357 285
22 U2
357 0 583 96
357 0 227 200
357 0 539 203
357 0 549 180
357 0 316 325
357 0 65 81
357 0 370 326
357 0 428 272
357 0 112 170
357 0 364 223
357 0 539 150
357 0 598 191
357 0 121 81
357 0 471 208
357 0 30 134
357 0 22 304
357 0 558 69
357 0 458 286
357 0 176 60
357 0 139 194
357 0 327 154
357 0 139 170
1 U4
208 0 134 311
22 U4
208 0 407 222
208 0 101 82
208 0 215 232
208 0 505 94
208 0 393 166
208 0 359 301
208 0 540 192
208 0 152 255
208 0 73 323
208 0 306 278
208 0 401 151
208 0 599 286
208 0 582 102
208 0 370 252
208 0 146 228
208 0 505 160
208 0 485 194
208 0 101 244
208 0 6 177
208 0 194 149
208 0 88 336
208 0 328 271
17
358 72 52 322
96 325 582 69
97 167 563 185
215 271 487 213
365 50 9 244
79 240 280 186
78 136 11 211
340 121 15 198
411 178 110 147
485 330 251 217
290 147 439 79
20 189 566 154
127 103 553 205
28 240 83 307
381 140 278 123
181 285 268 314
1 163 99 212
