5
3
L1 480 0
U2 189 0
L3 506 0
9
580 263
483 177
28 12
49 59
85 258
150 175
413 271
501 162
463 86
2 L1
10 L1
488 317 480 0
498 167 480 0
204 336 480 0
101 186 480 0
599 227 480 0
511 154 480 0
4 294 480 0
413 222 480 0
497 129 480 0
249 348 480 0
2 L3
10 L3
284 149 506 0
385 199 506 0
149 124 506 0
410 263 506 0
320 184 506 0
438 237 506 0
306 66 506 0
518 234 506 0
271 262 506 0
522 301 506 0
2 U2
189 0 565 259
189 0 393 123
10 U2
189 0 480 324
189 0 449 179
189 0 342 321
189 0 283 281
189 0 249 234
189 0 377 327
189 0 12 93
189 0 408 330
189 0 390 289
189 0 235 284
3
488 317 44 248
284 149 23 145
498 167 366 247
