3
6
L1 250 0
U2 281 0
L3 31 0
U4 115 0
L5 65 0
U6 212 0
30
368 125
516 68
529 166
540 285
234 44
579 77
434 180
442 309
574 335
73 305
40 49
468 278
580 286
216 169
471 50
450 180
503 14
1 192
331 158
440 261
544 230
267 318
350 339
148 274
68 292
36 2
293 301
322 303
118 118
20 336
1 L1
22 L1
311 289 250 0
261 224 250 0
475 228 250 0
587 53 250 0
360 266 250 0
212 189 250 0
20 329 250 0
325 128 250 0
317 274 250 0
65 159 250 0
554 269 250 0
70 284 250 0
495 290 250 0
358 218 250 0
456 350 250 0
71 335 250 0
121 322 250 0
273 314 250 0
438 236 250 0
584 61 250 0
466 228 250 0
272 323 250 0
1 L3
22 L3
183 203 31 0
566 339 31 0
343 295 31 0
391 312 31 0
466 156 31 0
302 237 31 0
489 56 31 0
508 91 31 0
73 278 31 0
570 244 31 0
255 284 31 0
554 303 31 0
563 268 31 0
131 293 31 0
544 205 31 0
556 255 31 0
251 350 31 0
55 188 31 0
135 200 31 0
140 229 31 0
404 160 31 0
365 106 31 0
1 L5
22 L5
328 82 65 0
338 302 65 0
88 343 65 0
82 268 65 0
476 103 65 0
220 62 65 0
193 343 65 0
544 231 65 0
304 193 65 0
576 57 65 0
325 65 65 0
463 168 65 0
205 326 65 0
27 258 65 0
476 198 65 0
474 171 65 0
371 285 65 0
49 134 65 0
172 133 65 0
88 98 65 0
542 100 65 0
413 297 65 0
1 U2
281 0 297 174
22 U2
281 0 434 155
281 0 173 219
281 0 286 77
281 0 244 230
281 0 142 171
281 0 547 184
281 0 198 85
281 0 489 101
281 0 304 138
281 0 400 77
281 0 353 179
281 0 222 209
281 0 578 172
281 0 577 260
281 0 444 66
281 0 191 83
281 0 162 294
281 0 144 113
281 0 543 136
281 0 547 319
281 0 84 156
281 0 148 93
1 U4
115 0 414 246
22 U4
115 0 71 76
115 0 489 215
115 0 381 147
115 0 313 132
115 0 244 177
115 0 83 284
115 0 580 252
115 0 284 255
115 0 422 123
115 0 21 160
115 0 286 199
115 0 503 237
115 0 524 114
115 0 235 166
115 0 280 308
115 0 470 160
115 0 243 112
115 0 341 87
115 0 360 225
115 0 63 135
115 0 236 56
115 0 61 142
1 U6
212 0 364 297
22 U6
212 0 209 52
212 0 558 292
212 0 327 149
212 0 436 287
212 0 588 237
212 0 386 218
212 0 307 56
212 0 395 110
212 0 141 137
212 0 197 75
212 0 317 276
212 0 581 252
212 0 344 210
212 0 350 175
212 0 408 196
212 0 64 165
212 0 540 243
212 0 27 195
212 0 143 55
212 0 94 275
212 0 560 115
212 0 39 254
20
311 289 210 220
183 203 476 80
328 82 120 159
261 224 423 151
566 339 388 155
338 302 327 257
475 228 203 127
343 295 465 97
88 343 515 76
587 53 467 54
391 312 341 263
82 268 418 116
360 266 61 86
466 156 597 223
476 103 597 195
212 189 96 166
302 237 531 273
220 62 571 107
20 329 428 272
489 56 503 148
