4
6
L1 393 0
U2 340 0
L3 527 0
U4 327 0
L5 163 0
U6 434 0
24
554 142
165 260
493 281
209 279
233 87
7 205
156 150
53 236
7 247
11 256
566 93
470 29
246 82
142 227
490 61
131 13
585 299
245 138
195 253
574 57
29 290
7 322
328 212
47 247
2 L1
18 L1
164 54 393 0
20 66 393 0
597 323 393 0
553 140 393 0
459 315 393 0
597 332 393 0
38 284 393 0
386 166 393 0
7 63 393 0
515 219 393 0
340 199 393 0
314 267 393 0
585 330 393 0
218 99 393 0
108 64 393 0
178 51 393 0
451 92 393 0
493 90 393 0
2 L3
18 L3
121 230 527 0
391 75 527 0
0 318 527 0
118 173 527 0
439 255 527 0
76 247 527 0
436 186 527 0
172 223 527 0
48 165 527 0
113 148 527 0
376 201 527 0
101 112 527 0
117 52 527 0
86 168 527 0
408 332 527 0
428 320 527 0
312 74 527 0
318 63 527 0
2 L5
18 L5
33 286 163 0
8 55 163 0
117 274 163 0
557 269 163 0
535 78 163 0
538 186 163 0
574 219 163 0
52 69 163 0
353 195 163 0
174 188 163 0
342 302 163 0
57 236 163 0
371 198 163 0
545 207 163 0
223 115 163 0
70 114 163 0
386 158 163 0
224 273 163 0
2 U2
340 0 308 260
340 0 135 238
18 U2
340 0 155 206
340 0 376 70
340 0 163 118
340 0 548 187
340 0 425 194
340 0 485 229
340 0 477 248
340 0 126 327
340 0 402 212
340 0 440 342
340 0 454 139
340 0 378 280
340 0 183 50
340 0 597 284
340 0 537 146
340 0 568 149
340 0 475 60
340 0 85 246
2 U4
327 0 3 160
327 0 554 283
18 U4
327 0 374 167
327 0 495 138
327 0 545 109
327 0 48 253
327 0 564 117
327 0 241 303
327 0 356 315
327 0 315 126
327 0 197 235
327 0 577 169
327 0 139 132
327 0 366 304
327 0 167 265
327 0 115 202
327 0 546 214
327 0 141 221
327 0 293 53
327 0 220 340
2 U6
434 0 36 199
434 0 250 203
18 U6
434 0 23 216
434 0 68 168
434 0 300 51
434 0 455 269
434 0 255 80
434 0 96 119
434 0 482 219
434 0 293 84
434 0 365 193
434 0 240 285
434 0 264 290
434 0 98 242
434 0 569 130
434 0 89 158
434 0 277 130
434 0 512 167
434 0 564 286
434 0 34 339
11
164 54 163 146
121 230 464 307
33 286 450 89
20 66 312 332
391 75 277 111
8 55 382 126
597 323 160 117
0 318 264 204
117 274 406 310
553 140 412 162
118 173 455 118
