4
6
L1 178 0
U2 214 0
L3 309 0
U4 182 0
L5 362 0
U6 238 0
24
59 175
449 303
3 339
90 66
529 34
137 225
245 92
293 297
477 36
555 119
582 203
253 114
463 151
515 333
564 323
449 125
409 20
132 157
264 283
164 167
419 223
26 179
62 174
23 83
2 L1
10 L1
146 221 178 0
528 339 178 0
113 167 178 0
451 258 178 0
290 129 178 0
21 104 178 0
59 150 178 0
87 102 178 0
301 312 178 0
404 151 178 0
2 L3
10 L3
231 62 309 0
139 67 309 0
596 264 309 0
588 98 309 0
417 237 309 0
7 206 309 0
190 136 309 0
193 212 309 0
349 306 309 0
296 270 309 0
2 L5
10 L5
95 251 362 0
300 163 362 0
284 109 362 0
521 311 362 0
255 86 362 0
507 263 362 0
392 320 362 0
8 289 362 0
398 226 362 0
221 60 362 0
2 U2
214 0 461 321
214 0 124 153
10 U2
214 0 495 168
214 0 370 327
214 0 356 99
214 0 506 58
214 0 259 253
214 0 210 335
214 0 131 121
214 0 156 305
214 0 509 96
214 0 97 288
2 U4
182 0 283 326
182 0 43 86
10 U4
182 0 200 164
182 0 586 103
182 0 586 296
182 0 435 62
182 0 337 102
182 0 136 340
182 0 46 273
182 0 27 113
182 0 146 230
182 0 270 249
2 U6
238 0 371 102
238 0 483 55
10 U6
238 0 130 347
238 0 257 265
238 0 346 306
238 0 418 59
238 0 242 70
238 0 433 106
238 0 73 121
238 0 133 170
238 0 163 268
238 0 370 341
3
146 221 350 92
231 62 569 297
95 251 548 199
