3
5
L1 534 0
U2 536 0
L3 252 0
U4 33 0
L5 391 0
20
366 215
340 139
225 188
425 260
44 45
163 283
504 57
288 154
364 178
514 329
366 126
276 282
493 322
377 138
591 83
313 319
559 333
53 161
70 167
376 224
1 L1
14 L1
331 318 534 0
578 177 534 0
248 292 534 0
44 84 534 0
549 315 534 0
560 194 534 0
162 314 534 0
520 62 534 0
287 277 534 0
511 82 534 0
379 320 534 0
59 141 534 0
21 263 534 0
410 143 534 0
1 L3
14 L3
484 298 252 0
587 290 252 0
468 145 252 0
572 247 252 0
275 260 252 0
107 107 252 0
239 206 252 0
188 106 252 0
599 302 252 0
229 155 252 0
232 242 252 0
245 156 252 0
598 105 252 0
183 70 252 0
1 L5
14 L5
473 237 391 0
329 338 391 0
337 342 391 0
551 237 391 0
117 130 391 0
261 255 391 0
484 292 391 0
268 266 391 0
147 210 391 0
108 196 391 0
347 206 391 0
279 230 391 0
568 314 391 0
144 302 391 0
1 U2
536 0 234 212
14 U2
536 0 345 157
536 0 314 323
536 0 67 227
536 0 580 217
536 0 438 210
536 0 346 223
536 0 285 136
536 0 78 189
536 0 16 205
536 0 164 323
536 0 449 97
536 0 137 343
536 0 225 201
536 0 90 263
1 U4
33 0 528 311
14 U4
33 0 487 157
33 0 296 133
33 0 172 262
33 0 411 147
33 0 562 79
33 0 400 265
33 0 585 247
33 0 530 107
33 0 548 120
33 0 358 181
33 0 5 210
33 0 280 296
33 0 93 238
33 0 393 117
7
331 318 566 327
484 298 490 154
473 237 511 236
578 177 403 193
587 290 213 81
329 338 559 341
248 292 593 105
