5
6
L1 537 0
U2 19 0
L3 299 0
U4 513 0
L5 300 0
U6 98 0
24
491 168
373 144
75 219
313 128
386 4
474 283
509 224
485 165
429 226
177 235
128 213
381 291
237 119
546 46
529 161
513 291
319 50
63 89
67 195
506 41
105 169
306 258
387 201
288 25
2 L1
10 L1
415 184 537 0
394 176 537 0
326 121 537 0
289 273 537 0
224 177 537 0
352 96 537 0
231 214 537 0
441 291 537 0
199 259 537 0
351 54 537 0
2 L3
10 L3
264 54 299 0
591 253 299 0
572 225 299 0
200 332 299 0
67 300 299 0
307 225 299 0
520 194 299 0
574 295 299 0
210 212 299 0
73 156 299 0
2 L5
10 L5
122 123 300 0
326 91 300 0
434 284 300 0
545 121 300 0
456 253 300 0
590 187 300 0
123 224 300 0
231 86 300 0
42 211 300 0
86 137 300 0
2 U2
19 0 408 266
19 0 138 305
10 U2
19 0 388 109
19 0 192 159
19 0 289 346
19 0 407 167
19 0 258 335
19 0 395 229
19 0 151 156
19 0 159 128
19 0 512 166
19 0 181 156
2 U4
513 0 274 125
513 0 102 214
10 U4
513 0 78 322
513 0 541 217
513 0 223 108
513 0 506 139
513 0 557 104
513 0 209 240
513 0 258 279
513 0 453 338
513 0 213 312
513 0 280 50
2 U6
98 0 87 195
98 0 125 281
10 U6
98 0 432 260
98 0 82 172
98 0 167 104
98 0 573 151
98 0 229 215
98 0 198 239
98 0 178 274
98 0 494 185
98 0 91 92
98 0 77 131
6
415 184 39 196
264 54 144 92
122 123 550 325
394 176 200 177
591 253 512 293
326 91 516 238
