3
4
L1 220 0
U2 445 0
L3 261 0
U4 435 0
12
187 65
267 111
70 271
205 225
592 242
413 98
28 227
554 236
101 194
382 309
593 76
38 60
1 L1
22 L1
485 72 220 0
11 281 220 0
171 110 220 0
288 208 220 0
149 98 220 0
146 322 220 0
395 327 220 0
230 210 220 0
295 59 220 0
494 267 220 0
97 338 220 0
401 111 220 0
288 321 220 0
190 184 220 0
167 226 220 0
104 255 220 0
303 215 220 0
538 326 220 0
406 267 220 0
115 244 220 0
394 290 220 0
250 224 220 0
1 L3
22 L3
505 110 261 0
531 171 261 0
34 252 261 0
128 196 261 0
310 348 261 0
295 264 261 0
227 315 261 0
127 156 261 0
23 255 261 0
176 314 261 0
54 195 261 0
245 268 261 0
448 87 261 0
42 286 261 0
487 70 261 0
109 59 261 0
159 192 261 0
337 85 261 0
537 136 261 0
333 304 261 0
543 71 261 0
507 176 261 0
1 U2
445 0 553 157
22 U2
445 0 466 292
445 0 506 206
445 0 280 137
445 0 79 308
445 0 77 139
445 0 293 81
445 0 584 86
445 0 136 50
445 0 50 125
445 0 274 173
445 0 517 212
445 0 302 115
445 0 447 219
445 0 352 299
445 0 11 104
445 0 17 279
445 0 206 346
445 0 510 67
445 0 41 304
445 0 583 232
445 0 37 296
445 0 6 100
1 U4
435 0 17 224
22 U4
435 0 198 79
435 0 250 226
435 0 304 230
435 0 257 110
435 0 560 196
435 0 499 52
435 0 415 58
435 0 514 130
435 0 19 92
435 0 473 304
435 0 209 114
435 0 379 229
435 0 325 335
435 0 495 319
435 0 288 228
435 0 291 202
435 0 32 72
435 0 336 111
435 0 435 69
435 0 524 336
435 0 252 235
435 0 226 202
9
485 72 255 330
505 110 88 155
11 281 511 230
531 171 5 154
171 110 592 135
34 252 260 52
288 208 361 333
128 196 76 136
149 98 98 71
