5
5
L1 514 0
U2 2 0
L3 562 0
U4 278 0
L5 0 0
25
397 313
590 284
90 251
435 180
351 59
108 147
58 208
187 264
551 132
90 140
527 348
514 349
231 285
462 297
4 182
110 41
7 12
146 196
406 307
198 85
567 292
277 88
268 93
46 315
15 108
2 L1
10 L1
22 88 514 0
348 119 514 0
171 320 514 0
232 107 514 0
112 329 514 0
472 184 514 0
487 147 514 0
370 318 514 0
401 332 514 0
112 59 514 0
2 L3
10 L3
323 209 562 0
154 136 562 0
544 106 562 0
560 96 562 0
259 175 562 0
322 75 562 0
197 296 562 0
215 208 562 0
580 59 562 0
120 342 562 0
2 L5
10 L5
223 238 0 0
504 98 0 0
492 271 0 0
427 230 0 0
488 289 0 0
465 113 0 0
406 276 0 0
42 275 0 0
315 119 0 0
60 180 0 0
2 U2
2 0 470 348
2 0 214 244
10 U2
2 0 27 263
2 0 347 236
2 0 588 52
2 0 301 51
2 0 159 205
2 0 218 123
2 0 331 249
2 0 545 340
2 0 292 223
2 0 542 239
2 U4
278 0 35 239
278 0 594 165
10 U4
278 0 456 225
278 0 535 145
278 0 458 65
278 0 187 264
278 0 512 208
278 0 556 184
278 0 207 269
278 0 188 89
278 0 199 122
278 0 369 130
3
22 88 548 155
323 209 585 325
223 238 17 295
