3
6
L1 293 0
U2 52 0
L3 277 0
U4 6 0
L5 211 0
U6 418 0
30
20 129
72 4
479 136
568 347
213 85
210 275
138 39
512 257
310 304
589 336
485 324
537 35
93 34
500 296
483 301
463 122
554 104
508 341
290 150
144 34
459 313
587 271
110 166
599 273
488 261
476 279
303 218
440 15
457 135
450 68
1 L1
22 L1
88 243 293 0
192 94 293 0
399 224 293 0
142 300 293 0
241 219 293 0
499 248 293 0
541 164 293 0
540 307 293 0
177 217 293 0
169 204 293 0
529 72 293 0
454 303 293 0
213 216 293 0
493 221 293 0
311 240 293 0
135 72 293 0
107 85 293 0
394 104 293 0
255 224 293 0
18 63 293 0
195 151 293 0
150 238 293 0
1 L3
22 L3
57 213 277 0
467 236 277 0
549 211 277 0
38 212 277 0
135 72 277 0
591 96 277 0
594 131 277 0
20 338 277 0
398 323 277 0
163 221 277 0
596 226 277 0
339 118 277 0
498 151 277 0
209 174 277 0
424 57 277 0
313 180 277 0
339 225 277 0
166 58 277 0
78 82 277 0
564 325 277 0
218 206 277 0
118 165 277 0
1 L5
22 L5
281 184 211 0
98 312 211 0
88 228 211 0
349 315 211 0
406 62 211 0
552 187 211 0
574 152 211 0
314 201 211 0
9 73 211 0
227 101 211 0
241 224 211 0
509 102 211 0
350 319 211 0
237 195 211 0
300 257 211 0
495 287 211 0
253 282 211 0
486 314 211 0
39 66 211 0
21 57 211 0
122 286 211 0
532 257 211 0
1 U2
52 0 404 162
22 U2
52 0 396 280
52 0 58 206
52 0 259 100
52 0 110 153
52 0 39 233
52 0 391 133
52 0 181 308
52 0 7 234
52 0 238 296
52 0 560 71
52 0 370 79
52 0 433 186
52 0 218 292
52 0 548 262
52 0 182 299
52 0 189 120
52 0 553 242
52 0 100 157
52 0 355 242
52 0 481 156
52 0 444 153
52 0 141 71
1 U4
6 0 576 117
22 U4
6 0 332 297
6 0 380 108
6 0 408 140
6 0 292 208
6 0 318 69
6 0 530 243
6 0 237 290
6 0 104 335
6 0 169 191
6 0 440 94
6 0 44 207
6 0 67 335
6 0 578 111
6 0 264 187
6 0 225 189
6 0 83 334
6 0 452 171
6 0 522 222
6 0 503 112
6 0 69 247
6 0 363 139
6 0 528 348
1 U6
418 0 62 246
22 U6
418 0 323 132
418 0 290 102
418 0 445 123
418 0 479 65
418 0 366 254
418 0 105 279
418 0 236 292
418 0 68 88
418 0 112 331
418 0 89 347
418 0 225 126
418 0 483 124
418 0 233 143
418 0 33 286
418 0 518 184
418 0 580 116
418 0 267 301
418 0 234 303
418 0 558 133
418 0 288 259
418 0 556 97
418 0 80 62
20
88 243 239 297
57 213 469 248
281 184 90 74
192 94 428 312
467 236 23 102
98 312 222 87
399 224 116 216
549 211 216 76
88 228 231 150
142 300 556 244
38 212 538 213
349 315 373 122
241 219 571 79
135 72 477 105
406 62 441 285
499 248 114 226
591 96 35 244
552 187 502 348
541 164 66 185
594 131 397 184
