4
3
L1 543 0
U2 170 0
L3 336 0
12
331 350
560 8
348 65
422 83
443 307
468 155
61 76
492 290
375 266
48 114
580 217
385 162
2 L1
18 L1
560 137 543 0
574 85 543 0
538 167 543 0
42 154 543 0
486 337 543 0
304 170 543 0
370 165 543 0
166 293 543 0
214 77 543 0
438 321 543 0
207 90 543 0
83 198 543 0
507 307 543 0
53 78 543 0
36 174 543 0
96 57 543 0
225 309 543 0
141 280 543 0
2 L3
18 L3
9 176 336 0
245 222 336 0
436 85 336 0
227 320 336 0
469 243 336 0
100 348 336 0
235 184 336 0
41 209 336 0
118 203 336 0
114 274 336 0
466 209 336 0
338 111 336 0
527 170 336 0
480 341 336 0
439 89 336 0
212 158 336 0
315 168 336 0
138 293 336 0
2 U2
170 0 485 108
170 0 57 202
18 U2
170 0 89 136
170 0 447 108
170 0 374 62
170 0 592 208
170 0 170 280
170 0 536 61
170 0 378 62
170 0 464 322
170 0 177 149
170 0 487 177
170 0 229 316
170 0 555 293
170 0 590 318
170 0 442 199
170 0 508 346
170 0 524 276
170 0 400 131
170 0 64 54
9
560 137 47 347
9 176 267 171
574 85 341 62
245 222 534 199
538 167 200 329
436 85 406 302
42 154 316 286
227 320 13 213
486 337 123 314
