5
6
L1 239 0
U2 455 0
L3 263 0
U4 2 0
L5 376 0
U6 342 0
24
124 298
379 145
416 251
442 88
431 222
239 161
179 218
379 236
453 233
296 85
196 21
581 350
204 331
223 309
77 107
83 261
565 20
186 225
343 239
293 189
109 56
203 75
427 303
146 79
2 L1
10 L1
81 51 239 0
426 262 239 0
500 267 239 0
402 260 239 0
283 60 239 0
547 280 239 0
11 204 239 0
458 179 239 0
394 108 239 0
467 118 239 0
2 L3
10 L3
144 310 263 0
364 318 263 0
350 57 263 0
94 74 263 0
554 60 263 0
543 124 263 0
577 103 263 0
103 220 263 0
513 194 263 0
392 240 263 0
2 L5
10 L5
371 109 376 0
358 246 376 0
97 224 376 0
555 332 376 0
138 254 376 0
106 260 376 0
320 182 376 0
333 120 376 0
599 122 376 0
15 327 376 0
2 U2
455 0 13 284
455 0 198 293
10 U2
455 0 60 166
455 0 185 120
455 0 296 59
455 0 441 312
455 0 299 317
455 0 37 286
455 0 287 80
455 0 230 117
455 0 586 64
455 0 67 206
2 U4
2 0 59 150
2 0 422 92
10 U4
2 0 295 287
2 0 554 200
2 0 475 292
2 0 395 262
2 0 125 60
2 0 78 249
2 0 399 118
2 0 600 232
2 0 576 255
2 0 268 345
2 U6
342 0 282 298
342 0 164 175
10 U6
342 0 572 313
342 0 398 110
342 0 312 191
342 0 113 111
342 0 355 224
342 0 540 295
342 0 600 83
342 0 140 316
342 0 553 144
342 0 487 218
9
81 51 457 305
144 310 332 258
371 109 13 315
426 262 302 242
364 318 347 245
358 246 145 95
500 267 354 229
350 57 591 314
97 224 392 341
