4
4
L1 452 0
U2 550 0
L3 166 0
U4 164 0
20
167 125
139 30
45 86
289 75
374 234
456 160
71 208
458 65
331 268
561 215
67 78
78 79
112 192
233 318
225 202
554 126
245 135
458 223
548 25
30 141
2 L1
18 L1
450 139 452 0
65 193 452 0
122 118 452 0
29 185 452 0
568 221 452 0
575 257 452 0
262 124 452 0
284 146 452 0
38 240 452 0
274 296 452 0
389 347 452 0
554 186 452 0
135 319 452 0
84 255 452 0
5 318 452 0
95 326 452 0
374 275 452 0
129 182 452 0
2 L3
18 L3
176 235 166 0
263 343 166 0
65 332 166 0
375 249 166 0
595 77 166 0
500 159 166 0
419 159 166 0
62 224 166 0
55 312 166 0
21 69 166 0
278 263 166 0
566 128 166 0
463 153 166 0
129 342 166 0
260 188 166 0
188 60 166 0
120 261 166 0
225 295 166 0
2 U2
550 0 451 269
550 0 97 97
18 U2
550 0 532 241
550 0 184 155
550 0 455 217
550 0 204 280
550 0 298 194
550 0 181 229
550 0 356 125
550 0 191 310
550 0 306 87
550 0 424 256
550 0 184 103
550 0 253 250
550 0 322 270
550 0 248 175
550 0 421 194
550 0 113 209
550 0 144 118
550 0 356 143
2 U4
164 0 557 350
164 0 65 111
18 U4
164 0 167 330
164 0 198 209
164 0 339 176
164 0 417 224
164 0 328 66
164 0 245 213
164 0 157 53
164 0 402 286
164 0 344 96
164 0 187 85
164 0 446 214
164 0 595 154
164 0 543 329
164 0 151 92
164 0 475 142
164 0 63 226
164 0 53 158
164 0 118 83
8
450 139 365 137
176 235 431 222
65 193 498 303
263 343 321 101
122 118 213 316
65 332 429 296
29 185 18 319
375 249 23 296
