3
6
L1 253 0
U2 439 0
L3 461 0
U4 427 0
L5 259 0
U6 434 0
18
451 245
314 158
555 214
94 255
92 332
100 265
156 82
8 18
543 334
274 192
143 90
214 320
53 190
504 187
492 243
571 190
180 36
86 45
1 L1
18 L1
577 307 253 0
257 87 253 0
551 345 253 0
368 212 253 0
46 309 253 0
245 80 253 0
225 154 253 0
90 216 253 0
291 264 253 0
573 189 253 0
476 209 253 0
198 262 253 0
101 303 253 0
478 287 253 0
167 331 253 0
424 76 253 0
132 80 253 0
528 59 253 0
1 L3
18 L3
176 322 461 0
21 71 461 0
348 99 461 0
138 335 461 0
561 321 461 0
136 147 461 0
393 132 461 0
457 101 461 0
324 272 461 0
139 91 461 0
125 118 461 0
210 252 461 0
554 126 461 0
1 310 461 0
187 235 461 0
373 317 461 0
150 152 461 0
445 236 461 0
1 L5
18 L5
280 156 259 0
533 323 259 0
556 216 259 0
312 111 259 0
229 252 259 0
227 139 259 0
36 291 259 0
156 138 259 0
126 350 259 0
497 55 259 0
503 327 259 0
238 54 259 0
184 270 259 0
563 319 259 0
543 296 259 0
272 59 259 0
549 272 259 0
188 224 259 0
1 U2
439 0 198 69
18 U2
439 0 224 125
439 0 338 110
439 0 140 332
439 0 253 303
439 0 596 94
439 0 502 113
439 0 87 246
439 0 506 258
439 0 362 228
439 0 526 225
439 0 47 181
439 0 304 177
439 0 323 151
439 0 240 189
439 0 153 218
439 0 209 282
439 0 29 196
439 0 163 223
1 U4
427 0 378 77
18 U4
427 0 519 79
427 0 103 241
427 0 278 233
427 0 357 141
427 0 457 272
427 0 186 187
427 0 43 86
427 0 560 147
427 0 599 197
427 0 180 255
427 0 68 270
427 0 594 350
427 0 38 130
427 0 530 153
427 0 31 193
427 0 294 167
427 0 21 189
427 0 593 342
1 U6
434 0 42 134
18 U6
434 0 531 117
434 0 109 278
434 0 331 85
434 0 515 287
434 0 14 168
434 0 189 133
434 0 532 216
434 0 310 140
434 0 146 296
434 0 263 140
434 0 157 122
434 0 497 119
434 0 538 151
434 0 371 76
434 0 163 294
434 0 48 144
434 0 415 178
434 0 10 205
6
577 307 68 93
176 322 525 227
280 156 257 115
257 87 465 279
21 71 240 96
533 323 459 279
