3
6
L1 297 0
U2 113 0
L3 400 0
U4 473 0
L5 213 0
U6 36 0
18
438 327
391 282
79 144
65 263
30 160
505 100
336 108
90 72
27 53
171 175
18 109
29 11
296 46
335 17
582 122
229 172
440 83
599 1
1 L1
18 L1
168 343 297 0
428 121 297 0
475 262 297 0
151 180 297 0
219 306 297 0
47 288 297 0
356 119 297 0
93 129 297 0
81 321 297 0
76 189 297 0
114 260 297 0
21 350 297 0
303 265 297 0
153 167 297 0
337 62 297 0
503 211 297 0
268 50 297 0
341 311 297 0
1 L3
18 L3
164 238 400 0
261 241 400 0
197 117 400 0
243 200 400 0
55 210 400 0
408 87 400 0
347 64 400 0
33 98 400 0
24 175 400 0
122 197 400 0
537 212 400 0
283 112 400 0
282 287 400 0
137 85 400 0
203 341 400 0
493 114 400 0
545 297 400 0
87 345 400 0
1 L5
18 L5
23 234 213 0
12 218 213 0
546 303 213 0
415 51 213 0
385 215 213 0
460 309 213 0
451 150 213 0
246 271 213 0
29 306 213 0
472 268 213 0
148 316 213 0
504 264 213 0
199 177 213 0
486 166 213 0
125 314 213 0
346 307 213 0
297 162 213 0
248 313 213 0
1 U2
113 0 129 307
18 U2
113 0 583 303
113 0 234 144
113 0 61 197
113 0 264 115
113 0 364 282
113 0 127 148
113 0 394 321
113 0 585 156
113 0 270 280
113 0 348 332
113 0 264 164
113 0 374 120
113 0 481 218
113 0 229 92
113 0 105 145
113 0 341 263
113 0 577 110
113 0 65 267
1 U4
473 0 174 274
18 U4
473 0 74 65
473 0 271 227
473 0 243 61
473 0 456 169
473 0 229 119
473 0 574 252
473 0 490 266
473 0 286 57
473 0 158 161
473 0 305 205
473 0 178 206
473 0 413 167
473 0 73 276
473 0 221 314
473 0 450 185
473 0 535 111
473 0 104 263
473 0 382 52
1 U6
36 0 372 114
18 U6
36 0 546 68
36 0 594 83
36 0 457 335
36 0 175 115
36 0 269 130
36 0 443 259
36 0 408 281
36 0 186 86
36 0 179 216
36 0 261 55
36 0 168 93
36 0 387 123
36 0 76 54
36 0 353 325
36 0 528 220
36 0 150 282
36 0 253 232
36 0 189 88
17
168 343 6 120
164 238 417 266
23 234 61 202
428 121 219 280
261 241 214 184
12 218 441 125
475 262 475 282
197 117 598 302
546 303 26 261
151 180 276 134
243 200 2 110
415 51 141 336
219 306 108 317
55 210 561 142
385 215 14 343
47 288 575 172
408 87 309 55
