4
5
L1 3 0
U2 542 0
L3 4 0
U4 333 0
L5 129 0
20
44 143
151 113
360 316
177 341
483 276
590 261
381 41
46 205
342 297
407 282
376 242
171 214
316 78
75 35
586 19
122 192
63 306
417 281
490 103
465 183
2 L1
10 L1
66 240 3 0
124 318 3 0
376 277 3 0
549 200 3 0
374 126 3 0
366 238 3 0
76 292 3 0
542 180 3 0
470 206 3 0
348 230 3 0
2 L3
10 L3
119 312 4 0
332 267 4 0
230 159 4 0
244 291 4 0
220 71 4 0
40 195 4 0
186 227 4 0
290 189 4 0
270 160 4 0
172 280 4 0
2 L5
10 L5
22 253 129 0
409 302 129 0
133 272 129 0
22 261 129 0
325 180 129 0
594 141 129 0
582 90 129 0
138 96 129 0
504 165 129 0
178 95 129 0
2 U2
542 0 544 322
542 0 414 214
10 U2
542 0 197 89
542 0 463 194
542 0 589 252
542 0 566 204
542 0 54 292
542 0 98 72
542 0 588 159
542 0 150 65
542 0 565 304
542 0 352 236
2 U4
333 0 17 55
333 0 378 62
10 U4
333 0 397 263
333 0 311 249
333 0 220 134
333 0 78 269
333 0 445 175
333 0 415 189
333 0 187 121
333 0 401 261
333 0 225 302
333 0 154 117
3
66 240 39 183
119 312 493 73
22 253 477 57
