5
4
L1 473 0
U2 372 0
L3 233 0
U4 563 0
12
458 305
505 188
26 20
273 338
267 234
360 138
102 109
316 335
196 343
543 183
586 92
516 285
2 L1
18 L1
295 96 473 0
79 221 473 0
360 179 473 0
540 170 473 0
415 81 473 0
427 83 473 0
265 256 473 0
378 305 473 0
418 335 473 0
387 138 473 0
523 271 473 0
425 279 473 0
341 224 473 0
572 342 473 0
64 225 473 0
175 212 473 0
324 265 473 0
422 233 473 0
2 L3
18 L3
555 119 233 0
81 328 233 0
588 73 233 0
216 165 233 0
152 170 233 0
325 250 233 0
293 125 233 0
356 204 233 0
29 63 233 0
7 188 233 0
493 130 233 0
556 135 233 0
170 277 233 0
211 130 233 0
546 166 233 0
265 264 233 0
19 157 233 0
22 308 233 0
2 U2
372 0 282 337
372 0 126 185
18 U2
372 0 328 101
372 0 231 154
372 0 414 229
372 0 251 261
372 0 341 224
372 0 174 157
372 0 589 55
372 0 328 316
372 0 191 228
372 0 385 284
372 0 107 57
372 0 223 126
372 0 277 175
372 0 242 169
372 0 459 195
372 0 139 181
372 0 376 123
372 0 344 93
2 U4
563 0 388 185
563 0 588 338
18 U4
563 0 505 292
563 0 471 145
563 0 364 110
563 0 258 229
563 0 294 109
563 0 256 162
563 0 388 154
563 0 134 111
563 0 25 326
563 0 141 130
563 0 100 58
563 0 401 69
563 0 421 161
563 0 275 271
563 0 318 167
563 0 227 337
563 0 380 116
563 0 528 115
11
295 96 439 194
555 119 420 203
79 221 37 190
81 328 323 212
360 179 466 236
588 73 345 334
540 170 217 77
216 165 520 285
415 81 381 258
152 170 149 232
427 83 308 227
