5
5
L1 97 0
U2 48 0
L3 309 0
U4 596 0
L5 139 0
20
362 341
337 274
318 15
249 46
430 327
525 179
391 193
454 298
396 12
156 79
318 321
599 216
11 61
335 46
44 260
356 185
209 174
206 325
452 81
574 338
2 L1
10 L1
599 321 97 0
181 202 97 0
594 200 97 0
497 63 97 0
160 259 97 0
289 329 97 0
463 178 97 0
381 134 97 0
246 63 97 0
96 65 97 0
2 L3
10 L3
311 302 309 0
195 155 309 0
66 272 309 0
235 156 309 0
484 276 309 0
202 172 309 0
394 261 309 0
426 343 309 0
480 57 309 0
429 90 309 0
2 L5
10 L5
208 215 139 0
575 88 139 0
89 157 139 0
240 107 139 0
451 55 139 0
317 195 139 0
371 342 139 0
232 209 139 0
77 163 139 0
195 207 139 0
2 U2
48 0 109 156
48 0 121 240
10 U2
48 0 467 165
48 0 487 210
48 0 0 285
48 0 63 276
48 0 54 252
48 0 52 201
48 0 96 51
48 0 88 124
48 0 103 63
48 0 352 61
2 U4
596 0 374 96
596 0 497 195
10 U4
596 0 36 148
596 0 221 149
596 0 349 90
596 0 199 343
596 0 357 195
596 0 39 118
596 0 12 61
596 0 66 178
596 0 285 299
596 0 152 239
8
599 321 217 301
311 302 42 270
208 215 180 226
181 202 465 61
195 155 275 176
575 88 535 110
594 200 82 287
66 272 66 345
