3
3
L1 580 0
U2 430 0
L3 590 0
12
519 251
111 138
90 37
54 253
455 7
477 54
439 311
490 46
48 266
575 3
218 213
361 333
1 L1
10 L1
476 203 580 0
70 92 580 0
253 201 580 0
498 277 580 0
221 157 580 0
275 109 580 0
374 276 580 0
53 221 580 0
64 256 580 0
563 101 580 0
1 L3
10 L3
576 83 590 0
139 336 590 0
352 263 590 0
22 231 590 0
333 182 590 0
481 233 590 0
114 193 590 0
434 90 590 0
522 185 590 0
135 167 590 0
1 U2
430 0 361 284
10 U2
430 0 598 335
430 0 519 135
430 0 58 152
430 0 300 158
430 0 93 253
430 0 318 187
430 0 525 192
430 0 478 237
430 0 432 322
430 0 432 265
3
476 203 570 65
576 83 404 325
70 92 190 221
