5
5
L1 5 0
U2 295 0
L3 363 0
U4 234 0
L5 45 0
25
475 28
72 312
224 212
35 4
512 178
193 180
39 38
551 266
559 89
446 11
424 223
422 98
26 315
464 105
463 3
317 50
92 84
103 317
394 177
494 19
91 261
328 25
466 208
473 94
441 95
2 L1
10 L1
352 235 5 0
565 71 5 0
406 230 5 0
385 306 5 0
357 307 5 0
212 81 5 0
126 345 5 0
40 149 5 0
155 69 5 0
407 310 5 0
2 L3
10 L3
421 121 363 0
434 349 363 0
128 111 363 0
347 139 363 0
270 272 363 0
460 95 363 0
261 258 363 0
437 213 363 0
337 283 363 0
462 344 363 0
2 L5
10 L5
20 102 45 0
345 122 45 0
265 57 45 0
401 78 45 0
579 164 45 0
261 168 45 0
373 287 45 0
415 188 45 0
472 333 45 0
448 327 45 0
2 U2
295 0 553 196
295 0 169 180
10 U2
295 0 137 64
295 0 98 149
295 0 381 163
295 0 453 116
295 0 553 77
295 0 178 121
295 0 94 234
295 0 114 231
295 0 34 206
295 0 223 308
2 U4
234 0 508 303
234 0 89 327
10 U4
234 0 342 246
234 0 221 112
234 0 2 251
234 0 244 312
234 0 81 345
234 0 578 320
234 0 416 196
234 0 348 328
234 0 498 294
234 0 523 85
5
352 235 261 235
421 121 182 208
20 102 583 257
565 71 34 349
434 349 122 56
