5
6
L1 593 0
U2 474 0
L3 219 0
U4 16 0
L5 266 0
U6 490 0
30
501 93
374 132
435 343
528 315
449 256
99 237
362 150
181 343
326 161
185 90
20 325
424 250
461 266
519 144
262 31
237 242
111 102
335 49
507 191
382 3
448 257
198 191
258 296
59 34
413 302
54 187
498 266
406 79
373 159
234 269
2 L1
14 L1
395 51 593 0
379 217 593 0
116 78 593 0
504 221 593 0
16 67 593 0
276 160 593 0
458 74 593 0
598 109 593 0
233 116 593 0
299 345 593 0
417 293 593 0
406 310 593 0
191 252 593 0
499 53 593 0
2 L3
14 L3
338 85 219 0
39 316 219 0
554 265 219 0
555 164 219 0
290 205 219 0
323 336 219 0
492 167 219 0
177 182 219 0
111 170 219 0
504 86 219 0
251 173 219 0
400 85 219 0
87 191 219 0
574 246 219 0
2 L5
14 L5
158 248 266 0
15 210 266 0
84 329 266 0
578 248 266 0
447 282 266 0
380 339 266 0
597 288 266 0
188 226 266 0
234 117 266 0
439 192 266 0
355 201 266 0
247 50 266 0
357 89 266 0
100 334 266 0
2 U2
474 0 491 84
474 0 370 271
14 U2
474 0 381 127
474 0 353 291
474 0 106 151
474 0 226 207
474 0 294 319
474 0 136 339
474 0 4 196
474 0 45 157
474 0 467 103
474 0 93 243
474 0 271 89
474 0 395 53
474 0 65 333
474 0 565 50
2 U4
16 0 40 326
16 0 276 274
14 U4
16 0 121 314
16 0 98 202
16 0 565 175
16 0 345 113
16 0 356 109
16 0 571 160
16 0 232 184
16 0 459 105
16 0 130 236
16 0 59 284
16 0 8 195
16 0 76 138
16 0 342 62
16 0 422 163
2 U6
490 0 10 53
490 0 171 83
14 U6
490 0 267 307
490 0 139 95
490 0 138 84
490 0 309 172
490 0 394 298
490 0 540 259
490 0 491 301
490 0 423 234
490 0 441 196
490 0 19 266
490 0 587 81
490 0 130 270
490 0 116 211
490 0 387 262
5
395 51 334 90
338 85 198 231
158 248 326 193
379 217 428 208
39 316 417 314
