3
4
L1 211 0
U2 264 0
L3 23 0
U4 357 0
16
64 238
66 315
87 112
241 138
338 70
169 303
293 42
394 239
369 196
7 338
537 164
599 42
460 31
205 288
451 288
355 3
1 L1
22 L1
542 69 211 0
194 281 211 0
204 338 211 0
133 182 211 0
43 157 211 0
436 323 211 0
262 80 211 0
157 256 211 0
305 324 211 0
346 123 211 0
103 220 211 0
128 179 211 0
583 304 211 0
427 299 211 0
246 223 211 0
499 169 211 0
501 242 211 0
116 338 211 0
415 169 211 0
319 321 211 0
496 259 211 0
395 342 211 0
1 L3
22 L3
516 67 23 0
430 111 23 0
410 244 23 0
534 191 23 0
565 307 23 0
404 157 23 0
406 274 23 0
305 91 23 0
209 135 23 0
13 102 23 0
496 65 23 0
49 103 23 0
313 228 23 0
246 281 23 0
224 115 23 0
188 252 23 0
454 345 23 0
492 55 23 0
288 254 23 0
455 223 23 0
71 226 23 0
359 174 23 0
1 U2
264 0 0 61
22 U2
264 0 271 278
264 0 457 309
264 0 367 235
264 0 259 329
264 0 119 96
264 0 328 294
264 0 521 70
264 0 80 59
264 0 294 288
264 0 411 184
264 0 580 231
264 0 503 170
264 0 386 321
264 0 78 185
264 0 462 127
264 0 418 169
264 0 341 226
264 0 231 223
264 0 591 119
264 0 203 146
264 0 320 336
264 0 401 71
1 U4
357 0 390 272
22 U4
357 0 346 95
357 0 38 97
357 0 193 339
357 0 337 224
357 0 191 112
357 0 597 215
357 0 350 129
357 0 57 60
357 0 292 174
357 0 376 54
357 0 375 327
357 0 179 313
357 0 15 213
357 0 155 261
357 0 406 54
357 0 236 140
357 0 448 138
357 0 356 297
357 0 464 304
357 0 311 257
357 0 339 300
357 0 422 210
14
542 69 386 119
516 67 122 325
194 281 544 125
430 111 430 129
204 338 134 78
410 244 466 321
133 182 266 322
534 191 323 101
43 157 447 319
565 307 227 99
436 323 167 240
404 157 337 170
262 80 181 247
406 274 6 165
