5
6
L1 339 0
U2 436 0
L3 83 0
U4 582 0
L5 1 0
U6 544 0
18
493 260
257 292
171 183
344 176
463 90
265 103
58 97
554 23
577 74
42 209
403 270
72 14
430 171
316 98
69 155
167 58
133 323
451 123
2 L1
10 L1
575 274 339 0
404 143 339 0
60 95 339 0
450 322 339 0
249 133 339 0
233 239 339 0
512 243 339 0
375 162 339 0
424 86 339 0
363 322 339 0
2 L3
10 L3
75 80 83 0
328 87 83 0
31 190 83 0
247 262 83 0
28 340 83 0
595 125 83 0
430 297 83 0
480 315 83 0
560 190 83 0
206 171 83 0
2 L5
10 L5
25 344 1 0
214 200 1 0
402 149 1 0
441 197 1 0
208 258 1 0
493 317 1 0
522 298 1 0
502 233 1 0
268 279 1 0
440 278 1 0
2 U2
436 0 192 221
436 0 87 264
10 U2
436 0 217 258
436 0 472 105
436 0 278 324
436 0 477 295
436 0 178 296
436 0 411 114
436 0 398 102
436 0 546 198
436 0 424 72
436 0 380 124
2 U4
582 0 543 61
582 0 275 141
10 U4
582 0 151 306
582 0 183 212
582 0 451 162
582 0 207 232
582 0 557 126
582 0 185 58
582 0 534 334
582 0 45 273
582 0 393 333
582 0 171 54
2 U6
544 0 50 206
544 0 17 131
10 U6
544 0 307 108
544 0 29 141
544 0 402 51
544 0 194 327
544 0 173 186
544 0 528 113
544 0 444 181
544 0 218 126
544 0 333 272
544 0 554 87
6
575 274 408 102
75 80 88 268
25 344 406 140
404 143 183 289
328 87 348 247
214 200 480 210
