3
6
L1 93 0
U2 100 0
L3 160 0
U4 361 0
L5 185 0
U6 123 0
18
143 311
57 301
80 149
416 108
520 252
271 78
454 132
189 290
25 346
314 284
282 61
74 89
33 84
281 2
212 330
330 171
279 119
597 76
1 L1
22 L1
137 68 93 0
598 239 93 0
525 267 93 0
354 261 93 0
97 211 93 0
278 325 93 0
444 129 93 0
434 281 93 0
411 192 93 0
436 82 93 0
585 62 93 0
526 60 93 0
118 185 93 0
31 86 93 0
566 164 93 0
264 293 93 0
326 266 93 0
536 280 93 0
464 168 93 0
237 336 93 0
139 200 93 0
481 229 93 0
1 L3
22 L3
60 205 160 0
137 257 160 0
90 248 160 0
383 222 160 0
294 297 160 0
273 74 160 0
249 59 160 0
514 306 160 0
331 51 160 0
261 285 160 0
366 250 160 0
385 217 160 0
518 226 160 0
598 348 160 0
128 198 160 0
32 234 160 0
18 135 160 0
128 82 160 0
57 280 160 0
65 202 160 0
462 229 160 0
494 74 160 0
1 L5
22 L5
288 234 185 0
565 290 185 0
44 68 185 0
575 237 185 0
48 344 185 0
401 141 185 0
124 158 185 0
317 247 185 0
312 83 185 0
558 251 185 0
381 197 185 0
39 68 185 0
21 221 185 0
481 228 185 0
314 140 185 0
272 77 185 0
528 172 185 0
555 92 185 0
447 86 185 0
395 131 185 0
404 97 185 0
95 81 185 0
1 U2
100 0 364 167
22 U2
100 0 165 342
100 0 216 340
100 0 342 113
100 0 221 85
100 0 587 328
100 0 188 206
100 0 362 223
100 0 104 280
100 0 125 147
100 0 528 291
100 0 179 305
100 0 286 201
100 0 538 339
100 0 53 61
100 0 339 112
100 0 119 323
100 0 189 297
100 0 198 241
100 0 572 152
100 0 139 102
100 0 85 245
100 0 267 102
1 U4
361 0 387 313
22 U4
361 0 497 79
361 0 326 161
361 0 466 129
361 0 321 204
361 0 71 137
361 0 477 133
361 0 184 258
361 0 482 155
361 0 357 152
361 0 58 260
361 0 376 143
361 0 78 155
361 0 586 165
361 0 156 158
361 0 23 213
361 0 25 255
361 0 327 313
361 0 501 225
361 0 151 172
361 0 439 274
361 0 542 328
361 0 492 328
1 U6
123 0 51 166
22 U6
123 0 97 84
123 0 415 271
123 0 336 97
123 0 86 155
123 0 137 332
123 0 278 193
123 0 528 196
123 0 412 105
123 0 408 297
123 0 291 270
123 0 428 97
123 0 499 279
123 0 220 139
123 0 546 134
123 0 310 167
123 0 57 59
123 0 577 61
123 0 74 229
123 0 423 59
123 0 113 200
123 0 86 279
123 0 482 76
14
137 68 283 324
60 205 529 338
288 234 8 269
598 239 198 303
137 257 352 285
565 290 496 219
525 267 175 324
90 248 409 263
44 68 42 305
354 261 544 234
383 222 335 126
575 237 262 193
97 211 570 219
294 297 281 168
