5
6
L1 74 0
U2 295 0
L3 214 0
U4 365 0
L5 270 0
U6 590 0
30
125 3
500 295
22 228
129 121
394 95
198 45
92 112
383 271
595 268
565 132
224 220
463 140
502 273
367 204
458 345
175 260
423 101
305 205
246 30
143 53
581 111
598 267
521 265
249 299
161 122
493 128
499 45
298 273
217 75
403 121
2 L1
10 L1
530 90 74 0
519 167 74 0
102 199 74 0
46 190 74 0
361 319 74 0
403 173 74 0
236 304 74 0
514 252 74 0
410 115 74 0
42 260 74 0
2 L3
10 L3
121 225 214 0
420 275 214 0
432 157 214 0
24 278 214 0
30 93 214 0
505 278 214 0
557 175 214 0
389 78 214 0
549 299 214 0
502 261 214 0
2 L5
10 L5
146 234 270 0
226 336 270 0
430 105 270 0
156 350 270 0
127 329 270 0
574 236 270 0
591 213 270 0
360 254 270 0
97 340 270 0
366 323 270 0
2 U2
295 0 15 56
295 0 126 219
10 U2
295 0 529 266
295 0 65 318
295 0 463 207
295 0 387 92
295 0 446 183
295 0 243 171
295 0 379 298
295 0 229 237
295 0 127 327
295 0 371 210
2 U4
365 0 403 102
365 0 251 83
10 U4
365 0 379 248
365 0 229 253
365 0 214 158
365 0 499 223
365 0 432 250
365 0 101 330
365 0 187 56
365 0 379 100
365 0 155 184
365 0 260 93
2 U6
590 0 234 63
590 0 202 171
10 U6
590 0 34 165
590 0 451 87
590 0 67 332
590 0 500 125
590 0 154 138
590 0 78 279
590 0 547 272
590 0 39 260
590 0 491 101
590 0 113 333
3
530 90 21 218
121 225 461 339
146 234 466 117
