3
6
L1 153 0
U2 300 0
L3 522 0
U4 93 0
L5 40 0
U6 214 0
24
185 158
152 344
510 108
376 38
205 177
595 79
85 50
361 23
139 44
577 175
67 349
303 210
442 330
147 231
116 145
209 165
585 9
193 79
59 272
91 178
364 310
136 332
526 163
89 77
1 L1
18 L1
195 235 153 0
247 75 153 0
192 55 153 0
462 207 153 0
368 69 153 0
208 106 153 0
5 341 153 0
517 130 153 0
346 82 153 0
571 241 153 0
483 191 153 0
308 245 153 0
120 145 153 0
2 52 153 0
528 300 153 0
278 50 153 0
323 186 153 0
517 71 153 0
1 L3
18 L3
236 233 522 0
595 68 522 0
218 66 522 0
438 102 522 0
488 124 522 0
158 246 522 0
249 245 522 0
356 329 522 0
116 176 522 0
281 231 522 0
450 310 522 0
6 256 522 0
211 181 522 0
213 204 522 0
281 150 522 0
58 255 522 0
564 331 522 0
264 338 522 0
1 L5
18 L5
2 174 40 0
155 153 40 0
278 335 40 0
202 217 40 0
334 144 40 0
375 56 40 0
169 285 40 0
536 323 40 0
380 326 40 0
485 246 40 0
455 190 40 0
385 229 40 0
486 323 40 0
381 184 40 0
491 330 40 0
106 114 40 0
533 278 40 0
13 151 40 0
1 U2
300 0 102 56
18 U2
300 0 129 173
300 0 347 209
300 0 341 289
300 0 29 341
300 0 285 330
300 0 89 316
300 0 138 313
300 0 528 83
300 0 349 305
300 0 348 286
300 0 96 331
300 0 371 191
300 0 274 307
300 0 465 172
300 0 184 199
300 0 549 297
300 0 288 71
300 0 477 184
1 U4
93 0 76 147
18 U4
93 0 85 343
93 0 85 288
93 0 431 142
93 0 442 212
93 0 308 194
93 0 104 277
93 0 320 162
93 0 322 207
93 0 350 77
93 0 309 287
93 0 471 188
93 0 566 271
93 0 535 340
93 0 318 233
93 0 425 109
93 0 314 242
93 0 552 204
93 0 423 70
1 U6
214 0 219 272
18 U6
214 0 208 132
214 0 388 108
214 0 431 102
214 0 287 324
214 0 311 89
214 0 367 84
214 0 178 336
214 0 494 307
214 0 297 205
214 0 185 259
214 0 581 201
214 0 177 322
214 0 459 55
214 0 388 268
214 0 140 208
214 0 406 207
214 0 387 50
214 0 125 335
6
195 235 479 220
236 233 348 232
2 174 505 91
247 75 547 143
595 68 362 70
155 153 342 133
