5
6
L1 427 0
U2 301 0
L3 207 0
U4 454 0
L5 219 0
U6 416 0
18
431 330
238 338
64 32
564 56
106 138
241 151
266 208
93 236
217 221
320 230
186 76
80 135
414 315
416 264
573 327
3 11
150 321
165 305
2 L1
14 L1
94 320 427 0
166 220 427 0
170 301 427 0
432 73 427 0
594 117 427 0
140 176 427 0
21 90 427 0
452 104 427 0
169 341 427 0
340 231 427 0
448 196 427 0
322 324 427 0
277 96 427 0
369 265 427 0
2 L3
14 L3
199 187 207 0
83 243 207 0
466 244 207 0
387 335 207 0
26 101 207 0
308 106 207 0
447 268 207 0
205 299 207 0
267 81 207 0
68 302 207 0
325 272 207 0
346 133 207 0
145 293 207 0
305 329 207 0
2 L5
14 L5
209 190 219 0
44 108 219 0
564 343 219 0
189 326 219 0
275 166 219 0
209 136 219 0
65 57 219 0
586 297 219 0
418 89 219 0
266 152 219 0
156 71 219 0
440 180 219 0
412 187 219 0
12 331 219 0
2 U2
301 0 403 85
301 0 57 122
14 U2
301 0 416 333
301 0 427 228
301 0 448 280
301 0 590 73
301 0 567 89
301 0 584 117
301 0 8 117
301 0 534 64
301 0 325 60
301 0 321 341
301 0 507 316
301 0 206 188
301 0 66 120
301 0 498 318
2 U4
454 0 59 199
454 0 484 111
14 U4
454 0 466 172
454 0 521 339
454 0 67 130
454 0 92 320
454 0 71 285
454 0 595 96
454 0 161 98
454 0 88 281
454 0 580 125
454 0 13 74
454 0 523 102
454 0 203 337
454 0 379 325
454 0 282 89
2 U6
416 0 356 173
416 0 583 250
14 U6
416 0 479 170
416 0 197 168
416 0 57 186
416 0 442 74
416 0 184 133
416 0 594 320
416 0 416 267
416 0 89 312
416 0 246 339
416 0 499 102
416 0 42 190
416 0 446 142
416 0 327 255
416 0 408 321
9
94 320 155 228
199 187 362 93
209 190 52 288
166 220 596 337
83 243 293 78
44 108 406 62
170 301 362 61
466 244 199 185
564 343 265 50
