4
3
L1 26 0
U2 5 0
L3 393 0
12
0 342
170 261
410 310
564 255
102 244
510 277
597 53
206 148
15 5
146 303
79 119
237 106
2 L1
10 L1
28 164 26 0
249 167 26 0
573 251 26 0
146 187 26 0
538 161 26 0
154 340 26 0
336 188 26 0
527 270 26 0
3 138 26 0
480 215 26 0
2 L3
10 L3
423 319 393 0
46 209 393 0
530 222 393 0
277 207 393 0
260 65 393 0
46 182 393 0
460 54 393 0
556 232 393 0
517 80 393 0
597 272 393 0
2 U2
5 0 162 195
5 0 258 275
10 U2
5 0 539 172
5 0 141 155
5 0 296 308
5 0 161 349
5 0 373 338
5 0 11 335
5 0 87 302
5 0 422 253
5 0 415 303
5 0 441 204
2
28 164 303 318
423 319 49 222
