4
6
L1 157 0
U2 433 0
L3 506 0
U4 508 0
L5 572 0
U6 254 0
18
592 46
475 55
414 293
238 186
533 63
194 226
371 62
553 19
149 308
568 165
307 195
457 1
174 168
249 214
21 208
93 10
442 85
229 157
2 L1
18 L1
256 132 157 0
352 80 157 0
82 68 157 0
186 101 157 0
279 147 157 0
151 72 157 0
347 66 157 0
216 342 157 0
528 337 157 0
87 297 157 0
301 122 157 0
261 200 157 0
511 242 157 0
415 288 157 0
436 128 157 0
588 330 157 0
273 272 157 0
524 151 157 0
2 L3
18 L3
463 115 506 0
10 340 506 0
97 267 506 0
423 129 506 0
552 334 506 0
592 109 506 0
559 126 506 0
324 208 506 0
386 106 506 0
273 184 506 0
71 292 506 0
30 64 506 0
579 50 506 0
534 313 506 0
302 72 506 0
463 325 506 0
106 179 506 0
269 339 506 0
2 L5
18 L5
51 323 572 0
176 269 572 0
295 165 572 0
599 89 572 0
474 261 572 0
27 225 572 0
588 304 572 0
469 155 572 0
433 124 572 0
464 187 572 0
311 306 572 0
163 122 572 0
48 91 572 0
392 190 572 0
37 168 572 0
178 252 572 0
11 145 572 0
406 326 572 0
2 U2
433 0 133 238
433 0 418 62
18 U2
433 0 513 286
433 0 124 56
433 0 514 97
433 0 110 185
433 0 440 152
433 0 197 55
433 0 595 132
433 0 542 73
433 0 302 225
433 0 71 193
433 0 336 311
433 0 68 348
433 0 587 57
433 0 241 157
433 0 55 306
433 0 144 176
433 0 56 282
433 0 276 107
2 U4
508 0 218 182
508 0 122 153
18 U4
508 0 87 346
508 0 37 85
508 0 331 94
508 0 179 125
508 0 324 96
508 0 349 302
508 0 103 148
508 0 259 251
508 0 337 184
508 0 212 149
508 0 574 277
508 0 308 181
508 0 144 281
508 0 560 245
508 0 3 219
508 0 308 252
508 0 599 63
508 0 135 219
2 U6
254 0 201 214
254 0 571 160
18 U6
254 0 345 58
254 0 248 167
254 0 331 250
254 0 589 53
254 0 153 135
254 0 269 115
254 0 330 256
254 0 523 183
254 0 468 78
254 0 548 152
254 0 29 71
254 0 129 317
254 0 492 185
254 0 137 311
254 0 292 217
254 0 208 303
254 0 213 294
254 0 445 197
6
256 132 257 216
463 115 374 158
51 323 150 84
352 80 574 229
10 340 28 219
176 269 375 211
