4
3
L1 130 0
U2 585 0
L3 577 0
9
44 7
480 43
416 90
26 3
117 306
447 94
203 242
46 234
428 246
2 L1
22 L1
234 239 130 0
325 269 130 0
107 146 130 0
358 263 130 0
377 270 130 0
495 113 130 0
558 237 130 0
104 301 130 0
404 327 130 0
353 174 130 0
506 232 130 0
11 172 130 0
559 75 130 0
586 87 130 0
244 168 130 0
581 234 130 0
20 301 130 0
263 307 130 0
35 240 130 0
525 172 130 0
2 128 130 0
22 181 130 0
2 L3
22 L3
553 248 577 0
205 124 577 0
269 328 577 0
405 178 577 0
317 152 577 0
215 50 577 0
455 63 577 0
77 193 577 0
402 228 577 0
584 89 577 0
536 345 577 0
98 343 577 0
336 63 577 0
61 125 577 0
463 239 577 0
90 192 577 0
90 174 577 0
7 286 577 0
410 128 577 0
308 125 577 0
471 335 577 0
405 191 577 0
2 U2
585 0 520 107
585 0 28 100
22 U2
585 0 95 101
585 0 212 303
585 0 568 83
585 0 230 264
585 0 63 98
585 0 450 133
585 0 424 66
585 0 114 237
585 0 180 335
585 0 484 223
585 0 223 144
585 0 242 346
585 0 375 276
585 0 238 220
585 0 147 306
585 0 186 137
585 0 47 324
585 0 21 279
585 0 14 133
585 0 401 216
585 0 67 53
585 0 184 116
10
234 239 231 150
553 248 25 250
325 269 303 127
205 124 180 105
107 146 10 213
269 328 95 267
358 263 53 348
405 178 176 98
377 270 209 326
317 152 118 205
