3
4
L1 434 0
U2 407 0
L3 344 0
U4 199 0
16
132 298
497 66
281 349
502 212
551 14
46 258
132 296
120 10
433 196
581 346
477 288
199 181
195 100
270 205
582 245
592 173
1 L1
18 L1
250 135 434 0
480 282 434 0
370 75 434 0
551 117 434 0
494 72 434 0
591 154 434 0
552 323 434 0
70 231 434 0
226 325 434 0
165 177 434 0
379 94 434 0
452 50 434 0
436 144 434 0
536 55 434 0
72 310 434 0
218 196 434 0
565 350 434 0
367 184 434 0
1 L3
18 L3
175 287 344 0
347 173 344 0
62 70 344 0
365 321 344 0
517 334 344 0
239 198 344 0
264 180 344 0
96 153 344 0
169 204 344 0
42 111 344 0
141 304 344 0
178 310 344 0
570 72 344 0
309 344 344 0
4 309 344 0
155 55 344 0
44 143 344 0
484 197 344 0
1 U2
407 0 29 281
18 U2
407 0 271 289
407 0 348 163
407 0 305 251
407 0 547 200
407 0 214 215
407 0 406 175
407 0 129 94
407 0 465 155
407 0 122 272
407 0 183 106
407 0 152 191
407 0 488 217
407 0 283 127
407 0 277 301
407 0 240 78
407 0 201 349
407 0 379 81
407 0 127 166
1 U4
199 0 18 156
18 U4
199 0 265 217
199 0 281 92
199 0 210 118
199 0 129 299
199 0 121 300
199 0 420 85
199 0 222 317
199 0 278 248
199 0 186 333
199 0 544 216
199 0 276 82
199 0 30 319
199 0 292 155
199 0 125 85
199 0 449 186
199 0 586 154
199 0 563 264
199 0 250 252
4
250 135 149 77
175 287 283 234
480 282 255 332
347 173 201 81
