4
5
L1 21 0
U2 529 0
L3 209 0
U4 310 0
L5 343 0
15
274 82
0 183
595 48
15 1
331 52
266 238
70 289
127 34
187 71
553 67
275 345
578 290
187 116
44 274
418 124
2 L1
18 L1
401 180 21 0
589 142 21 0
486 239 21 0
582 121 21 0
49 166 21 0
12 233 21 0
279 348 21 0
224 256 21 0
50 330 21 0
547 233 21 0
74 110 21 0
361 84 21 0
530 274 21 0
332 103 21 0
423 142 21 0
192 90 21 0
42 173 21 0
293 111 21 0
2 L3
18 L3
357 59 209 0
479 51 209 0
546 340 209 0
108 249 209 0
594 129 209 0
53 327 209 0
430 115 209 0
95 163 209 0
243 168 209 0
315 99 209 0
335 223 209 0
206 103 209 0
487 309 209 0
127 142 209 0
102 315 209 0
151 268 209 0
511 317 209 0
293 169 209 0
2 L5
18 L5
21 254 343 0
54 274 343 0
102 150 343 0
597 75 343 0
286 120 343 0
121 163 343 0
50 336 343 0
442 106 343 0
445 248 343 0
411 124 343 0
226 196 343 0
471 99 343 0
358 223 343 0
17 104 343 0
274 180 343 0
250 121 343 0
67 322 343 0
357 92 343 0
2 U2
529 0 402 73
529 0 443 111
18 U2
529 0 393 213
529 0 131 93
529 0 531 147
529 0 514 119
529 0 391 272
529 0 522 347
529 0 530 217
529 0 279 80
529 0 577 279
529 0 287 204
529 0 579 318
529 0 464 323
529 0 255 221
529 0 217 75
529 0 100 122
529 0 591 96
529 0 244 333
529 0 141 135
2 U4
310 0 410 263
310 0 273 138
18 U4
310 0 214 119
310 0 490 63
310 0 532 121
310 0 539 76
310 0 572 186
310 0 118 218
310 0 96 350
310 0 301 199
310 0 570 218
310 0 358 248
310 0 526 233
310 0 118 266
310 0 411 103
310 0 341 50
310 0 352 155
310 0 163 327
310 0 214 81
310 0 570 254
14
401 180 357 146
357 59 233 170
21 254 16 216
589 142 71 304
479 51 245 195
54 274 121 269
486 239 474 235
546 340 14 119
102 150 144 317
582 121 315 129
108 249 335 142
597 75 33 181
49 166 72 273
594 129 200 53
