3
5
L1 474 0
U2 376 0
L3 410 0
U4 437 0
L5 316 0
25
90 216
46 135
218 176
92 101
484 327
139 5
25 289
534 50
458 290
126 176
573 211
376 322
572 333
186 229
465 92
294 197
176 303
221 249
327 6
388 60
479 41
587 345
259 25
265 43
453 214
1 L1
14 L1
128 106 474 0
305 299 474 0
278 210 474 0
53 53 474 0
138 171 474 0
522 337 474 0
195 146 474 0
156 193 474 0
246 217 474 0
575 306 474 0
97 88 474 0
311 164 474 0
294 290 474 0
342 273 474 0
1 L3
14 L3
575 116 410 0
250 230 410 0
548 60 410 0
210 302 410 0
257 218 410 0
185 162 410 0
152 329 410 0
385 169 410 0
49 258 410 0
260 322 410 0
439 156 410 0
222 312 410 0
227 62 410 0
324 121 410 0
1 L5
14 L5
344 340 316 0
211 96 316 0
39 308 316 0
242 297 316 0
539 93 316 0
118 336 316 0
390 290 316 0
310 201 316 0
259 146 316 0
155 229 316 0
271 133 316 0
119 303 316 0
408 237 316 0
243 104 316 0
1 U2
376 0 220 218
14 U2
376 0 50 101
376 0 172 73
376 0 554 299
376 0 94 289
376 0 410 164
376 0 325 114
376 0 561 295
376 0 581 248
376 0 319 151
376 0 107 198
376 0 240 172
376 0 357 271
376 0 181 60
376 0 162 188
1 U4
437 0 498 275
14 U4
437 0 13 188
437 0 40 346
437 0 523 106
437 0 39 121
437 0 267 69
437 0 86 180
437 0 362 239
437 0 250 128
437 0 179 152
437 0 29 289
437 0 292 160
437 0 598 140
437 0 162 174
437 0 138 126
11
128 106 532 60
575 116 571 95
344 340 159 196
305 299 228 88
250 230 305 136
211 96 297 72
278 210 513 63
548 60 337 271
39 308 197 201
53 53 171 236
210 302 91 124
