5
4
L1 48 0
U2 525 0
L3 212 0
U4 61 0
20
278 298
290 105
596 203
561 30
594 293
435 161
355 248
354 25
449 50
487 348
193 149
495 248
328 221
458 212
513 329
449 1
105 348
441 73
251 167
447 32
2 L1
10 L1
147 181 48 0
352 194 48 0
363 239 48 0
207 117 48 0
272 72 48 0
579 277 48 0
120 217 48 0
581 293 48 0
203 280 48 0
517 286 48 0
2 L3
10 L3
241 161 212 0
349 278 212 0
304 295 212 0
78 52 212 0
519 243 212 0
379 302 212 0
329 138 212 0
268 323 212 0
113 300 212 0
583 169 212 0
2 U2
525 0 225 62
525 0 433 275
10 U2
525 0 484 185
525 0 105 279
525 0 347 149
525 0 402 255
525 0 286 124
525 0 528 268
525 0 511 162
525 0 172 87
525 0 232 297
525 0 307 263
2 U4
61 0 280 316
61 0 295 161
10 U4
61 0 515 295
61 0 531 262
61 0 70 258
61 0 298 327
61 0 444 119
61 0 515 188
61 0 50 281
61 0 431 326
61 0 175 139
61 0 507 116
4
147 181 504 144
241 161 415 260
352 194 222 229
349 278 580 239
