5
5
L1 186 0
U2 18 0
L3 388 0
U4 179 0
L5 313 0
15
20 231
93 257
156 344
27 218
101 175
375 292
235 43
579 43
249 332
419 6
546 216
40 170
255 80
267 262
6 42
2 L1
14 L1
23 261 186 0
135 261 186 0
528 316 186 0
491 204 186 0
343 110 186 0
383 309 186 0
402 59 186 0
173 322 186 0
80 102 186 0
123 245 186 0
430 109 186 0
130 224 186 0
456 101 186 0
407 341 186 0
2 L3
14 L3
563 156 388 0
343 97 388 0
559 132 388 0
33 86 388 0
510 225 388 0
88 297 388 0
72 124 388 0
193 249 388 0
248 146 388 0
428 207 388 0
447 125 388 0
569 119 388 0
269 158 388 0
129 60 388 0
2 L5
14 L5
437 231 313 0
223 321 313 0
210 337 313 0
225 175 313 0
290 53 313 0
300 173 313 0
141 71 313 0
567 131 313 0
4 324 313 0
451 324 313 0
260 77 313 0
429 302 313 0
489 176 313 0
494 195 313 0
2 U2
18 0 308 139
18 0 437 56
14 U2
18 0 485 262
18 0 208 296
18 0 481 106
18 0 51 144
18 0 263 226
18 0 573 219
18 0 80 249
18 0 400 237
18 0 591 321
18 0 415 68
18 0 428 314
18 0 572 292
18 0 562 72
18 0 536 337
2 U4
179 0 527 91
179 0 28 80
14 U4
179 0 372 92
179 0 99 254
179 0 120 233
179 0 127 232
179 0 129 196
179 0 569 325
179 0 425 344
179 0 347 188
179 0 526 203
179 0 94 72
179 0 446 164
179 0 493 204
179 0 571 282
179 0 180 118
7
23 261 569 270
563 156 105 153
437 231 455 75
135 261 593 188
343 97 327 161
223 321 411 340
528 316 155 134
