4
5
L1 71 0
U2 48 0
L3 111 0
U4 450 0
L5 135 0
20
486 339
547 97
40 274
426 32
241 8
557 305
257 251
560 173
18 213
382 259
107 84
88 22
46 17
30 247
383 46
191 314
478 332
215 285
576 208
91 57
2 L1
18 L1
191 253 71 0
203 167 71 0
538 74 71 0
463 336 71 0
226 324 71 0
398 183 71 0
322 320 71 0
482 176 71 0
242 269 71 0
499 324 71 0
150 159 71 0
178 67 71 0
508 176 71 0
523 111 71 0
539 105 71 0
595 119 71 0
273 340 71 0
453 159 71 0
2 L3
18 L3
114 111 111 0
173 59 111 0
521 94 111 0
274 115 111 0
142 126 111 0
340 319 111 0
228 216 111 0
496 95 111 0
515 199 111 0
116 161 111 0
390 210 111 0
218 313 111 0
265 131 111 0
381 133 111 0
186 232 111 0
298 233 111 0
293 343 111 0
575 56 111 0
2 L5
18 L5
170 291 135 0
486 130 135 0
413 166 135 0
347 151 135 0
273 222 135 0
436 215 135 0
3 191 135 0
133 92 135 0
58 222 135 0
121 206 135 0
299 319 135 0
339 258 135 0
77 234 135 0
234 209 135 0
542 332 135 0
144 326 135 0
164 165 135 0
209 139 135 0
2 U2
48 0 295 66
48 0 552 303
18 U2
48 0 221 50
48 0 356 238
48 0 183 344
48 0 268 95
48 0 254 343
48 0 136 278
48 0 562 314
48 0 508 55
48 0 456 200
48 0 418 230
48 0 430 268
48 0 10 151
48 0 168 96
48 0 24 210
48 0 180 245
48 0 97 304
48 0 185 179
48 0 579 137
2 U4
450 0 506 162
450 0 58 271
18 U4
450 0 555 221
450 0 120 138
450 0 521 250
450 0 99 106
450 0 404 310
450 0 242 166
450 0 84 306
450 0 519 190
450 0 363 155
450 0 87 127
450 0 104 156
450 0 267 241
450 0 401 293
450 0 154 224
450 0 92 281
450 0 397 191
450 0 596 263
450 0 524 181
9
191 253 419 183
114 111 141 304
170 291 149 133
203 167 265 185
173 59 374 240
486 130 278 269
538 74 442 98
521 94 388 85
413 166 251 152
