5
3
L1 238 0
U2 520 0
L3 195 0
9
247 219
61 209
476 72
286 94
321 31
411 247
330 188
463 304
598 300
2 L1
18 L1
139 233 238 0
562 337 238 0
478 118 238 0
493 75 238 0
63 152 238 0
99 186 238 0
263 118 238 0
457 145 238 0
197 335 238 0
157 299 238 0
42 216 238 0
357 58 238 0
362 218 238 0
299 159 238 0
283 267 238 0
277 309 238 0
521 274 238 0
45 123 238 0
2 L3
18 L3
600 325 195 0
554 150 195 0
10 129 195 0
46 80 195 0
540 224 195 0
582 196 195 0
284 78 195 0
582 214 195 0
492 278 195 0
373 268 195 0
228 267 195 0
69 189 195 0
200 317 195 0
373 83 195 0
300 294 195 0
174 275 195 0
144 246 195 0
397 70 195 0
2 U2
520 0 157 197
520 0 67 83
18 U2
520 0 231 230
520 0 118 225
520 0 203 227
520 0 31 57
520 0 54 234
520 0 251 197
520 0 4 316
520 0 256 117
520 0 335 175
520 0 213 115
520 0 71 187
520 0 551 304
520 0 390 176
520 0 490 336
520 0 305 152
520 0 401 77
520 0 475 347
520 0 486 51
9
139 233 75 220
600 325 115 161
562 337 152 279
554 150 472 305
478 118 104 288
10 129 93 256
493 75 333 90
46 80 502 102
63 152 591 267
