3
5
L1 491 0
U2 467 0
L3 353 0
U4 175 0
L5 571 0
15
396 162
182 144
490 221
582 200
219 330
598 18
192 340
125 218
241 98
525 330
292 23
145 241
36 45
249 56
258 211
1 L1
14 L1
249 346 491 0
48 253 491 0
439 186 491 0
305 124 491 0
12 343 491 0
169 208 491 0
573 281 491 0
164 333 491 0
184 137 491 0
585 301 491 0
250 275 491 0
16 299 491 0
580 279 491 0
576 70 491 0
1 L3
14 L3
246 310 353 0
463 79 353 0
439 278 353 0
126 215 353 0
2 223 353 0
331 202 353 0
258 265 353 0
391 291 353 0
395 172 353 0
447 266 353 0
324 303 353 0
46 272 353 0
536 302 353 0
295 248 353 0
1 L5
14 L5
259 320 571 0
88 77 571 0
291 117 571 0
582 171 571 0
430 301 571 0
46 236 571 0
173 89 571 0
412 253 571 0
534 347 571 0
372 114 571 0
473 335 571 0
442 71 571 0
9 76 571 0
594 291 571 0
1 U2
467 0 229 297
14 U2
467 0 180 171
467 0 254 160
467 0 7 97
467 0 194 77
467 0 102 324
467 0 151 233
467 0 285 190
467 0 110 259
467 0 455 246
467 0 469 232
467 0 459 278
467 0 379 51
467 0 140 236
467 0 368 343
1 U4
175 0 488 307
14 U4
175 0 523 170
175 0 292 316
175 0 559 348
175 0 88 166
175 0 63 287
175 0 122 284
175 0 486 114
175 0 361 255
175 0 386 166
175 0 397 96
175 0 428 335
175 0 472 302
175 0 108 57
175 0 10 283
7
249 346 133 162
246 310 456 78
259 320 287 253
48 253 136 348
463 79 513 52
88 77 401 200
439 186 270 273
