3
3
L1 552 0
U2 21 0
L3 112 0
9
72 281
461 10
533 264
173 226
581 249
516 287
216 337
374 292
249 289
1 L1
14 L1
355 162 552 0
538 151 552 0
411 81 552 0
482 99 552 0
469 63 552 0
548 227 552 0
19 67 552 0
115 89 552 0
320 349 552 0
581 344 552 0
136 241 552 0
12 82 552 0
413 320 552 0
265 259 552 0
1 L3
14 L3
80 246 112 0
258 282 112 0
103 329 112 0
139 279 112 0
113 271 112 0
41 162 112 0
168 211 112 0
51 59 112 0
432 65 112 0
526 310 112 0
495 263 112 0
57 174 112 0
43 158 112 0
517 312 112 0
1 U2
21 0 256 217
14 U2
21 0 89 153
21 0 250 122
21 0 574 297
21 0 517 124
21 0 381 228
21 0 425 50
21 0 323 270
21 0 83 116
21 0 214 237
21 0 593 93
21 0 211 241
21 0 191 277
21 0 90 129
21 0 223 110
5
355 162 389 145
80 246 420 171
538 151 415 233
258 282 405 186
411 81 556 143
