4
3
L1 434 0
U2 283 0
L3 119 0
15
362 260
515 322
106 253
248 251
422 112
10 338
17 221
195 232
224 277
112 246
21 332
150 226
538 94
448 59
305 304
2 L1
10 L1
420 291 434 0
287 167 434 0
335 182 434 0
325 226 434 0
303 299 434 0
422 303 434 0
228 164 434 0
234 189 434 0
188 209 434 0
170 56 434 0
2 L3
10 L3
226 136 119 0
425 116 119 0
215 337 119 0
199 286 119 0
598 118 119 0
415 223 119 0
314 124 119 0
550 221 119 0
258 125 119 0
353 209 119 0
2 U2
283 0 27 308
283 0 6 215
10 U2
283 0 153 173
283 0 261 155
283 0 304 109
283 0 155 87
283 0 41 196
283 0 534 328
283 0 463 117
283 0 472 162
283 0 470 274
283 0 53 319
3
420 291 572 79
226 136 439 173
287 167 277 52
