4
5
L1 573 0
U2 153 0
L3 314 0
U4 505 0
L5 288 0
25
206 139
342 106
99 10
398 292
169 68
154 211
215 295
528 240
31 201
102 127
32 179
33 274
306 289
280 323
389 139
362 137
545 128
149 349
401 182
277 320
389 65
193 348
389 270
216 160
359 255
2 L1
22 L1
209 298 573 0
569 252 573 0
63 314 573 0
10 290 573 0
325 147 573 0
286 222 573 0
467 307 573 0
454 243 573 0
474 134 573 0
148 90 573 0
519 107 573 0
174 96 573 0
402 133 573 0
447 50 573 0
559 288 573 0
526 322 573 0
433 140 573 0
230 50 573 0
288 164 573 0
52 126 573 0
150 200 573 0
162 287 573 0
2 L3
22 L3
454 251 314 0
206 134 314 0
331 108 314 0
545 311 314 0
13 134 314 0
394 82 314 0
276 255 314 0
132 290 314 0
548 81 314 0
185 198 314 0
402 274 314 0
487 220 314 0
519 271 314 0
323 177 314 0
291 102 314 0
556 74 314 0
494 54 314 0
133 54 314 0
559 63 314 0
10 193 314 0
202 134 314 0
160 58 314 0
2 L5
22 L5
145 265 288 0
362 113 288 0
306 220 288 0
589 233 288 0
355 123 288 0
338 211 288 0
370 67 288 0
188 62 288 0
527 151 288 0
258 148 288 0
103 133 288 0
547 242 288 0
404 318 288 0
98 146 288 0
562 69 288 0
353 216 288 0
519 76 288 0
103 312 288 0
2 59 288 0
272 195 288 0
10 261 288 0
80 220 288 0
2 U2
153 0 77 173
153 0 555 328
22 U2
153 0 95 315
153 0 169 247
153 0 311 66
153 0 138 149
153 0 473 292
153 0 61 69
153 0 238 155
153 0 390 160
153 0 84 64
153 0 504 332
153 0 386 311
153 0 7 83
153 0 269 242
153 0 214 172
153 0 106 254
153 0 0 328
153 0 367 170
153 0 406 170
153 0 238 216
153 0 11 286
153 0 83 117
153 0 164 69
2 U4
505 0 318 270
505 0 245 207
22 U4
505 0 357 249
505 0 200 64
505 0 393 99
505 0 514 141
505 0 407 118
505 0 462 308
505 0 596 122
505 0 357 66
505 0 150 239
505 0 308 83
505 0 584 109
505 0 250 226
505 0 333 285
505 0 499 308
505 0 39 65
505 0 526 179
505 0 439 133
505 0 349 240
505 0 205 72
505 0 380 223
505 0 11 262
505 0 210 326
11
209 298 525 311
454 251 43 143
145 265 261 187
569 252 324 195
206 134 529 67
362 113 3 184
63 314 398 77
331 108 50 325
306 220 285 233
10 290 328 148
545 311 183 232
