4
4
L1 44 0
U2 552 0
L3 103 0
U4 128 0
16
232 321
125 12
40 153
183 87
193 203
29 135
111 155
124 241
243 115
340 158
280 178
148 266
264 7
460 302
387 178
269 200
2 L1
10 L1
371 151 44 0
246 186 44 0
230 200 44 0
414 50 44 0
323 161 44 0
18 141 44 0
56 206 44 0
128 88 44 0
156 80 44 0
312 250 44 0
2 L3
10 L3
430 204 103 0
109 240 103 0
206 264 103 0
578 268 103 0
54 61 103 0
77 266 103 0
152 199 103 0
158 231 103 0
30 237 103 0
554 150 103 0
2 U2
552 0 456 154
552 0 299 213
10 U2
552 0 152 76
552 0 396 342
552 0 282 235
552 0 407 269
552 0 529 222
552 0 427 309
552 0 74 84
552 0 305 283
552 0 99 300
552 0 134 274
2 U4
128 0 325 305
128 0 41 146
10 U4
128 0 122 189
128 0 75 78
128 0 394 244
128 0 242 63
128 0 470 336
128 0 286 244
128 0 399 327
128 0 539 194
128 0 188 141
128 0 568 182
2
371 151 280 200
430 204 98 123
