4
3
L1 307 0
U2 476 0
L3 131 0
9
140 137
90 33
585 45
94 168
254 318
183 57
285 217
4 208
56 131
2 L1
14 L1
141 79 307 0
518 211 307 0
461 129 307 0
99 92 307 0
116 89 307 0
182 245 307 0
310 295 307 0
220 58 307 0
327 298 307 0
76 158 307 0
354 275 307 0
373 204 307 0
150 129 307 0
305 168 307 0
2 L3
14 L3
8 134 131 0
57 222 131 0
582 52 131 0
454 116 131 0
291 52 131 0
192 246 131 0
3 219 131 0
385 163 131 0
473 342 131 0
61 246 131 0
596 338 131 0
572 260 131 0
67 176 131 0
557 232 131 0
2 U2
476 0 431 339
476 0 245 83
14 U2
476 0 378 243
476 0 311 184
476 0 14 267
476 0 557 144
476 0 88 130
476 0 404 269
476 0 385 325
476 0 5 201
476 0 141 280
476 0 137 325
476 0 113 63
476 0 380 298
476 0 135 240
476 0 340 295
3
141 79 217 111
8 134 308 64
518 211 34 221
