3
3
L1 317 0
U2 401 0
L3 440 0
12
238 248
378 262
510 320
504 262
276 221
12 237
48 243
600 120
308 101
17 125
559 313
231 31
1 L1
22 L1
338 207 317 0
270 193 317 0
240 296 317 0
345 315 317 0
485 312 317 0
370 91 317 0
514 73 317 0
51 287 317 0
595 130 317 0
209 66 317 0
394 152 317 0
72 99 317 0
93 183 317 0
111 178 317 0
492 178 317 0
144 106 317 0
431 207 317 0
185 345 317 0
159 169 317 0
165 326 317 0
348 204 317 0
322 142 317 0
1 L3
22 L3
264 215 440 0
378 114 440 0
192 58 440 0
265 186 440 0
563 60 440 0
304 259 440 0
406 193 440 0
318 260 440 0
470 150 440 0
490 221 440 0
452 285 440 0
309 247 440 0
304 253 440 0
136 300 440 0
120 182 440 0
549 342 440 0
232 238 440 0
199 78 440 0
392 194 440 0
191 261 440 0
48 189 440 0
396 261 440 0
1 U2
401 0 331 58
22 U2
401 0 582 186
401 0 508 151
401 0 144 79
401 0 308 302
401 0 301 127
401 0 223 226
401 0 356 74
401 0 597 216
401 0 438 140
401 0 213 77
401 0 246 272
401 0 152 160
401 0 556 74
401 0 118 149
401 0 473 349
401 0 466 70
401 0 290 283
401 0 511 139
401 0 129 318
401 0 275 222
401 0 34 126
401 0 495 309
7
338 207 301 259
264 215 96 98
270 193 588 206
378 114 188 80
240 296 193 177
192 58 552 168
345 315 505 218
