3
4
L1 314 0
U2 82 0
L3 299 0
U4 556 0
20
212 188
561 271
28 248
89 46
452 273
244 14
282 346
30 36
178 16
109 66
461 236
510 256
477 242
472 144
548 186
13 100
316 126
83 85
5 185
494 230
1 L1
10 L1
37 100 314 0
170 273 314 0
509 249 314 0
444 160 314 0
398 99 314 0
427 102 314 0
456 191 314 0
458 350 314 0
86 291 314 0
313 55 314 0
1 L3
10 L3
38 267 299 0
203 306 299 0
549 192 299 0
445 290 299 0
273 205 299 0
192 153 299 0
571 213 299 0
297 331 299 0
150 293 299 0
184 154 299 0
1 U2
82 0 404 140
10 U2
82 0 564 259
82 0 544 55
82 0 334 97
82 0 279 233
82 0 283 66
82 0 239 350
82 0 377 273
82 0 253 220
82 0 588 207
82 0 578 300
1 U4
556 0 461 174
10 U4
556 0 318 235
556 0 389 50
556 0 440 326
556 0 9 342
556 0 395 59
556 0 409 334
556 0 554 96
556 0 424 215
556 0 76 340
556 0 372 66
6
37 100 495 334
38 267 80 88
170 273 102 309
203 306 475 336
509 249 532 63
549 192 333 217
