3
4
L1 296 0
U2 109 0
L3 4 0
U4 432 0
12
140 349
207 317
80 337
367 285
132 246
264 250
380 206
389 43
404 198
262 287
548 17
371 236
1 L1
18 L1
69 160 296 0
421 94 296 0
365 127 296 0
368 76 296 0
70 333 296 0
307 91 296 0
123 230 296 0
529 131 296 0
427 286 296 0
396 198 296 0
60 217 296 0
380 129 296 0
461 333 296 0
124 196 296 0
447 65 296 0
448 101 296 0
202 231 296 0
315 66 296 0
1 L3
18 L3
103 197 4 0
383 228 4 0
470 197 4 0
69 115 4 0
551 312 4 0
98 93 4 0
228 192 4 0
582 302 4 0
453 185 4 0
18 112 4 0
214 131 4 0
220 334 4 0
218 299 4 0
391 255 4 0
561 117 4 0
273 332 4 0
474 289 4 0
316 234 4 0
1 U2
109 0 493 93
18 U2
109 0 597 206
109 0 330 177
109 0 385 275
109 0 174 91
109 0 143 168
109 0 132 116
109 0 181 104
109 0 8 262
109 0 463 240
109 0 264 300
109 0 107 161
109 0 479 156
109 0 197 264
109 0 531 103
109 0 312 141
109 0 360 94
109 0 204 162
109 0 64 108
1 U4
432 0 40 84
18 U4
432 0 64 55
432 0 558 298
432 0 2 275
432 0 373 290
432 0 311 208
432 0 263 172
432 0 242 259
432 0 307 161
432 0 251 86
432 0 547 318
432 0 390 264
432 0 594 50
432 0 293 208
432 0 289 173
432 0 14 189
432 0 199 262
432 0 437 328
432 0 438 163
4
69 160 236 226
103 197 99 75
421 94 136 235
383 228 76 234
