3
3
L1 190 0
U2 577 0
L3 1 0
9
562 152
559 73
509 330
231 250
527 189
192 61
573 222
100 173
536 48
1 L1
18 L1
313 242 190 0
326 263 190 0
372 159 190 0
516 142 190 0
548 131 190 0
481 90 190 0
459 138 190 0
84 98 190 0
59 74 190 0
341 331 190 0
217 212 190 0
116 231 190 0
319 345 190 0
205 83 190 0
499 96 190 0
518 59 190 0
79 131 190 0
303 261 190 0
1 L3
18 L3
116 185 1 0
507 122 1 0
79 143 1 0
511 336 1 0
450 162 1 0
137 134 1 0
566 167 1 0
565 164 1 0
101 244 1 0
254 207 1 0
375 142 1 0
138 304 1 0
580 194 1 0
503 229 1 0
598 306 1 0
341 251 1 0
100 221 1 0
326 345 1 0
1 U2
577 0 305 98
18 U2
577 0 383 113
577 0 266 164
577 0 45 199
577 0 491 291
577 0 150 249
577 0 214 341
577 0 267 64
577 0 252 149
577 0 161 164
577 0 199 335
577 0 100 240
577 0 41 348
577 0 88 350
577 0 489 205
577 0 162 137
577 0 437 321
577 0 391 309
577 0 561 57
9
313 242 81 112
116 185 307 218
326 263 279 234
507 122 66 296
372 159 40 323
79 143 288 105
516 142 3 323
511 336 536 262
548 131 59 285
