3
4
L1 198 0
U2 503 0
L3 6 0
U4 111 0
20
57 193
579 343
105 137
571 118
6 283
314 329
97 119
236 15
62 327
452 125
487 248
164 114
150 259
364 96
431 210
580 343
411 276
26 165
10 67
464 176
1 L1
22 L1
441 212 198 0
543 186 198 0
31 305 198 0
466 253 198 0
515 147 198 0
209 129 198 0
547 95 198 0
119 126 198 0
78 346 198 0
439 111 198 0
46 322 198 0
509 322 198 0
108 112 198 0
228 138 198 0
580 242 198 0
224 221 198 0
241 168 198 0
252 195 198 0
362 133 198 0
472 343 198 0
530 343 198 0
137 91 198 0
1 L3
22 L3
367 300 6 0
502 325 6 0
24 265 6 0
355 327 6 0
454 246 6 0
556 130 6 0
268 266 6 0
39 344 6 0
243 220 6 0
13 346 6 0
156 251 6 0
313 280 6 0
72 100 6 0
387 140 6 0
344 192 6 0
415 317 6 0
30 203 6 0
561 69 6 0
351 181 6 0
238 293 6 0
26 124 6 0
141 277 6 0
1 U2
503 0 427 313
22 U2
503 0 111 175
503 0 310 304
503 0 162 162
503 0 334 263
503 0 33 251
503 0 586 194
503 0 233 73
503 0 79 260
503 0 137 181
503 0 277 61
503 0 182 148
503 0 87 185
503 0 38 332
503 0 177 84
503 0 452 254
503 0 238 196
503 0 123 222
503 0 50 201
503 0 417 267
503 0 364 267
503 0 66 293
503 0 115 272
1 U4
111 0 358 59
22 U4
111 0 583 139
111 0 357 224
111 0 376 289
111 0 173 219
111 0 393 273
111 0 248 140
111 0 97 83
111 0 176 130
111 0 196 342
111 0 600 52
111 0 116 311
111 0 133 348
111 0 160 167
111 0 149 153
111 0 187 259
111 0 558 256
111 0 65 285
111 0 418 112
111 0 531 90
111 0 210 330
111 0 294 308
111 0 209 216
9
441 212 166 271
367 300 303 110
543 186 353 141
502 325 248 108
31 305 511 86
24 265 160 289
466 253 4 312
355 327 125 118
515 147 539 69
