3
4
L1 394 0
U2 476 0
L3 14 0
U4 486 0
20
208 16
85 129
452 127
399 225
556 111
516 44
201 191
43 90
254 215
508 339
528 88
511 340
514 313
524 349
174 146
92 135
242 19
445 312
94 181
449 96
1 L1
18 L1
575 297 394 0
27 52 394 0
65 71 394 0
515 335 394 0
593 109 394 0
213 239 394 0
548 286 394 0
291 276 394 0
257 343 394 0
302 58 394 0
89 300 394 0
24 306 394 0
365 89 394 0
177 256 394 0
520 65 394 0
79 276 394 0
346 86 394 0
376 132 394 0
1 L3
18 L3
185 176 14 0
309 293 14 0
378 222 14 0
86 85 14 0
414 81 14 0
336 265 14 0
386 348 14 0
93 51 14 0
60 200 14 0
409 116 14 0
589 196 14 0
592 306 14 0
536 264 14 0
83 306 14 0
220 258 14 0
4 190 14 0
368 217 14 0
161 68 14 0
1 U2
476 0 544 204
18 U2
476 0 230 68
476 0 160 72
476 0 191 180
476 0 311 189
476 0 317 325
476 0 40 121
476 0 6 211
476 0 525 205
476 0 221 81
476 0 109 85
476 0 327 224
476 0 14 191
476 0 55 322
476 0 33 52
476 0 331 59
476 0 125 177
476 0 181 64
476 0 413 211
1 U4
486 0 440 112
18 U4
486 0 562 119
486 0 214 108
486 0 127 138
486 0 71 247
486 0 460 79
486 0 177 115
486 0 267 155
486 0 49 303
486 0 477 239
486 0 561 149
486 0 504 204
486 0 218 303
486 0 307 239
486 0 583 236
486 0 28 194
486 0 143 152
486 0 264 319
486 0 93 272
8
575 297 505 307
185 176 309 246
27 52 454 302
309 293 45 51
65 71 410 296
378 222 490 196
515 335 479 87
86 85 73 265
