3
6
L1 130 0
U2 564 0
L3 377 0
U4 160 0
L5 288 0
U6 239 0
30
518 110
302 146
231 344
286 54
496 123
106 89
537 321
239 102
449 27
157 226
597 275
516 27
542 21
132 127
75 283
70 48
0 231
462 177
336 335
488 51
26 191
11 143
7 170
15 347
124 287
320 210
349 91
247 71
177 123
372 144
1 L1
22 L1
383 323 130 0
494 264 130 0
298 65 130 0
66 276 130 0
218 255 130 0
110 275 130 0
287 163 130 0
206 313 130 0
51 105 130 0
138 178 130 0
332 305 130 0
290 310 130 0
342 308 130 0
366 261 130 0
209 343 130 0
314 94 130 0
431 239 130 0
389 264 130 0
480 122 130 0
508 117 130 0
106 277 130 0
5 87 130 0
1 L3
22 L3
16 186 377 0
228 197 377 0
166 111 377 0
551 220 377 0
471 91 377 0
163 139 377 0
97 121 377 0
367 81 377 0
511 104 377 0
193 244 377 0
279 112 377 0
257 338 377 0
372 241 377 0
443 314 377 0
153 302 377 0
553 175 377 0
209 207 377 0
50 214 377 0
113 322 377 0
279 105 377 0
331 263 377 0
561 265 377 0
1 L5
22 L5
182 105 288 0
15 124 288 0
35 181 288 0
592 85 288 0
146 326 288 0
598 173 288 0
96 291 288 0
532 288 288 0
5 100 288 0
556 78 288 0
481 275 288 0
253 103 288 0
471 322 288 0
9 227 288 0
557 192 288 0
298 252 288 0
423 315 288 0
33 159 288 0
290 251 288 0
416 182 288 0
182 290 288 0
323 256 288 0
1 U2
564 0 391 252
22 U2
564 0 316 320
564 0 453 168
564 0 315 294
564 0 146 200
564 0 285 222
564 0 436 301
564 0 310 130
564 0 50 119
564 0 531 331
564 0 125 152
564 0 249 207
564 0 568 302
564 0 239 173
564 0 459 266
564 0 382 131
564 0 579 225
564 0 203 302
564 0 442 122
564 0 137 165
564 0 93 323
564 0 213 110
564 0 97 262
1 U4
160 0 569 236
22 U4
160 0 570 295
160 0 233 296
160 0 187 338
160 0 148 197
160 0 371 112
160 0 413 217
160 0 109 118
160 0 195 224
160 0 209 343
160 0 298 210
160 0 0 336
160 0 543 205
160 0 413 321
160 0 83 228
160 0 269 122
160 0 391 241
160 0 367 343
160 0 530 302
160 0 199 90
160 0 205 157
160 0 365 167
160 0 451 264
1 U6
239 0 236 246
22 U6
239 0 38 135
239 0 338 152
239 0 281 259
239 0 90 218
239 0 244 171
239 0 575 289
239 0 199 57
239 0 485 60
239 0 564 269
239 0 429 255
239 0 25 305
239 0 272 172
239 0 495 190
239 0 543 186
239 0 366 89
239 0 592 342
239 0 104 76
239 0 1 124
239 0 355 205
239 0 255 302
239 0 257 188
239 0 411 334
7
383 323 548 301
16 186 40 329
182 105 209 66
494 264 125 212
228 197 46 283
15 124 470 232
298 65 269 115
