4
5
L1 101 0
U2 46 0
L3 145 0
U4 58 0
L5 554 0
20
585 71
221 184
320 331
498 175
558 56
66 160
309 9
291 247
547 269
593 260
36 290
599 213
40 24
357 57
583 25
158 259
335 112
82 72
429 256
104 31
2 L1
22 L1
37 136 101 0
126 328 101 0
448 347 101 0
444 279 101 0
407 97 101 0
385 183 101 0
229 225 101 0
193 193 101 0
451 190 101 0
220 331 101 0
108 82 101 0
443 285 101 0
100 220 101 0
586 320 101 0
513 198 101 0
196 317 101 0
552 278 101 0
536 203 101 0
64 263 101 0
498 329 101 0
417 186 101 0
456 113 101 0
2 L3
22 L3
198 350 145 0
262 294 145 0
447 191 145 0
412 251 145 0
32 52 145 0
521 184 145 0
275 341 145 0
271 64 145 0
11 301 145 0
131 225 145 0
522 115 145 0
84 152 145 0
377 223 145 0
105 297 145 0
514 283 145 0
136 115 145 0
162 212 145 0
75 132 145 0
596 192 145 0
314 257 145 0
397 339 145 0
102 336 145 0
2 L5
22 L5
526 275 554 0
372 188 554 0
116 88 554 0
239 339 554 0
339 315 554 0
556 309 554 0
170 224 554 0
549 198 554 0
541 329 554 0
4 228 554 0
125 145 554 0
425 102 554 0
554 171 554 0
302 54 554 0
102 291 554 0
550 207 554 0
19 60 554 0
338 153 554 0
514 221 554 0
88 240 554 0
528 197 554 0
170 170 554 0
2 U2
46 0 434 227
46 0 93 58
22 U2
46 0 177 216
46 0 261 173
46 0 114 250
46 0 440 227
46 0 202 211
46 0 141 124
46 0 434 181
46 0 378 270
46 0 525 260
46 0 581 307
46 0 218 123
46 0 193 92
46 0 528 264
46 0 418 309
46 0 470 246
46 0 265 195
46 0 522 77
46 0 479 104
46 0 267 336
46 0 322 347
46 0 31 221
46 0 54 327
2 U4
58 0 448 207
58 0 144 252
22 U4
58 0 537 147
58 0 308 312
58 0 54 328
58 0 60 195
58 0 600 168
58 0 179 175
58 0 574 315
58 0 542 107
58 0 539 100
58 0 486 162
58 0 136 261
58 0 12 248
58 0 287 104
58 0 454 211
58 0 296 282
58 0 110 349
58 0 195 331
58 0 331 205
58 0 75 148
58 0 435 293
58 0 381 117
58 0 291 274
11
37 136 465 204
198 350 335 109
526 275 398 126
126 328 383 88
262 294 389 114
372 188 268 346
448 347 46 114
447 191 31 152
116 88 141 84
444 279 30 136
412 251 25 174
