5
5
L1 166 0
U2 315 0
L3 19 0
U4 173 0
L5 274 0
20
85 147
90 164
266 329
441 251
74 225
131 295
207 46
89 193
48 255
381 73
79 209
512 228
328 337
319 134
275 102
423 321
401 288
50 104
92 33
486 130
2 L1
22 L1
187 68 166 0
55 192 166 0
45 51 166 0
258 104 166 0
39 178 166 0
242 177 166 0
43 349 166 0
211 251 166 0
418 265 166 0
478 210 166 0
32 301 166 0
212 140 166 0
328 247 166 0
533 84 166 0
413 185 166 0
353 224 166 0
467 325 166 0
256 340 166 0
85 95 166 0
103 197 166 0
11 206 166 0
347 318 166 0
2 L3
22 L3
426 87 19 0
315 230 19 0
292 58 19 0
128 283 19 0
535 93 19 0
155 85 19 0
80 347 19 0
217 322 19 0
157 193 19 0
570 228 19 0
74 274 19 0
7 287 19 0
234 312 19 0
523 68 19 0
439 134 19 0
64 238 19 0
535 203 19 0
405 342 19 0
296 264 19 0
296 214 19 0
269 226 19 0
97 181 19 0
2 L5
22 L5
429 59 274 0
178 337 274 0
452 82 274 0
23 142 274 0
462 215 274 0
545 222 274 0
196 297 274 0
534 72 274 0
217 343 274 0
517 83 274 0
25 146 274 0
532 95 274 0
382 63 274 0
399 127 274 0
496 288 274 0
507 119 274 0
65 94 274 0
543 294 274 0
492 299 274 0
451 67 274 0
384 163 274 0
595 107 274 0
2 U2
315 0 515 187
315 0 33 304
22 U2
315 0 91 343
315 0 146 211
315 0 267 258
315 0 481 213
315 0 6 114
315 0 344 173
315 0 574 224
315 0 342 89
315 0 259 265
315 0 268 156
315 0 223 279
315 0 135 97
315 0 427 253
315 0 456 64
315 0 220 101
315 0 284 155
315 0 416 263
315 0 323 170
315 0 206 159
315 0 127 152
315 0 493 55
315 0 8 121
2 U4
173 0 482 100
173 0 247 288
22 U4
173 0 331 138
173 0 561 300
173 0 41 237
173 0 448 280
173 0 514 236
173 0 554 334
173 0 431 87
173 0 176 121
173 0 290 86
173 0 50 108
173 0 428 200
173 0 425 272
173 0 557 340
173 0 44 270
173 0 281 341
173 0 454 260
173 0 239 190
173 0 177 325
173 0 589 142
173 0 209 179
173 0 506 324
173 0 99 98
6
187 68 192 235
426 87 157 260
429 59 205 283
55 192 121 110
315 230 259 127
178 337 67 348
