3
6
L1 394 0
U2 313 0
L3 16 0
U4 304 0
L5 104 0
U6 530 0
24
226 14
455 247
548 139
345 21
473 29
47 158
332 259
60 131
589 52
125 256
323 202
292 347
412 213
490 4
322 277
246 16
486 86
415 175
18 146
417 159
257 261
455 317
552 338
507 201
1 L1
18 L1
436 260 394 0
283 100 394 0
433 285 394 0
281 53 394 0
427 221 394 0
181 232 394 0
539 344 394 0
130 323 394 0
172 274 394 0
257 65 394 0
101 295 394 0
556 87 394 0
174 200 394 0
151 239 394 0
74 136 394 0
453 109 394 0
348 51 394 0
381 232 394 0
1 L3
18 L3
82 91 16 0
68 104 16 0
591 242 16 0
506 125 16 0
225 148 16 0
32 288 16 0
190 230 16 0
217 238 16 0
553 290 16 0
542 312 16 0
312 347 16 0
308 245 16 0
517 123 16 0
304 70 16 0
405 252 16 0
103 324 16 0
215 89 16 0
306 126 16 0
1 L5
18 L5
204 213 104 0
501 81 104 0
56 129 104 0
281 130 104 0
234 274 104 0
361 112 104 0
415 115 104 0
79 183 104 0
247 307 104 0
159 335 104 0
327 201 104 0
110 165 104 0
228 232 104 0
443 180 104 0
8 322 104 0
581 111 104 0
459 344 104 0
380 104 104 0
1 U2
313 0 536 105
18 U2
313 0 542 177
313 0 408 246
313 0 220 170
313 0 437 194
313 0 11 300
313 0 355 250
313 0 579 201
313 0 471 347
313 0 155 115
313 0 536 209
313 0 231 107
313 0 261 311
313 0 466 159
313 0 545 118
313 0 115 55
313 0 179 119
313 0 50 234
313 0 368 260
1 U4
304 0 504 311
18 U4
304 0 453 270
304 0 284 53
304 0 52 332
304 0 71 153
304 0 310 93
304 0 187 328
304 0 314 295
304 0 415 125
304 0 295 141
304 0 571 346
304 0 482 314
304 0 512 339
304 0 254 130
304 0 559 322
304 0 192 162
304 0 234 148
304 0 254 75
304 0 434 213
1 U6
530 0 176 215
18 U6
530 0 415 64
530 0 549 60
530 0 120 292
530 0 369 298
530 0 469 241
530 0 316 246
530 0 45 59
530 0 587 252
530 0 237 154
530 0 398 136
530 0 136 336
530 0 504 173
530 0 312 194
530 0 509 156
530 0 580 319
530 0 421 190
530 0 57 186
530 0 348 269
17
436 260 398 200
82 91 295 197
204 213 17 120
283 100 525 285
68 104 66 283
501 81 45 277
433 285 585 115
591 242 483 224
56 129 585 60
281 53 22 103
506 125 380 77
281 130 143 108
427 221 177 104
225 148 389 207
234 274 469 101
181 232 258 100
32 288 552 232
