5
5
L1 503 0
U2 205 0
L3 514 0
U4 547 0
L5 279 0
25
337 8
524 315
174 216
335 217
479 348
575 346
560 198
280 130
509 204
546 95
176 331
491 81
505 137
156 139
227 81
563 319
159 64
573 157
101 249
500 98
108 206
195 178
334 20
161 12
130 61
2 L1
18 L1
159 155 503 0
543 268 503 0
353 137 503 0
120 129 503 0
76 182 503 0
484 221 503 0
249 307 503 0
467 233 503 0
112 310 503 0
297 326 503 0
33 240 503 0
160 233 503 0
352 85 503 0
597 198 503 0
203 171 503 0
462 151 503 0
277 142 503 0
348 58 503 0
2 L3
18 L3
226 298 514 0
307 159 514 0
290 129 514 0
314 278 514 0
493 218 514 0
174 281 514 0
488 309 514 0
284 147 514 0
160 342 514 0
340 58 514 0
80 296 514 0
376 275 514 0
130 331 514 0
298 141 514 0
45 204 514 0
251 281 514 0
387 54 514 0
518 317 514 0
2 L5
18 L5
496 286 279 0
205 330 279 0
278 258 279 0
288 57 279 0
418 78 279 0
566 147 279 0
568 350 279 0
89 77 279 0
537 131 279 0
428 289 279 0
17 168 279 0
100 119 279 0
567 139 279 0
449 247 279 0
467 328 279 0
221 350 279 0
421 95 279 0
402 156 279 0
2 U2
205 0 539 165
205 0 298 298
18 U2
205 0 477 291
205 0 524 327
205 0 470 55
205 0 497 145
205 0 85 144
205 0 226 50
205 0 56 173
205 0 167 235
205 0 428 107
205 0 200 309
205 0 95 251
205 0 383 225
205 0 580 297
205 0 412 181
205 0 397 224
205 0 351 258
205 0 361 325
205 0 27 103
2 U4
547 0 8 266
547 0 230 288
18 U4
547 0 292 321
547 0 540 346
547 0 546 137
547 0 272 240
547 0 15 208
547 0 346 105
547 0 117 71
547 0 526 228
547 0 162 220
547 0 454 55
547 0 243 129
547 0 335 322
547 0 288 155
547 0 146 53
547 0 15 150
547 0 495 267
547 0 580 52
547 0 362 102
9
159 155 68 124
226 298 236 267
496 286 428 236
543 268 124 209
307 159 239 211
205 330 114 191
353 137 282 230
290 129 208 108
278 258 437 262
