5
5
L1 22 0
U2 102 0
L3 144 0
U4 146 0
L5 259 0
15
145 261
278 205
186 303
194 327
342 164
425 212
478 64
244 247
424 209
24 215
319 26
186 332
136 259
164 5
287 154
2 L1
22 L1
19 198 22 0
313 257 22 0
52 326 22 0
154 100 22 0
163 248 22 0
48 296 22 0
547 214 22 0
321 203 22 0
239 282 22 0
482 64 22 0
185 78 22 0
521 78 22 0
95 280 22 0
512 133 22 0
256 142 22 0
238 227 22 0
438 220 22 0
507 178 22 0
386 315 22 0
509 285 22 0
591 173 22 0
268 293 22 0
2 L3
22 L3
571 94 144 0
308 340 144 0
327 316 144 0
546 287 144 0
359 97 144 0
30 191 144 0
462 212 144 0
51 76 144 0
483 181 144 0
453 349 144 0
29 75 144 0
71 277 144 0
2 183 144 0
67 204 144 0
348 295 144 0
494 219 144 0
252 147 144 0
290 306 144 0
118 146 144 0
196 285 144 0
364 146 144 0
583 151 144 0
2 L5
22 L5
227 126 259 0
521 197 259 0
370 64 259 0
493 203 259 0
496 274 259 0
46 218 259 0
388 109 259 0
257 62 259 0
128 309 259 0
590 172 259 0
478 65 259 0
362 103 259 0
168 276 259 0
191 267 259 0
188 162 259 0
75 199 259 0
363 109 259 0
169 349 259 0
538 97 259 0
513 335 259 0
62 337 259 0
16 116 259 0
2 U2
102 0 276 230
102 0 190 104
22 U2
102 0 299 274
102 0 441 95
102 0 380 56
102 0 514 221
102 0 467 70
102 0 134 97
102 0 563 62
102 0 241 291
102 0 218 201
102 0 227 108
102 0 19 163
102 0 109 91
102 0 467 68
102 0 302 335
102 0 545 193
102 0 493 341
102 0 403 304
102 0 410 130
102 0 156 181
102 0 227 264
102 0 470 212
102 0 197 117
2 U4
146 0 318 118
146 0 301 311
22 U4
146 0 230 133
146 0 576 196
146 0 494 200
146 0 105 319
146 0 490 322
146 0 224 289
146 0 108 338
146 0 236 126
146 0 333 88
146 0 39 328
146 0 162 238
146 0 504 168
146 0 382 219
146 0 585 267
146 0 77 178
146 0 48 203
146 0 92 94
146 0 256 313
146 0 93 306
146 0 487 186
146 0 202 192
146 0 178 131
17
19 198 487 94
571 94 467 143
227 126 493 338
313 257 184 234
308 340 307 61
521 197 564 211
52 326 395 250
327 316 447 266
370 64 253 96
154 100 451 211
546 287 432 281
493 203 50 174
163 248 285 166
359 97 296 127
496 274 418 129
48 296 72 190
30 191 307 115
