4
6
L1 443 0
U2 338 0
L3 132 0
U4 101 0
L5 257 0
U6 497 0
18
458 112
482 181
47 279
336 30
346 311
300 295
64 283
429 296
511 187
434 199
1 118
512 326
446 256
96 92
157 206
467 313
102 294
218 14
2 L1
18 L1
13 306 443 0
266 180 443 0
141 257 443 0
453 290 443 0
276 260 443 0
189 283 443 0
505 73 443 0
289 137 443 0
105 152 443 0
147 260 443 0
71 57 443 0
110 329 443 0
331 233 443 0
202 241 443 0
336 80 443 0
91 291 443 0
246 293 443 0
116 146 443 0
2 L3
18 L3
447 272 132 0
229 98 132 0
185 200 132 0
313 71 132 0
174 198 132 0
58 263 132 0
214 257 132 0
206 225 132 0
454 173 132 0
415 178 132 0
105 179 132 0
3 154 132 0
598 305 132 0
411 295 132 0
517 74 132 0
189 188 132 0
437 180 132 0
204 160 132 0
2 L5
18 L5
219 184 257 0
23 163 257 0
178 178 257 0
62 275 257 0
43 60 257 0
355 66 257 0
161 118 257 0
134 248 257 0
186 296 257 0
314 221 257 0
375 262 257 0
377 248 257 0
524 212 257 0
593 220 257 0
248 134 257 0
313 284 257 0
54 81 257 0
58 205 257 0
2 U2
338 0 28 315
338 0 6 187
18 U2
338 0 199 212
338 0 598 53
338 0 82 113
338 0 582 283
338 0 531 156
338 0 153 67
338 0 280 187
338 0 52 136
338 0 164 151
338 0 214 88
338 0 97 53
338 0 520 220
338 0 449 344
338 0 521 246
338 0 124 302
338 0 28 300
338 0 399 53
338 0 390 202
2 U4
101 0 364 79
101 0 402 53
18 U4
101 0 175 162
101 0 317 328
101 0 315 323
101 0 328 149
101 0 373 91
101 0 314 192
101 0 146 212
101 0 454 341
101 0 157 278
101 0 469 98
101 0 562 98
101 0 212 125
101 0 472 93
101 0 202 252
101 0 370 176
101 0 388 258
101 0 376 223
101 0 313 349
2 U6
497 0 468 324
497 0 167 51
18 U6
497 0 575 181
497 0 412 260
497 0 360 191
497 0 407 190
497 0 562 137
497 0 426 296
497 0 576 258
497 0 590 98
497 0 593 165
497 0 552 239
497 0 278 328
497 0 450 183
497 0 296 287
497 0 231 98
497 0 137 347
497 0 247 125
497 0 379 69
497 0 116 317
17
13 306 589 66
447 272 262 217
219 184 76 190
266 180 385 340
229 98 372 84
23 163 470 273
141 257 568 255
185 200 48 88
178 178 397 220
453 290 149 295
313 71 53 305
62 275 102 186
276 260 365 262
174 198 300 289
43 60 57 345
189 283 478 77
58 263 92 194
