4
4
L1 29 0
U2 567 0
L3 125 0
U4 248 0
12
529 78
176 191
103 318
486 107
552 113
123 253
414 173
261 37
311 173
337 303
150 191
57 323
2 L1
10 L1
249 323 29 0
175 201 29 0
513 219 29 0
352 57 29 0
33 158 29 0
227 173 29 0
582 199 29 0
425 329 29 0
356 221 29 0
455 125 29 0
2 L3
10 L3
361 332 125 0
315 305 125 0
106 159 125 0
58 318 125 0
299 93 125 0
3 308 125 0
573 128 125 0
408 304 125 0
325 235 125 0
87 334 125 0
2 U2
567 0 589 289
567 0 390 115
10 U2
567 0 556 184
567 0 298 104
567 0 7 295
567 0 113 193
567 0 399 163
567 0 280 109
567 0 138 341
567 0 149 333
567 0 182 324
567 0 482 223
2 U4
248 0 421 65
248 0 16 90
10 U4
248 0 164 231
248 0 3 161
248 0 547 193
248 0 544 262
248 0 347 212
248 0 120 165
248 0 516 276
248 0 489 178
248 0 72 124
248 0 335 257
6
249 323 433 242
361 332 553 169
175 201 592 204
315 305 165 268
513 219 376 149
106 159 92 62
