5
6
L1 418 0
U2 286 0
L3 298 0
U4 310 0
L5 556 0
U6 320 0
24
334 68
534 266
157 301
579 163
526 290
449 254
297 172
249 258
25 151
460 228
557 148
463 293
134 157
213 108
314 256
14 88
49 335
294 10
501 247
370 149
62 286
252 339
181 145
318 279
2 L1
22 L1
322 63 418 0
114 240 418 0
438 246 418 0
363 228 418 0
391 174 418 0
363 220 418 0
336 280 418 0
322 197 418 0
460 263 418 0
25 240 418 0
33 161 418 0
163 234 418 0
354 126 418 0
582 209 418 0
216 138 418 0
266 350 418 0
284 83 418 0
277 117 418 0
192 148 418 0
281 295 418 0
11 195 418 0
592 342 418 0
2 L3
22 L3
45 99 298 0
592 163 298 0
434 106 298 0
332 164 298 0
522 119 298 0
175 233 298 0
369 148 298 0
339 136 298 0
502 133 298 0
149 65 298 0
421 233 298 0
292 256 298 0
140 54 298 0
100 340 298 0
513 55 298 0
531 251 298 0
495 54 298 0
550 348 298 0
495 135 298 0
466 51 298 0
208 82 298 0
20 248 298 0
2 L5
22 L5
496 313 556 0
256 235 556 0
205 218 556 0
549 99 556 0
551 196 556 0
190 228 556 0
186 153 556 0
427 253 556 0
351 64 556 0
349 184 556 0
492 53 556 0
25 103 556 0
173 89 556 0
150 143 556 0
478 109 556 0
509 267 556 0
65 324 556 0
72 286 556 0
267 52 556 0
329 100 556 0
479 150 556 0
424 266 556 0
2 U2
286 0 452 161
286 0 370 168
22 U2
286 0 283 140
286 0 47 175
286 0 452 254
286 0 147 242
286 0 151 256
286 0 326 58
286 0 220 206
286 0 193 339
286 0 468 337
286 0 466 331
286 0 90 88
286 0 78 193
286 0 503 205
286 0 2 317
286 0 498 288
286 0 460 326
286 0 169 242
286 0 435 64
286 0 505 79
286 0 520 150
286 0 446 238
286 0 515 96
2 U4
310 0 313 241
310 0 445 349
22 U4
310 0 501 207
310 0 501 288
310 0 585 243
310 0 552 69
310 0 405 210
310 0 266 274
310 0 186 87
310 0 3 272
310 0 561 142
310 0 192 123
310 0 368 186
310 0 106 188
310 0 285 112
310 0 332 312
310 0 535 58
310 0 395 147
310 0 408 195
310 0 361 298
310 0 457 262
310 0 41 248
310 0 144 310
310 0 337 218
2 U6
320 0 155 177
320 0 76 303
22 U6
320 0 429 211
320 0 370 277
320 0 542 310
320 0 572 91
320 0 254 328
320 0 449 257
320 0 475 82
320 0 338 185
320 0 430 51
320 0 295 310
320 0 301 152
320 0 422 111
320 0 264 51
320 0 377 268
320 0 98 109
320 0 278 347
320 0 419 160
320 0 117 204
320 0 445 219
320 0 454 298
320 0 195 301
320 0 77 60
14
322 63 576 215
45 99 525 210
496 313 495 79
114 240 402 317
592 163 329 306
256 235 200 60
438 246 115 206
434 106 557 258
205 218 242 242
363 228 392 332
332 164 377 54
549 99 428 146
391 174 322 163
522 119 170 162
