5
6
L1 306 0
U2 295 0
L3 303 0
U4 333 0
L5 556 0
U6 379 0
30
185 244
79 255
313 147
94 240
470 106
236 85
454 132
142 258
162 308
14 78
488 173
65 151
388 139
74 314
398 278
522 100
324 35
398 288
518 145
243 121
18 236
486 155
178 137
103 337
377 239
160 133
28 92
78 304
332 214
32 268
2 L1
22 L1
287 76 306 0
462 325 306 0
598 320 306 0
393 90 306 0
182 340 306 0
258 206 306 0
557 83 306 0
484 343 306 0
505 164 306 0
80 83 306 0
148 345 306 0
154 184 306 0
32 145 306 0
445 316 306 0
136 111 306 0
394 280 306 0
553 289 306 0
157 149 306 0
404 293 306 0
303 143 306 0
483 299 306 0
579 188 306 0
2 L3
22 L3
94 72 303 0
104 195 303 0
533 107 303 0
519 162 303 0
323 349 303 0
289 133 303 0
492 322 303 0
289 112 303 0
544 256 303 0
71 122 303 0
369 174 303 0
445 237 303 0
524 280 303 0
241 185 303 0
137 243 303 0
215 207 303 0
177 92 303 0
418 191 303 0
481 285 303 0
124 197 303 0
594 88 303 0
187 304 303 0
2 L5
22 L5
563 91 556 0
554 241 556 0
179 301 556 0
238 258 556 0
440 121 556 0
500 145 556 0
266 274 556 0
18 300 556 0
166 146 556 0
464 88 556 0
266 86 556 0
296 163 556 0
364 122 556 0
151 276 556 0
464 183 556 0
599 161 556 0
421 316 556 0
385 324 556 0
149 288 556 0
143 192 556 0
131 265 556 0
491 191 556 0
2 U2
295 0 224 119
295 0 301 201
22 U2
295 0 215 326
295 0 587 238
295 0 420 236
295 0 169 56
295 0 150 129
295 0 339 163
295 0 542 262
295 0 136 159
295 0 307 267
295 0 146 237
295 0 448 238
295 0 521 187
295 0 111 190
295 0 13 60
295 0 214 185
295 0 243 244
295 0 446 99
295 0 542 305
295 0 192 118
295 0 58 161
295 0 596 74
295 0 40 339
2 U4
333 0 6 69
333 0 90 191
22 U4
333 0 552 212
333 0 244 345
333 0 380 326
333 0 306 125
333 0 163 333
333 0 161 112
333 0 268 178
333 0 203 259
333 0 487 272
333 0 525 106
333 0 425 235
333 0 109 69
333 0 513 235
333 0 197 145
333 0 497 196
333 0 588 122
333 0 8 315
333 0 517 90
333 0 265 120
333 0 160 300
333 0 442 293
333 0 84 189
2 U6
379 0 65 132
379 0 586 87
22 U6
379 0 393 85
379 0 305 271
379 0 137 323
379 0 152 164
379 0 503 288
379 0 72 291
379 0 191 195
379 0 50 97
379 0 118 229
379 0 419 86
379 0 303 344
379 0 492 124
379 0 209 283
379 0 166 339
379 0 237 120
379 0 190 339
379 0 19 350
379 0 296 120
379 0 386 234
379 0 212 187
379 0 118 228
379 0 81 234
7
287 76 539 215
94 72 500 117
563 91 340 255
462 325 176 280
104 195 365 272
554 241 52 62
598 320 203 335
