4
6
L1 511 0
U2 84 0
L3 400 0
U4 97 0
L5 307 0
U6 437 0
18
171 321
70 65
470 43
86 108
456 316
48 114
194 274
442 326
406 203
540 244
25 175
525 41
589 70
519 205
487 130
551 40
369 305
568 69
2 L1
14 L1
413 108 511 0
531 224 511 0
459 194 511 0
289 111 511 0
146 316 511 0
126 348 511 0
492 316 511 0
532 202 511 0
127 280 511 0
244 313 511 0
234 140 511 0
332 129 511 0
196 169 511 0
584 317 511 0
2 L3
14 L3
460 210 400 0
275 75 400 0
83 96 400 0
370 329 400 0
558 240 400 0
245 65 400 0
449 174 400 0
464 296 400 0
139 141 400 0
126 252 400 0
210 331 400 0
214 182 400 0
554 208 400 0
111 76 400 0
2 L5
14 L5
222 294 307 0
445 287 307 0
15 259 307 0
377 52 307 0
47 210 307 0
112 228 307 0
34 52 307 0
273 330 307 0
191 126 307 0
291 70 307 0
360 85 307 0
486 276 307 0
571 68 307 0
229 328 307 0
2 U2
84 0 11 284
84 0 247 162
14 U2
84 0 224 278
84 0 497 153
84 0 148 221
84 0 547 85
84 0 533 60
84 0 571 211
84 0 128 93
84 0 347 115
84 0 127 263
84 0 372 132
84 0 293 118
84 0 107 246
84 0 474 193
84 0 444 50
2 U4
97 0 50 111
97 0 213 206
14 U4
97 0 464 342
97 0 205 234
97 0 195 56
97 0 65 337
97 0 245 211
97 0 275 284
97 0 438 333
97 0 213 347
97 0 209 315
97 0 334 124
97 0 409 122
97 0 110 301
97 0 239 153
97 0 499 67
2 U6
437 0 14 236
437 0 445 162
14 U6
437 0 356 148
437 0 42 272
437 0 491 336
437 0 521 236
437 0 347 204
437 0 426 194
437 0 251 181
437 0 374 127
437 0 412 92
437 0 433 349
437 0 288 151
437 0 293 92
437 0 464 186
437 0 230 119
5
413 108 302 163
460 210 443 167
222 294 483 129
531 224 368 321
275 75 219 51
