3
5
L1 526 0
U2 535 0
L3 84 0
U4 470 0
L5 338 0
15
117 130
437 299
453 170
565 3
455 77
47 321
0 336
15 236
484 123
137 154
397 87
294 202
430 34
206 82
561 287
1 L1
18 L1
448 134 526 0
471 128 526 0
135 156 526 0
20 292 526 0
155 273 526 0
105 168 526 0
516 275 526 0
462 264 526 0
338 320 526 0
417 151 526 0
586 234 526 0
484 67 526 0
68 214 526 0
530 208 526 0
447 285 526 0
9 78 526 0
594 276 526 0
85 283 526 0
1 L3
18 L3
188 283 84 0
520 337 84 0
44 297 84 0
593 140 84 0
213 124 84 0
538 185 84 0
488 178 84 0
32 237 84 0
128 307 84 0
527 88 84 0
138 196 84 0
40 185 84 0
280 169 84 0
133 322 84 0
21 253 84 0
115 184 84 0
209 264 84 0
37 274 84 0
1 L5
18 L5
382 102 338 0
421 290 338 0
245 104 338 0
22 63 338 0
185 264 338 0
148 170 338 0
494 72 338 0
252 165 338 0
139 254 338 0
206 253 338 0
583 268 338 0
26 97 338 0
440 68 338 0
132 331 338 0
391 246 338 0
444 233 338 0
195 277 338 0
198 61 338 0
1 U2
535 0 471 213
18 U2
535 0 454 86
535 0 383 214
535 0 60 202
535 0 504 309
535 0 354 337
535 0 259 80
535 0 80 147
535 0 569 259
535 0 55 315
535 0 109 274
535 0 272 97
535 0 209 261
535 0 380 131
535 0 373 132
535 0 191 123
535 0 574 89
535 0 222 287
535 0 379 209
1 U4
470 0 153 96
18 U4
470 0 595 167
470 0 70 262
470 0 325 327
470 0 138 337
470 0 18 90
470 0 331 282
470 0 55 290
470 0 484 63
470 0 323 87
470 0 488 167
470 0 99 246
470 0 303 257
470 0 591 111
470 0 353 304
470 0 100 69
470 0 46 233
470 0 76 293
470 0 393 55
5
448 134 194 109
188 283 589 124
382 102 139 241
471 128 317 330
520 337 509 73
