5
4
L1 302 0
U2 117 0
L3 61 0
U4 322 0
20
62 195
372 254
372 315
206 6
427 103
202 52
524 231
163 293
529 297
127 194
417 259
476 225
524 288
272 100
416 100
132 311
473 195
394 248
359 208
260 349
2 L1
14 L1
163 69 302 0
382 331 302 0
385 196 302 0
281 239 302 0
196 283 302 0
142 112 302 0
311 204 302 0
421 342 302 0
376 257 302 0
238 273 302 0
354 198 302 0
69 222 302 0
217 340 302 0
111 95 302 0
2 L3
14 L3
150 157 61 0
264 273 61 0
422 162 61 0
234 83 61 0
476 308 61 0
356 344 61 0
387 106 61 0
144 343 61 0
424 141 61 0
470 230 61 0
24 303 61 0
177 282 61 0
347 206 61 0
319 182 61 0
2 U2
117 0 598 259
117 0 186 308
14 U2
117 0 411 153
117 0 476 57
117 0 25 198
117 0 212 346
117 0 521 133
117 0 563 250
117 0 184 184
117 0 68 167
117 0 475 273
117 0 287 333
117 0 30 73
117 0 504 294
117 0 306 349
117 0 202 165
2 U4
322 0 57 148
322 0 2 185
14 U4
322 0 206 227
322 0 123 156
322 0 407 103
322 0 310 172
322 0 45 117
322 0 52 83
322 0 404 186
322 0 401 188
322 0 386 77
322 0 255 185
322 0 253 60
322 0 250 217
322 0 355 250
322 0 578 50
9
163 69 359 256
150 157 567 174
382 331 333 299
264 273 462 345
385 196 284 154
422 162 71 191
281 239 207 210
234 83 71 187
196 283 590 146
