3
3
L1 69 0
U2 592 0
L3 398 0
9
481 215
98 314
207 301
128 240
479 310
499 239
189 234
246 12
153 179
1 L1
14 L1
520 102 69 0
313 262 69 0
194 63 69 0
299 128 69 0
406 237 69 0
553 270 69 0
13 175 69 0
39 280 69 0
145 326 69 0
558 71 69 0
396 91 69 0
426 302 69 0
54 54 69 0
179 341 69 0
1 L3
14 L3
248 140 398 0
374 280 398 0
390 247 398 0
159 186 398 0
45 112 398 0
129 300 398 0
442 335 398 0
156 82 398 0
342 255 398 0
124 277 398 0
54 150 398 0
431 288 398 0
3 175 398 0
277 245 398 0
1 U2
592 0 528 288
14 U2
592 0 438 143
592 0 0 155
592 0 514 98
592 0 212 72
592 0 329 101
592 0 394 250
592 0 595 272
592 0 342 201
592 0 379 199
592 0 26 216
592 0 366 203
592 0 1 101
592 0 488 106
592 0 183 218
3
520 102 4 138
248 140 50 208
313 262 64 276
