3
3
L1 453 0
U2 220 0
L3 502 0
15
207 90
310 50
369 207
528 85
55 161
279 269
229 5
32 138
461 72
92 13
522 217
319 210
539 293
283 114
262 339
1 L1
10 L1
225 74 453 0
72 224 453 0
172 299 453 0
264 139 453 0
412 89 453 0
600 220 453 0
98 269 453 0
457 291 453 0
291 125 453 0
246 74 453 0
1 L3
10 L3
292 257 502 0
96 344 502 0
319 249 502 0
587 135 502 0
459 109 502 0
557 156 502 0
447 194 502 0
306 329 502 0
582 342 502 0
57 131 502 0
1 U2
220 0 471 281
10 U2
220 0 495 244
220 0 416 54
220 0 405 321
220 0 339 313
220 0 228 290
220 0 588 184
220 0 410 186
220 0 114 240
220 0 353 177
220 0 354 117
2
225 74 361 253
292 257 495 289
