5
4
L1 567 0
U2 558 0
L3 332 0
U4 485 0
12
58 130
476 274
411 125
146 7
168 85
53 219
12 234
227 231
540 20
4 212
498 161
165 115
2 L1
18 L1
282 92 567 0
231 53 567 0
491 300 567 0
475 111 567 0
595 334 567 0
334 319 567 0
298 153 567 0
557 321 567 0
442 225 567 0
390 311 567 0
412 345 567 0
439 199 567 0
146 228 567 0
559 345 567 0
172 280 567 0
546 181 567 0
125 179 567 0
309 118 567 0
2 L3
18 L3
161 298 332 0
167 66 332 0
339 339 332 0
369 312 332 0
129 343 332 0
188 285 332 0
590 317 332 0
321 335 332 0
112 199 332 0
132 263 332 0
61 242 332 0
251 90 332 0
178 129 332 0
417 70 332 0
435 186 332 0
286 314 332 0
81 227 332 0
121 182 332 0
2 U2
558 0 131 217
558 0 328 248
18 U2
558 0 448 260
558 0 580 317
558 0 190 333
558 0 88 185
558 0 120 240
558 0 540 129
558 0 555 110
558 0 557 185
558 0 505 75
558 0 124 309
558 0 499 179
558 0 537 50
558 0 377 129
558 0 471 212
558 0 564 244
558 0 31 180
558 0 162 221
558 0 600 321
2 U4
485 0 8 120
485 0 34 302
18 U4
485 0 514 175
485 0 299 340
485 0 144 323
485 0 155 285
485 0 139 132
485 0 395 103
485 0 361 62
485 0 364 344
485 0 594 306
485 0 117 349
485 0 370 345
485 0 314 130
485 0 294 262
485 0 494 339
485 0 511 247
485 0 194 334
485 0 130 329
485 0 92 154
4
282 92 510 156
161 298 256 67
231 53 413 104
167 66 168 155
