4
5
L1 484 0
U2 459 0
L3 144 0
U4 568 0
L5 493 0
15
431 21
485 211
580 147
408 267
192 189
43 172
185 335
488 116
448 226
527 307
98 233
224 34
549 307
93 235
139 205
2 L1
18 L1
6 234 484 0
201 290 484 0
337 263 484 0
44 139 484 0
359 237 484 0
4 232 484 0
476 235 484 0
75 154 484 0
150 70 484 0
306 172 484 0
332 151 484 0
541 274 484 0
524 234 484 0
30 86 484 0
132 59 484 0
404 198 484 0
413 199 484 0
482 251 484 0
2 L3
18 L3
75 192 144 0
346 185 144 0
385 341 144 0
273 166 144 0
263 305 144 0
436 98 144 0
344 349 144 0
247 252 144 0
192 110 144 0
336 107 144 0
470 210 144 0
347 145 144 0
81 50 144 0
403 217 144 0
139 120 144 0
544 259 144 0
31 86 144 0
398 162 144 0
2 L5
18 L5
107 283 493 0
561 216 493 0
326 127 493 0
537 196 493 0
93 110 493 0
403 325 493 0
469 271 493 0
281 298 493 0
580 277 493 0
305 144 493 0
569 303 493 0
262 273 493 0
319 210 493 0
502 134 493 0
190 147 493 0
306 77 493 0
166 237 493 0
250 267 493 0
2 U2
459 0 267 166
459 0 361 279
18 U2
459 0 82 333
459 0 216 265
459 0 190 220
459 0 489 82
459 0 95 200
459 0 106 157
459 0 527 154
459 0 148 211
459 0 600 263
459 0 447 62
459 0 230 346
459 0 405 93
459 0 546 313
459 0 61 155
459 0 268 194
459 0 32 349
459 0 436 182
459 0 334 50
2 U4
568 0 542 243
568 0 528 258
18 U4
568 0 305 324
568 0 350 76
568 0 469 220
568 0 408 266
568 0 435 212
568 0 352 150
568 0 182 159
568 0 54 131
568 0 58 68
568 0 502 322
568 0 342 326
568 0 579 73
568 0 34 265
568 0 459 187
568 0 367 273
568 0 348 306
568 0 261 214
568 0 403 171
5
6 234 574 282
75 192 432 240
107 283 417 69
201 290 5 292
346 185 596 252
