5
5
L1 404 0
U2 201 0
L3 33 0
U4 360 0
L5 546 0
20
320 5
244 108
30 114
508 201
200 75
72 218
299 8
92 319
51 118
520 303
20 146
468 108
332 84
258 12
364 257
116 178
52 75
173 167
316 241
201 147
2 L1
10 L1
202 330 404 0
435 71 404 0
522 265 404 0
594 169 404 0
492 274 404 0
69 160 404 0
128 313 404 0
273 253 404 0
200 234 404 0
410 228 404 0
2 L3
10 L3
319 274 33 0
236 87 33 0
472 251 33 0
242 266 33 0
447 266 33 0
169 302 33 0
159 261 33 0
508 209 33 0
233 152 33 0
475 266 33 0
2 L5
10 L5
1 242 546 0
319 136 546 0
458 280 546 0
15 197 546 0
3 168 546 0
572 281 546 0
112 188 546 0
318 167 546 0
580 176 546 0
262 268 546 0
2 U2
201 0 331 261
201 0 244 72
10 U2
201 0 157 168
201 0 403 342
201 0 374 50
201 0 77 101
201 0 411 88
201 0 199 326
201 0 23 305
201 0 420 129
201 0 0 81
201 0 471 346
2 U4
360 0 34 129
360 0 298 345
10 U4
360 0 192 255
360 0 40 78
360 0 396 135
360 0 133 216
360 0 368 170
360 0 251 289
360 0 283 82
360 0 253 262
360 0 18 347
360 0 289 210
5
202 330 328 210
319 274 429 232
1 242 47 144
435 71 195 132
236 87 66 335
