4
4
L1 564 0
U2 141 0
L3 343 0
U4 14 0
12
281 68
51 24
50 194
15 149
256 241
122 197
257 298
217 347
446 214
278 169
203 51
391 123
2 L1
18 L1
314 347 564 0
555 306 564 0
162 313 564 0
320 287 564 0
79 62 564 0
487 246 564 0
466 258 564 0
8 333 564 0
576 332 564 0
262 177 564 0
190 264 564 0
575 136 564 0
110 107 564 0
166 223 564 0
235 200 564 0
380 182 564 0
137 71 564 0
239 88 564 0
2 L3
18 L3
546 233 343 0
533 238 343 0
121 105 343 0
475 219 343 0
202 119 343 0
242 139 343 0
526 288 343 0
110 224 343 0
474 275 343 0
195 285 343 0
161 256 343 0
37 56 343 0
85 308 343 0
41 207 343 0
440 307 343 0
474 348 343 0
471 137 343 0
7 197 343 0
2 U2
141 0 586 193
141 0 364 348
18 U2
141 0 335 188
141 0 357 147
141 0 359 101
141 0 192 263
141 0 396 334
141 0 594 249
141 0 178 310
141 0 200 248
141 0 452 210
141 0 356 163
141 0 112 317
141 0 441 225
141 0 144 297
141 0 477 211
141 0 53 151
141 0 591 307
141 0 104 343
141 0 153 226
2 U4
14 0 555 90
14 0 284 265
18 U4
14 0 369 240
14 0 585 112
14 0 82 157
14 0 542 61
14 0 151 66
14 0 544 346
14 0 591 174
14 0 430 229
14 0 550 262
14 0 559 327
14 0 144 148
14 0 238 133
14 0 327 122
14 0 244 141
14 0 416 194
14 0 441 115
14 0 12 325
14 0 211 196
11
314 347 372 216
546 233 73 222
555 306 198 247
533 238 54 199
162 313 92 297
121 105 432 211
320 287 113 157
475 219 350 218
79 62 77 159
202 119 27 99
487 246 272 180
