4
3
L1 573 0
U2 196 0
L3 483 0
15
235 278
102 286
545 252
129 247
36 82
180 52
208 47
229 185
445 193
283 210
396 215
94 300
204 290
257 92
518 244
2 L1
22 L1
119 102 573 0
72 113 573 0
382 99 573 0
513 84 573 0
226 61 573 0
375 290 573 0
315 130 573 0
19 63 573 0
406 215 573 0
92 261 573 0
402 129 573 0
2 159 573 0
576 342 573 0
566 282 573 0
563 136 573 0
27 59 573 0
47 122 573 0
339 119 573 0
248 245 573 0
577 267 573 0
519 124 573 0
0 280 573 0
2 L3
22 L3
101 252 483 0
32 333 483 0
445 168 483 0
570 185 483 0
309 238 483 0
320 80 483 0
163 140 483 0
19 169 483 0
322 252 483 0
271 95 483 0
141 115 483 0
61 84 483 0
550 234 483 0
506 301 483 0
194 201 483 0
272 55 483 0
443 273 483 0
7 291 483 0
116 155 483 0
565 206 483 0
328 330 483 0
213 287 483 0
2 U2
196 0 201 331
196 0 573 323
22 U2
196 0 405 312
196 0 534 89
196 0 425 338
196 0 73 247
196 0 195 187
196 0 588 61
196 0 260 145
196 0 94 50
196 0 212 172
196 0 330 131
196 0 538 222
196 0 370 244
196 0 182 189
196 0 13 69
196 0 245 165
196 0 305 283
196 0 282 129
196 0 62 54
196 0 584 91
196 0 454 283
196 0 337 104
196 0 234 177
4
119 102 282 109
101 252 244 145
72 113 227 96
32 333 31 90
