5
5
L1 355 0
U2 255 0
L3 408 0
U4 504 0
L5 458 0
15
211 32
316 176
387 245
3 249
236 314
193 27
247 77
164 173
431 108
74 52
27 310
557 321
238 311
282 216
587 64
2 L1
18 L1
350 288 355 0
129 101 355 0
494 165 355 0
346 258 355 0
98 115 355 0
287 182 355 0
301 194 355 0
31 325 355 0
113 276 355 0
61 97 355 0
87 53 355 0
1 60 355 0
458 172 355 0
398 133 355 0
66 130 355 0
287 250 355 0
480 82 355 0
141 193 355 0
2 L3
18 L3
295 136 408 0
402 179 408 0
239 306 408 0
514 164 408 0
118 101 408 0
100 248 408 0
587 87 408 0
400 83 408 0
593 117 408 0
350 343 408 0
272 116 408 0
385 88 408 0
207 107 408 0
427 140 408 0
533 118 408 0
464 223 408 0
351 267 408 0
248 292 408 0
2 L5
18 L5
538 159 458 0
191 220 458 0
543 215 458 0
442 55 458 0
337 342 458 0
90 92 458 0
2 128 458 0
481 112 458 0
260 333 458 0
367 214 458 0
206 325 458 0
343 209 458 0
258 134 458 0
48 312 458 0
407 139 458 0
359 344 458 0
79 314 458 0
366 67 458 0
2 U2
255 0 123 157
255 0 463 116
18 U2
255 0 347 105
255 0 462 147
255 0 121 283
255 0 204 241
255 0 79 260
255 0 135 196
255 0 374 302
255 0 164 335
255 0 590 54
255 0 477 95
255 0 314 167
255 0 198 99
255 0 557 253
255 0 262 350
255 0 305 343
255 0 519 117
255 0 506 104
255 0 314 229
2 U4
504 0 576 217
504 0 204 145
18 U4
504 0 492 183
504 0 546 57
504 0 371 242
504 0 92 78
504 0 130 335
504 0 552 194
504 0 194 219
504 0 281 85
504 0 376 210
504 0 248 274
504 0 196 285
504 0 15 243
504 0 491 334
504 0 241 308
504 0 79 206
504 0 443 156
504 0 200 153
504 0 388 77
9
350 288 256 223
295 136 475 241
538 159 62 119
129 101 123 287
402 179 133 282
191 220 459 227
494 165 272 249
239 306 438 283
543 215 200 126
