5
3
L1 89 0
U2 119 0
L3 375 0
9
204 259
559 134
183 331
195 245
190 331
439 278
116 34
60 39
114 325
2 L1
22 L1
107 245 89 0
478 143 89 0
321 81 89 0
52 61 89 0
116 81 89 0
517 232 89 0
477 205 89 0
62 345 89 0
376 329 89 0
250 298 89 0
495 88 89 0
553 258 89 0
117 241 89 0
134 168 89 0
227 319 89 0
61 299 89 0
245 307 89 0
394 94 89 0
89 128 89 0
132 134 89 0
256 300 89 0
406 204 89 0
2 L3
22 L3
310 81 375 0
245 91 375 0
211 288 375 0
445 325 375 0
451 335 375 0
449 57 375 0
313 163 375 0
129 222 375 0
96 207 375 0
163 291 375 0
453 181 375 0
76 191 375 0
57 116 375 0
423 322 375 0
244 154 375 0
14 92 375 0
125 305 375 0
128 69 375 0
276 116 375 0
449 61 375 0
88 235 375 0
368 341 375 0
2 U2
119 0 282 278
119 0 301 296
22 U2
119 0 6 185
119 0 505 71
119 0 377 217
119 0 243 119
119 0 129 310
119 0 44 163
119 0 477 228
119 0 477 64
119 0 292 162
119 0 290 341
119 0 220 237
119 0 591 292
119 0 511 310
119 0 370 210
119 0 152 232
119 0 236 155
119 0 304 313
119 0 26 153
119 0 153 337
119 0 505 261
119 0 244 313
119 0 20 156
7
107 245 392 148
310 81 303 248
478 143 469 207
245 91 488 208
321 81 193 279
211 288 446 292
52 61 115 289
