4
5
L1 386 0
U2 135 0
L3 342 0
U4 410 0
L5 533 0
15
46 15
357 35
205 100
572 75
418 57
441 88
335 303
313 188
308 252
248 231
307 217
327 5
523 315
188 288
544 30
2 L1
14 L1
72 52 386 0
146 75 386 0
494 327 386 0
514 348 386 0
489 167 386 0
340 77 386 0
63 208 386 0
434 313 386 0
163 140 386 0
463 54 386 0
115 235 386 0
583 139 386 0
352 158 386 0
28 138 386 0
2 L3
14 L3
4 214 342 0
542 344 342 0
450 172 342 0
502 111 342 0
540 51 342 0
184 154 342 0
422 77 342 0
325 267 342 0
544 289 342 0
28 193 342 0
128 178 342 0
224 141 342 0
352 287 342 0
567 225 342 0
2 L5
14 L5
343 177 533 0
176 108 533 0
2 265 533 0
598 273 533 0
326 165 533 0
392 253 533 0
131 109 533 0
225 154 533 0
527 192 533 0
330 88 533 0
240 179 533 0
552 318 533 0
21 184 533 0
115 150 533 0
2 U2
135 0 417 186
135 0 523 315
14 U2
135 0 453 99
135 0 209 333
135 0 432 211
135 0 211 101
135 0 592 296
135 0 229 279
135 0 366 286
135 0 252 314
135 0 7 82
135 0 4 72
135 0 559 276
135 0 586 114
135 0 240 302
135 0 543 186
2 U4
410 0 1 324
410 0 318 160
14 U4
410 0 164 83
410 0 546 188
410 0 92 149
410 0 540 302
410 0 493 181
410 0 395 82
410 0 73 220
410 0 102 338
410 0 307 303
410 0 567 132
410 0 58 228
410 0 323 205
410 0 47 296
410 0 401 280
11
72 52 294 202
4 214 354 104
343 177 134 277
146 75 392 233
542 344 424 150
176 108 412 271
494 327 256 129
450 172 511 212
2 265 343 91
514 348 73 87
502 111 280 285
