4
4
L1 281 0
U2 461 0
L3 153 0
U4 237 0
16
110 244
131 51
427 152
327 335
413 151
406 155
569 291
70 39
376 51
154 92
303 340
209 189
405 23
43 275
266 203
352 42
2 L1
14 L1
382 345 281 0
433 172 281 0
150 232 281 0
53 290 281 0
3 179 281 0
212 223 281 0
31 199 281 0
415 260 281 0
582 57 281 0
74 224 281 0
65 170 281 0
46 76 281 0
591 74 281 0
507 227 281 0
2 L3
14 L3
370 122 153 0
437 347 153 0
38 247 153 0
271 204 153 0
464 227 153 0
445 52 153 0
419 98 153 0
259 243 153 0
537 199 153 0
506 159 153 0
133 97 153 0
421 94 153 0
514 259 153 0
181 346 153 0
2 U2
461 0 37 110
461 0 586 66
14 U2
461 0 349 304
461 0 415 273
461 0 17 316
461 0 377 196
461 0 122 321
461 0 156 174
461 0 492 161
461 0 331 177
461 0 566 121
461 0 241 176
461 0 391 285
461 0 41 249
461 0 581 90
461 0 212 183
2 U4
237 0 523 243
237 0 413 252
14 U4
237 0 581 197
237 0 367 339
237 0 371 137
237 0 347 161
237 0 600 95
237 0 135 232
237 0 46 96
237 0 384 123
237 0 302 70
237 0 218 230
237 0 87 277
237 0 455 160
237 0 156 95
237 0 76 216
3
382 345 24 244
370 122 445 52
433 172 226 236
