5
3
L1 251 0
U2 595 0
L3 526 0
9
577 134
43 300
65 101
242 142
51 75
597 224
594 71
98 317
497 84
2 L1
18 L1
353 136 251 0
156 331 251 0
583 235 251 0
438 225 251 0
414 282 251 0
367 168 251 0
99 200 251 0
83 166 251 0
326 347 251 0
516 244 251 0
238 173 251 0
175 242 251 0
182 87 251 0
532 303 251 0
245 159 251 0
340 132 251 0
521 63 251 0
419 145 251 0
2 L3
18 L3
480 173 526 0
541 107 526 0
242 293 526 0
597 155 526 0
379 216 526 0
322 116 526 0
384 344 526 0
34 91 526 0
178 87 526 0
404 317 526 0
62 174 526 0
91 176 526 0
172 152 526 0
296 129 526 0
152 159 526 0
95 245 526 0
149 60 526 0
229 272 526 0
2 U2
595 0 446 341
595 0 585 337
18 U2
595 0 24 265
595 0 324 64
595 0 6 338
595 0 398 285
595 0 410 272
595 0 156 272
595 0 143 312
595 0 477 66
595 0 534 142
595 0 209 319
595 0 115 180
595 0 270 303
595 0 443 169
595 0 183 165
595 0 313 188
595 0 467 200
595 0 474 217
595 0 57 163
6
353 136 118 132
480 173 499 341
156 331 151 249
541 107 275 285
583 235 15 137
242 293 107 271
