4
5
L1 162 0
U2 42 0
L3 103 0
U4 522 0
L5 569 0
15
571 271
321 104
47 80
590 272
81 100
150 249
574 201
453 178
347 331
250 142
522 61
473 311
369 106
495 63
108 45
2 L1
10 L1
364 149 162 0
242 326 162 0
333 340 162 0
419 324 162 0
203 263 162 0
101 309 162 0
416 157 162 0
14 195 162 0
293 277 162 0
364 167 162 0
2 L3
10 L3
360 277 103 0
587 54 103 0
104 278 103 0
312 170 103 0
550 230 103 0
594 204 103 0
285 57 103 0
202 296 103 0
91 152 103 0
410 126 103 0
2 L5
10 L5
370 234 569 0
11 85 569 0
91 75 569 0
102 216 569 0
424 136 569 0
556 115 569 0
533 61 569 0
194 97 569 0
401 219 569 0
235 98 569 0
2 U2
42 0 3 121
42 0 320 179
10 U2
42 0 562 266
42 0 555 348
42 0 410 219
42 0 196 55
42 0 428 278
42 0 324 153
42 0 384 94
42 0 37 203
42 0 167 337
42 0 9 146
2 U4
522 0 91 132
522 0 291 333
10 U4
522 0 503 145
522 0 276 238
522 0 183 84
522 0 145 274
522 0 467 142
522 0 320 202
522 0 223 229
522 0 459 315
522 0 412 251
522 0 508 128
5
364 149 356 151
360 277 332 179
370 234 224 99
242 326 88 313
587 54 359 229
