5
5
L1 592 0
U2 407 0
L3 77 0
U4 278 0
L5 259 0
25
391 129
87 336
94 121
260 3
565 61
484 269
470 48
207 95
231 305
175 95
462 257
108 209
78 158
96 217
319 243
138 229
464 79
580 289
404 344
535 258
484 311
160 285
312 260
273 247
248 80
2 L1
22 L1
464 61 592 0
248 111 592 0
493 82 592 0
460 163 592 0
287 189 592 0
168 316 592 0
139 138 592 0
136 239 592 0
248 54 592 0
244 81 592 0
397 186 592 0
134 91 592 0
365 194 592 0
249 180 592 0
252 175 592 0
249 275 592 0
537 162 592 0
400 309 592 0
570 313 592 0
143 310 592 0
550 68 592 0
163 331 592 0
2 L3
22 L3
469 94 77 0
528 171 77 0
277 176 77 0
66 329 77 0
45 269 77 0
359 214 77 0
187 69 77 0
573 112 77 0
391 137 77 0
380 203 77 0
137 175 77 0
96 330 77 0
211 211 77 0
258 272 77 0
418 193 77 0
565 216 77 0
513 324 77 0
396 298 77 0
358 335 77 0
4 313 77 0
381 343 77 0
89 232 77 0
2 L5
22 L5
29 308 259 0
156 119 259 0
366 215 259 0
271 206 259 0
167 52 259 0
375 105 259 0
66 342 259 0
41 304 259 0
275 247 259 0
85 176 259 0
62 127 259 0
129 310 259 0
189 315 259 0
283 114 259 0
488 327 259 0
350 261 259 0
250 204 259 0
19 72 259 0
273 200 259 0
152 166 259 0
182 266 259 0
408 146 259 0
2 U2
407 0 193 198
407 0 89 213
22 U2
407 0 498 181
407 0 514 299
407 0 587 225
407 0 322 53
407 0 593 74
407 0 233 168
407 0 326 310
407 0 539 223
407 0 364 346
407 0 363 194
407 0 535 55
407 0 62 142
407 0 219 60
407 0 357 310
407 0 386 289
407 0 136 72
407 0 424 151
407 0 135 290
407 0 278 262
407 0 461 72
407 0 539 268
407 0 249 178
2 U4
278 0 331 222
278 0 146 305
22 U4
278 0 127 82
278 0 148 283
278 0 429 207
278 0 12 126
278 0 350 254
278 0 456 148
278 0 386 217
278 0 460 212
278 0 89 158
278 0 125 148
278 0 445 294
278 0 432 167
278 0 556 195
278 0 169 55
278 0 82 88
278 0 330 296
278 0 191 337
278 0 535 242
278 0 77 82
278 0 411 334
278 0 36 206
278 0 259 165
6
464 61 83 126
469 94 381 122
29 308 149 232
248 111 63 62
528 171 599 134
156 119 577 239
