3
6
L1 503 0
U2 422 0
L3 248 0
U4 74 0
L5 511 0
U6 10 0
30
203 224
235 11
6 326
120 308
369 193
71 107
347 191
226 9
573 62
284 4
67 81
476 0
510 21
514 113
15 158
213 4
428 229
102 199
439 147
551 316
111 231
19 290
505 48
563 342
284 67
213 123
319 82
275 312
374 98
376 209
1 L1
14 L1
559 150 503 0
523 279 503 0
446 246 503 0
591 74 503 0
539 125 503 0
261 255 503 0
191 76 503 0
209 204 503 0
114 205 503 0
355 320 503 0
351 317 503 0
147 326 503 0
578 349 503 0
48 293 503 0
1 L3
14 L3
332 204 248 0
166 271 248 0
9 189 248 0
223 255 248 0
416 90 248 0
253 151 248 0
495 256 248 0
99 262 248 0
313 157 248 0
513 86 248 0
42 286 248 0
417 197 248 0
282 122 248 0
488 144 248 0
1 L5
14 L5
551 52 511 0
184 176 511 0
145 78 511 0
193 322 511 0
170 233 511 0
529 288 511 0
246 205 511 0
495 163 511 0
512 94 511 0
92 59 511 0
533 127 511 0
162 220 511 0
552 328 511 0
361 328 511 0
1 U2
422 0 391 87
14 U2
422 0 64 97
422 0 50 329
422 0 313 303
422 0 401 249
422 0 584 288
422 0 544 140
422 0 77 152
422 0 339 87
422 0 130 335
422 0 499 198
422 0 355 345
422 0 22 303
422 0 405 215
422 0 183 102
1 U4
74 0 148 96
14 U4
74 0 58 164
74 0 398 235
74 0 348 277
74 0 145 218
74 0 111 134
74 0 521 317
74 0 181 211
74 0 267 70
74 0 516 319
74 0 71 114
74 0 598 77
74 0 422 136
74 0 319 147
74 0 260 316
1 U6
10 0 413 346
14 U6
10 0 135 75
10 0 207 137
10 0 517 52
10 0 457 171
10 0 307 241
10 0 227 55
10 0 328 140
10 0 244 187
10 0 208 285
10 0 413 196
10 0 190 171
10 0 425 205
10 0 116 116
10 0 254 155
9
559 150 175 302
332 204 273 311
551 52 44 337
523 279 564 57
166 271 365 340
184 176 188 319
446 246 596 232
9 189 187 341
145 78 159 324
