4
4
L1 598 0
U2 194 0
L3 71 0
U4 476 0
16
99 301
559 34
399 219
268 338
508 180
105 48
298 283
514 217
359 308
545 183
9 214
305 302
8 200
404 126
204 213
571 247
2 L1
18 L1
181 314 598 0
539 163 598 0
150 50 598 0
250 129 598 0
86 66 598 0
83 336 598 0
526 87 598 0
594 307 598 0
222 116 598 0
281 261 598 0
177 334 598 0
256 217 598 0
135 110 598 0
569 130 598 0
347 317 598 0
99 271 598 0
369 98 598 0
340 313 598 0
2 L3
18 L3
412 328 71 0
178 100 71 0
181 224 71 0
409 321 71 0
114 71 71 0
219 59 71 0
352 226 71 0
230 187 71 0
143 220 71 0
556 222 71 0
424 270 71 0
143 176 71 0
477 203 71 0
344 118 71 0
195 116 71 0
145 52 71 0
49 259 71 0
482 169 71 0
2 U2
194 0 43 246
194 0 66 172
18 U2
194 0 183 97
194 0 570 121
194 0 173 85
194 0 186 217
194 0 567 67
194 0 26 255
194 0 555 271
194 0 423 325
194 0 519 243
194 0 471 272
194 0 215 180
194 0 577 340
194 0 99 228
194 0 392 133
194 0 3 136
194 0 468 144
194 0 495 231
194 0 462 305
2 U4
476 0 241 344
476 0 552 104
18 U4
476 0 377 246
476 0 489 336
476 0 75 68
476 0 555 343
476 0 305 343
476 0 221 291
476 0 183 211
476 0 102 208
476 0 410 255
476 0 394 323
476 0 331 270
476 0 152 109
476 0 59 312
476 0 294 261
476 0 357 65
476 0 24 68
476 0 332 231
476 0 24 164
11
181 314 341 67
412 328 350 116
539 163 227 334
178 100 415 185
150 50 149 167
181 224 20 158
250 129 154 308
409 321 93 219
86 66 597 187
114 71 156 194
83 336 314 331
