3
3
L1 179 0
U2 207 0
L3 42 0
12
373 264
33 260
298 96
151 233
527 202
144 180
377 217
523 260
375 347
44 232
225 138
384 284
1 L1
22 L1
526 130 179 0
538 160 179 0
477 329 179 0
106 146 179 0
256 109 179 0
444 231 179 0
149 53 179 0
223 149 179 0
83 159 179 0
177 151 179 0
39 311 179 0
198 323 179 0
598 177 179 0
10 349 179 0
110 83 179 0
457 140 179 0
276 286 179 0
409 196 179 0
214 334 179 0
344 139 179 0
454 227 179 0
576 113 179 0
1 L3
22 L3
140 211 42 0
57 343 42 0
518 248 42 0
326 54 42 0
394 346 42 0
244 65 42 0
349 204 42 0
492 164 42 0
360 133 42 0
49 226 42 0
81 272 42 0
459 101 42 0
568 174 42 0
354 296 42 0
509 51 42 0
72 254 42 0
412 226 42 0
462 154 42 0
470 182 42 0
346 240 42 0
118 260 42 0
352 311 42 0
1 U2
207 0 30 241
22 U2
207 0 386 118
207 0 347 190
207 0 426 153
207 0 334 220
207 0 335 155
207 0 575 145
207 0 33 236
207 0 201 301
207 0 66 329
207 0 594 306
207 0 83 117
207 0 455 200
207 0 268 198
207 0 37 246
207 0 470 169
207 0 473 87
207 0 290 300
207 0 312 220
207 0 240 161
207 0 412 162
207 0 499 311
207 0 165 290
4
526 130 145 214
140 211 506 344
538 160 367 108
57 343 222 89
