3
3
L1 548 0
U2 333 0
L3 504 0
12
196 192
94 30
534 142
197 79
539 303
413 346
98 188
343 311
465 324
511 252
457 340
127 295
1 L1
14 L1
268 81 548 0
167 302 548 0
518 343 548 0
147 112 548 0
318 141 548 0
181 159 548 0
576 62 548 0
271 122 548 0
468 129 548 0
327 206 548 0
598 232 548 0
569 167 548 0
88 159 548 0
531 107 548 0
1 L3
14 L3
219 226 504 0
437 326 504 0
67 315 504 0
443 93 504 0
111 52 504 0
496 282 504 0
131 219 504 0
343 293 504 0
504 228 504 0
432 124 504 0
438 335 504 0
276 201 504 0
228 164 504 0
442 129 504 0
1 U2
333 0 227 153
14 U2
333 0 450 229
333 0 537 183
333 0 563 162
333 0 548 163
333 0 511 111
333 0 365 221
333 0 527 253
333 0 327 120
333 0 141 70
333 0 407 214
333 0 536 249
333 0 483 251
333 0 496 264
333 0 289 178
7
268 81 128 307
219 226 264 327
167 302 410 139
437 326 82 264
518 343 549 251
67 315 286 209
147 112 363 76
