5
5
L1 444 0
U2 181 0
L3 369 0
U4 126 0
L5 392 0
15
328 195
133 232
452 102
332 335
312 50
502 220
348 8
53 91
600 181
41 47
491 97
565 275
61 79
345 218
286 279
2 L1
10 L1
130 241 444 0
359 72 444 0
235 228 444 0
6 60 444 0
569 282 444 0
461 261 444 0
94 266 444 0
588 196 444 0
231 188 444 0
567 325 444 0
2 L3
10 L3
291 273 369 0
3 284 369 0
496 106 369 0
26 243 369 0
95 223 369 0
35 345 369 0
231 75 369 0
67 147 369 0
131 210 369 0
93 93 369 0
2 L5
10 L5
266 110 392 0
463 77 392 0
63 239 392 0
472 342 392 0
86 273 392 0
152 68 392 0
83 158 392 0
129 51 392 0
2 199 392 0
370 91 392 0
2 U2
181 0 501 158
181 0 586 121
10 U2
181 0 216 124
181 0 18 68
181 0 203 255
181 0 470 314
181 0 541 250
181 0 457 121
181 0 505 95
181 0 539 237
181 0 386 139
181 0 433 118
2 U4
126 0 97 136
126 0 299 281
10 U4
126 0 386 108
126 0 281 289
126 0 70 350
126 0 30 59
126 0 287 260
126 0 63 313
126 0 150 153
126 0 404 126
126 0 183 344
126 0 527 199
3
130 241 153 103
291 273 21 85
266 110 184 347
