4
5
L1 417 0
U2 551 0
L3 100 0
U4 436 0
L5 149 0
15
470 233
270 124
173 103
277 78
443 107
247 244
430 201
343 33
149 141
100 349
435 195
15 277
342 40
143 245
231 164
2 L1
14 L1
212 221 417 0
254 277 417 0
542 112 417 0
84 144 417 0
15 308 417 0
101 166 417 0
389 277 417 0
560 183 417 0
510 346 417 0
386 180 417 0
145 245 417 0
520 295 417 0
269 64 417 0
41 331 417 0
2 L3
14 L3
438 203 100 0
244 110 100 0
120 255 100 0
73 325 100 0
44 188 100 0
452 241 100 0
314 96 100 0
126 113 100 0
245 181 100 0
380 315 100 0
279 207 100 0
478 322 100 0
46 188 100 0
490 256 100 0
2 L5
14 L5
295 51 149 0
327 315 149 0
309 61 149 0
37 194 149 0
77 222 149 0
168 185 149 0
229 309 149 0
547 94 149 0
336 287 149 0
464 332 149 0
197 300 149 0
447 51 149 0
323 207 149 0
280 125 149 0
2 U2
551 0 548 203
551 0 523 127
14 U2
551 0 330 206
551 0 420 325
551 0 233 262
551 0 392 296
551 0 199 183
551 0 589 283
551 0 85 278
551 0 245 144
551 0 33 100
551 0 180 239
551 0 543 314
551 0 57 320
551 0 10 250
551 0 336 97
2 U4
436 0 31 53
436 0 145 336
14 U4
436 0 193 314
436 0 3 346
436 0 176 55
436 0 157 313
436 0 323 161
436 0 474 295
436 0 110 190
436 0 239 63
436 0 50 105
436 0 389 335
436 0 245 177
436 0 161 173
436 0 480 286
436 0 322 101
4
212 221 363 140
438 203 212 174
295 51 105 228
254 277 14 107
