3
5
L1 356 0
U2 61 0
L3 429 0
U4 284 0
L5 591 0
15
364 209
71 235
344 3
410 323
23 209
452 260
367 83
442 295
235 289
597 179
28 336
114 123
542 232
3 328
386 6
1 L1
10 L1
3 117 356 0
17 175 356 0
298 162 356 0
516 220 356 0
599 113 356 0
326 188 356 0
524 184 356 0
545 163 356 0
322 313 356 0
150 75 356 0
1 L3
10 L3
293 232 429 0
199 258 429 0
497 150 429 0
254 194 429 0
307 129 429 0
377 111 429 0
341 320 429 0
436 318 429 0
345 192 429 0
122 321 429 0
1 L5
10 L5
97 277 591 0
441 259 591 0
132 75 591 0
235 275 591 0
124 204 591 0
306 141 591 0
381 66 591 0
63 234 591 0
275 72 591 0
90 218 591 0
1 U2
61 0 420 220
10 U2
61 0 0 218
61 0 169 161
61 0 420 74
61 0 338 250
61 0 38 269
61 0 478 241
61 0 354 254
61 0 82 165
61 0 195 312
61 0 508 83
1 U4
284 0 139 238
10 U4
284 0 22 335
284 0 145 62
284 0 76 279
284 0 390 217
284 0 20 290
284 0 280 284
284 0 448 105
284 0 155 243
284 0 465 63
284 0 483 319
5
3 117 464 224
293 232 353 92
97 277 215 347
17 175 381 278
199 258 466 254
