3
5
L1 544 0
U2 139 0
L3 257 0
U4 542 0
L5 350 0
20
265 198
385 299
287 202
574 161
493 92
325 262
217 41
93 289
188 43
28 154
44 194
399 273
99 239
481 211
328 157
97 222
380 127
140 117
256 56
348 94
1 L1
14 L1
243 300 544 0
596 97 544 0
232 284 544 0
52 143 544 0
279 88 544 0
370 81 544 0
66 340 544 0
41 220 544 0
77 187 544 0
535 228 544 0
44 276 544 0
60 87 544 0
154 280 544 0
258 220 544 0
1 L3
14 L3
100 238 257 0
351 311 257 0
384 264 257 0
505 163 257 0
308 160 257 0
390 177 257 0
28 138 257 0
215 72 257 0
572 229 257 0
525 316 257 0
507 348 257 0
161 323 257 0
113 124 257 0
163 315 257 0
1 L5
14 L5
158 166 350 0
195 271 350 0
13 311 350 0
563 294 350 0
442 119 350 0
8 131 350 0
441 188 350 0
279 90 350 0
114 89 350 0
139 87 350 0
554 120 350 0
34 285 350 0
586 319 350 0
471 118 350 0
1 U2
139 0 511 96
14 U2
139 0 303 341
139 0 221 74
139 0 30 343
139 0 292 141
139 0 328 187
139 0 431 253
139 0 98 110
139 0 270 172
139 0 350 235
139 0 36 97
139 0 185 338
139 0 29 144
139 0 533 311
139 0 562 208
1 U4
542 0 21 306
14 U4
542 0 451 343
542 0 554 336
542 0 444 115
542 0 205 250
542 0 43 78
542 0 38 66
542 0 193 330
542 0 172 158
542 0 202 248
542 0 147 230
542 0 455 198
542 0 93 153
542 0 177 188
542 0 347 60
11
243 300 470 104
100 238 30 221
158 166 173 289
596 97 133 316
351 311 327 289
195 271 388 337
232 284 550 244
384 264 290 96
13 311 571 58
52 143 454 124
505 163 321 172
