4
6
L1 487 0
U2 56 0
L3 328 0
U4 146 0
L5 574 0
U6 525 0
18
86 285
562 34
268 255
112 26
504 297
116 319
49 215
394 193
340 258
226 123
152 104
399 220
351 166
526 183
80 272
398 56
215 226
593 319
2 L1
22 L1
112 235 487 0
262 67 487 0
35 343 487 0
469 264 487 0
71 322 487 0
160 123 487 0
521 147 487 0
112 63 487 0
136 134 487 0
268 307 487 0
88 190 487 0
465 140 487 0
560 307 487 0
469 232 487 0
338 235 487 0
263 303 487 0
580 228 487 0
221 293 487 0
124 188 487 0
68 196 487 0
495 69 487 0
28 260 487 0
2 L3
22 L3
407 303 328 0
314 103 328 0
167 113 328 0
268 194 328 0
411 205 328 0
228 146 328 0
550 185 328 0
375 90 328 0
432 189 328 0
325 90 328 0
205 130 328 0
28 134 328 0
375 204 328 0
128 143 328 0
482 272 328 0
451 172 328 0
13 161 328 0
425 209 328 0
238 225 328 0
3 197 328 0
536 332 328 0
536 59 328 0
2 L5
22 L5
366 273 574 0
473 183 574 0
18 126 574 0
503 67 574 0
189 306 574 0
416 57 574 0
407 103 574 0
427 302 574 0
277 333 574 0
524 120 574 0
414 201 574 0
358 289 574 0
352 96 574 0
254 154 574 0
516 119 574 0
444 50 574 0
373 181 574 0
339 301 574 0
438 338 574 0
192 193 574 0
132 201 574 0
67 124 574 0
2 U2
56 0 46 144
56 0 582 341
22 U2
56 0 24 300
56 0 524 344
56 0 241 188
56 0 409 309
56 0 243 172
56 0 46 223
56 0 412 193
56 0 276 343
56 0 340 199
56 0 335 224
56 0 451 140
56 0 34 240
56 0 535 221
56 0 550 77
56 0 365 121
56 0 187 269
56 0 20 179
56 0 166 226
56 0 235 303
56 0 568 193
56 0 582 232
56 0 219 142
2 U4
146 0 328 180
146 0 168 315
22 U4
146 0 209 228
146 0 538 100
146 0 487 79
146 0 52 337
146 0 186 148
146 0 266 229
146 0 486 144
146 0 488 245
146 0 568 191
146 0 87 209
146 0 413 345
146 0 270 91
146 0 139 98
146 0 524 240
146 0 117 82
146 0 188 311
146 0 428 333
146 0 274 61
146 0 89 56
146 0 580 156
146 0 9 220
146 0 100 151
2 U6
525 0 546 313
525 0 115 198
22 U6
525 0 343 189
525 0 180 187
525 0 335 87
525 0 320 214
525 0 321 92
525 0 167 295
525 0 594 115
525 0 116 262
525 0 4 187
525 0 561 275
525 0 289 292
525 0 422 301
525 0 230 175
525 0 368 64
525 0 549 343
525 0 402 167
525 0 190 140
525 0 577 307
525 0 159 96
525 0 538 191
525 0 42 247
525 0 397 294
7
112 235 400 208
407 303 438 173
366 273 400 196
262 67 513 219
314 103 388 240
473 183 110 229
35 343 210 205
