3
4
L1 88 0
U2 234 0
L3 306 0
U4 125 0
20
315 320
462 8
71 207
476 255
325 26
499 254
160 134
184 128
77 284
207 242
479 310
206 64
31 298
14 328
96 305
248 155
513 252
170 324
445 338
497 341
1 L1
10 L1
75 237 88 0
66 261 88 0
226 260 88 0
353 212 88 0
130 271 88 0
391 72 88 0
170 341 88 0
99 221 88 0
229 145 88 0
533 284 88 0
1 L3
10 L3
391 216 306 0
212 215 306 0
205 249 306 0
307 299 306 0
176 286 306 0
493 146 306 0
84 123 306 0
455 214 306 0
537 169 306 0
30 66 306 0
1 U2
234 0 444 285
10 U2
234 0 356 268
234 0 523 183
234 0 518 336
234 0 100 280
234 0 6 187
234 0 289 285
234 0 371 123
234 0 400 191
234 0 391 298
234 0 5 324
1 U4
125 0 205 130
10 U4
125 0 444 225
125 0 60 277
125 0 190 103
125 0 592 213
125 0 175 290
125 0 33 275
125 0 46 92
125 0 61 150
125 0 389 64
125 0 589 302
4
75 237 420 161
391 216 221 84
66 261 158 77
212 215 514 293
