4
4
L1 70 0
U2 231 0
L3 305 0
U4 503 0
16
198 191
199 235
388 98
152 283
241 95
469 133
294 78
126 40
402 317
529 37
411 273
441 201
334 105
519 319
233 123
385 244
2 L1
10 L1
432 187 70 0
526 238 70 0
189 94 70 0
594 52 70 0
385 167 70 0
157 272 70 0
150 266 70 0
427 150 70 0
131 158 70 0
153 140 70 0
2 L3
10 L3
77 242 305 0
487 244 305 0
446 79 305 0
286 284 305 0
522 113 305 0
152 164 305 0
340 80 305 0
23 331 305 0
472 197 305 0
89 255 305 0
2 U2
231 0 185 95
231 0 507 345
10 U2
231 0 404 253
231 0 2 70
231 0 402 147
231 0 377 95
231 0 206 177
231 0 445 76
231 0 579 189
231 0 197 328
231 0 510 90
231 0 537 292
2 U4
503 0 346 171
503 0 461 84
10 U4
503 0 445 290
503 0 261 319
503 0 251 340
503 0 109 253
503 0 45 327
503 0 299 80
503 0 559 317
503 0 138 317
503 0 104 70
503 0 152 61
4
432 187 122 253
77 242 39 302
526 238 383 332
487 244 466 289
