3
4
L1 515 0
U2 275 0
L3 389 0
U4 460 0
20
166 77
98 152
525 207
349 160
36 319
142 237
357 255
514 140
225 59
133 242
61 79
472 209
575 142
404 46
361 177
18 135
186 104
571 284
117 174
360 198
1 L1
10 L1
23 175 515 0
289 255 515 0
351 129 515 0
294 229 515 0
118 76 515 0
107 167 515 0
72 282 515 0
95 296 515 0
411 268 515 0
503 159 515 0
1 L3
10 L3
445 238 389 0
183 201 389 0
590 143 389 0
273 180 389 0
519 188 389 0
256 148 389 0
176 129 389 0
210 221 389 0
395 50 389 0
137 197 389 0
1 U2
275 0 68 213
10 U2
275 0 313 134
275 0 76 252
275 0 222 281
275 0 64 136
275 0 403 58
275 0 138 300
275 0 382 324
275 0 506 236
275 0 91 163
275 0 12 261
1 U4
460 0 69 101
10 U4
460 0 351 247
460 0 507 243
460 0 558 75
460 0 363 165
460 0 360 328
460 0 350 216
460 0 254 121
460 0 173 270
460 0 533 213
460 0 209 313
2
23 175 129 338
445 238 499 250
