5
3
L1 179 0
U2 320 0
L3 411 0
15
585 133
527 137
60 76
64 288
600 325
198 196
378 150
70 331
476 334
50 293
451 293
141 157
5 315
471 348
58 306
2 L1
10 L1
28 333 179 0
592 171 179 0
237 310 179 0
69 286 179 0
79 293 179 0
296 271 179 0
308 309 179 0
376 324 179 0
495 303 179 0
57 335 179 0
2 L3
10 L3
134 119 411 0
223 208 411 0
568 338 411 0
583 113 411 0
339 140 411 0
444 335 411 0
253 288 411 0
190 218 411 0
236 82 411 0
146 187 411 0
2 U2
320 0 421 117
320 0 564 185
10 U2
320 0 394 67
320 0 50 233
320 0 299 125
320 0 365 117
320 0 468 96
320 0 306 236
320 0 560 273
320 0 47 176
320 0 599 69
320 0 522 206
2
28 333 249 182
134 119 349 174
