4
6
L1 110 0
U2 463 0
L3 145 0
U4 249 0
L5 394 0
U6 453 0
18
34 42
490 55
150 168
449 342
302 76
222 298
259 134
548 141
211 312
429 237
566 204
187 194
488 35
357 305
15 155
363 283
581 334
303 209
2 L1
10 L1
156 211 110 0
516 313 110 0
483 266 110 0
389 341 110 0
346 264 110 0
231 256 110 0
575 262 110 0
382 53 110 0
420 191 110 0
286 101 110 0
2 L3
10 L3
281 154 145 0
223 229 145 0
546 172 145 0
295 195 145 0
375 252 145 0
284 345 145 0
309 300 145 0
372 170 145 0
56 186 145 0
371 340 145 0
2 L5
10 L5
301 231 394 0
174 84 394 0
370 156 394 0
454 78 394 0
166 289 394 0
242 102 394 0
277 143 394 0
470 324 394 0
554 217 394 0
149 314 394 0
2 U2
463 0 379 236
463 0 284 299
10 U2
463 0 499 157
463 0 584 348
463 0 321 118
463 0 119 294
463 0 219 250
463 0 420 287
463 0 539 82
463 0 103 331
463 0 435 99
463 0 23 267
2 U4
249 0 506 333
249 0 292 277
10 U4
249 0 161 85
249 0 413 233
249 0 294 202
249 0 98 73
249 0 319 216
249 0 34 235
249 0 598 171
249 0 389 78
249 0 517 297
249 0 189 213
2 U6
453 0 548 296
453 0 334 121
10 U6
453 0 446 189
453 0 523 50
453 0 114 224
453 0 89 345
453 0 576 134
453 0 476 170
453 0 486 232
453 0 441 85
453 0 378 308
453 0 546 247
3
156 211 399 183
281 154 487 314
301 231 378 82
