4
3
L1 323 0
U2 29 0
L3 566 0
15
483 158
128 198
311 161
474 157
320 338
324 117
342 328
228 160
126 200
84 275
329 95
199 142
587 147
147 99
333 296
2 L1
18 L1
489 300 323 0
398 275 323 0
217 109 323 0
112 275 323 0
216 290 323 0
0 313 323 0
299 183 323 0
431 208 323 0
430 337 323 0
111 336 323 0
455 295 323 0
35 301 323 0
413 207 323 0
47 186 323 0
575 194 323 0
508 138 323 0
343 150 323 0
371 311 323 0
2 L3
18 L3
124 171 566 0
44 132 566 0
169 73 566 0
490 197 566 0
330 308 566 0
202 232 566 0
528 258 566 0
112 178 566 0
105 123 566 0
303 208 566 0
482 130 566 0
33 282 566 0
273 136 566 0
349 104 566 0
395 55 566 0
511 301 566 0
38 298 566 0
128 321 566 0
2 U2
29 0 595 70
29 0 489 278
18 U2
29 0 219 299
29 0 302 165
29 0 409 261
29 0 104 186
29 0 285 315
29 0 215 64
29 0 140 104
29 0 52 233
29 0 169 193
29 0 31 127
29 0 185 80
29 0 505 260
29 0 197 264
29 0 379 209
29 0 418 151
29 0 444 205
29 0 287 166
29 0 297 142
9
489 300 94 258
124 171 67 69
398 275 470 309
44 132 456 318
217 109 95 270
169 73 523 332
112 275 267 117
490 197 436 331
216 290 399 61
