4
3
L1 198 0
U2 138 0
L3 106 0
15
17 92
199 3
199 291
124 336
490 204
437 260
28 282
105 179
582 193
506 54
465 289
225 100
519 301
143 87
435 281
2 L1
22 L1
250 226 198 0
222 141 198 0
249 286 198 0
193 189 198 0
574 149 198 0
205 138 198 0
397 218 198 0
459 122 198 0
597 275 198 0
325 160 198 0
78 250 198 0
26 78 198 0
567 329 198 0
154 244 198 0
6 302 198 0
99 184 198 0
445 306 198 0
43 194 198 0
364 240 198 0
143 272 198 0
331 214 198 0
385 159 198 0
2 L3
22 L3
360 67 106 0
167 269 106 0
546 233 106 0
499 156 106 0
91 104 106 0
19 104 106 0
519 213 106 0
9 145 106 0
220 209 106 0
332 350 106 0
525 338 106 0
503 307 106 0
281 272 106 0
390 227 106 0
248 186 106 0
16 138 106 0
169 118 106 0
213 139 106 0
100 268 106 0
586 257 106 0
467 340 106 0
232 251 106 0
2 U2
138 0 585 127
138 0 98 285
22 U2
138 0 396 113
138 0 473 348
138 0 160 234
138 0 128 168
138 0 262 131
138 0 487 61
138 0 256 219
138 0 310 327
138 0 553 196
138 0 558 268
138 0 429 246
138 0 329 195
138 0 539 175
138 0 438 159
138 0 99 150
138 0 599 208
138 0 92 120
138 0 278 330
138 0 347 266
138 0 299 192
138 0 484 90
138 0 50 275
10
250 226 432 289
360 67 408 123
222 141 114 286
167 269 196 178
249 286 257 62
546 233 488 211
193 189 57 263
499 156 565 229
574 149 64 225
91 104 513 258
