5
3
L1 312 0
U2 370 0
L3 466 0
9
77 214
203 162
456 8
458 187
457 194
21 90
317 80
338 309
495 104
2 L1
14 L1
242 76 312 0
245 183 312 0
301 277 312 0
396 255 312 0
389 97 312 0
484 322 312 0
108 298 312 0
419 283 312 0
86 129 312 0
225 141 312 0
30 261 312 0
105 108 312 0
283 187 312 0
561 313 312 0
2 L3
14 L3
456 265 466 0
0 236 466 0
54 210 466 0
482 115 466 0
349 246 466 0
363 285 466 0
136 335 466 0
363 68 466 0
202 186 466 0
558 215 466 0
555 61 466 0
229 219 466 0
558 300 466 0
63 330 466 0
2 U2
370 0 414 129
370 0 213 208
14 U2
370 0 586 226
370 0 41 328
370 0 157 123
370 0 598 179
370 0 280 201
370 0 430 251
370 0 538 173
370 0 138 322
370 0 518 319
370 0 539 207
370 0 245 117
370 0 312 285
370 0 426 51
370 0 472 178
3
242 76 223 240
456 265 552 206
245 183 292 214
