5
3
L1 280 0
U2 212 0
L3 284 0
12
350 324
112 9
48 61
441 197
517 48
366 249
193 96
189 282
456 270
374 177
63 138
511 275
2 L1
10 L1
194 329 280 0
588 190 280 0
101 246 280 0
164 204 280 0
173 78 280 0
520 212 280 0
224 299 280 0
479 300 280 0
569 186 280 0
138 154 280 0
2 L3
10 L3
424 112 284 0
57 105 284 0
37 194 284 0
512 116 284 0
279 298 284 0
312 338 284 0
419 93 284 0
86 90 284 0
543 269 284 0
413 108 284 0
2 U2
212 0 203 251
212 0 448 165
10 U2
212 0 256 165
212 0 52 323
212 0 286 322
212 0 366 129
212 0 80 319
212 0 590 115
212 0 58 243
212 0 438 109
212 0 300 248
212 0 228 246
2
194 329 183 140
424 112 141 62
