3
4
L1 257 0
U2 563 0
L3 96 0
U4 427 0
20
61 237
284 75
442 195
570 197
363 171
220 114
547 38
266 110
266 93
467 157
421 26
151 241
330 295
91 254
441 286
394 54
517 72
298 136
377 57
224 225
1 L1
14 L1
441 119 257 0
23 284 257 0
86 298 257 0
509 60 257 0
565 120 257 0
593 327 257 0
425 326 257 0
237 132 257 0
301 187 257 0
306 222 257 0
324 345 257 0
372 76 257 0
157 290 257 0
200 337 257 0
1 L3
14 L3
233 220 96 0
37 199 96 0
588 166 96 0
319 195 96 0
534 329 96 0
533 157 96 0
321 273 96 0
584 343 96 0
180 168 96 0
318 268 96 0
154 169 96 0
525 159 96 0
258 53 96 0
110 118 96 0
1 U2
563 0 20 211
14 U2
563 0 521 56
563 0 380 333
563 0 186 245
563 0 32 139
563 0 325 230
563 0 274 298
563 0 542 182
563 0 551 300
563 0 568 315
563 0 377 200
563 0 224 62
563 0 52 238
563 0 531 180
563 0 292 115
1 U4
427 0 346 261
14 U4
427 0 354 251
427 0 590 322
427 0 8 79
427 0 428 307
427 0 270 60
427 0 268 341
427 0 374 263
427 0 336 313
427 0 246 285
427 0 85 147
427 0 140 81
427 0 531 227
427 0 523 313
427 0 66 118
6
441 119 347 152
233 220 218 121
23 284 24 149
37 199 376 105
86 298 450 310
588 166 456 195
