3
6
L1 92 0
U2 150 0
L3 485 0
U4 401 0
L5 515 0
U6 177 0
30
441 125
62 232
592 172
266 102
408 96
96 334
372 256
350 138
227 195
248 267
118 229
181 154
399 303
430 194
228 174
253 261
249 32
375 66
152 142
351 119
163 37
314 112
81 154
452 311
147 310
597 105
439 41
589 105
505 187
253 218
1 L1
14 L1
197 347 92 0
237 126 92 0
582 291 92 0
476 91 92 0
27 56 92 0
429 339 92 0
161 252 92 0
588 226 92 0
515 220 92 0
142 147 92 0
265 67 92 0
248 228 92 0
371 216 92 0
473 194 92 0
1 L3
14 L3
59 169 485 0
239 111 485 0
389 94 485 0
554 188 485 0
16 113 485 0
239 207 485 0
261 345 485 0
538 338 485 0
297 339 485 0
562 148 485 0
14 95 485 0
108 145 485 0
465 301 485 0
4 335 485 0
1 L5
14 L5
198 86 515 0
75 189 515 0
541 333 515 0
321 196 515 0
393 223 515 0
110 225 515 0
321 236 515 0
171 58 515 0
187 137 515 0
327 164 515 0
226 168 515 0
119 188 515 0
476 198 515 0
542 203 515 0
1 U2
150 0 144 307
14 U2
150 0 0 177
150 0 598 302
150 0 237 199
150 0 34 323
150 0 469 166
150 0 436 347
150 0 524 100
150 0 512 224
150 0 391 227
150 0 469 283
150 0 95 183
150 0 517 308
150 0 430 210
150 0 412 330
1 U4
401 0 101 294
14 U4
401 0 139 208
401 0 454 122
401 0 348 203
401 0 586 146
401 0 530 117
401 0 498 329
401 0 412 131
401 0 285 69
401 0 92 308
401 0 527 178
401 0 551 206
401 0 340 224
401 0 368 322
401 0 58 78
1 U6
177 0 51 70
14 U6
177 0 54 339
177 0 25 105
177 0 28 232
177 0 138 154
177 0 7 187
177 0 163 272
177 0 543 252
177 0 51 285
177 0 155 341
177 0 25 235
177 0 62 135
177 0 541 68
177 0 287 220
177 0 18 289
5
197 347 308 296
59 169 471 55
198 86 143 198
237 126 408 307
239 111 588 58
