3
3
L1 530 0
U2 593 0
L3 328 0
12
427 117
519 208
415 322
330 95
156 16
178 260
448 190
367 128
538 72
495 114
417 240
317 157
1 L1
14 L1
533 219 530 0
1 308 530 0
259 282 530 0
512 60 530 0
79 185 530 0
84 130 530 0
299 50 530 0
389 187 530 0
202 270 530 0
562 57 530 0
592 166 530 0
119 118 530 0
591 164 530 0
482 260 530 0
1 L3
14 L3
303 179 328 0
503 187 328 0
441 324 328 0
186 120 328 0
1 216 328 0
191 281 328 0
179 83 328 0
283 186 328 0
275 76 328 0
463 342 328 0
143 70 328 0
428 281 328 0
341 69 328 0
568 70 328 0
1 U2
593 0 493 75
14 U2
593 0 310 104
593 0 193 228
593 0 171 271
593 0 419 205
593 0 470 237
593 0 523 119
593 0 400 271
593 0 92 345
593 0 288 306
593 0 248 164
593 0 28 121
593 0 264 229
593 0 560 58
593 0 69 76
5
533 219 290 166
303 179 271 170
1 308 198 204
503 187 408 328
259 282 415 275
