5
5
L1 10 0
U2 120 0
L3 442 0
U4 398 0
L5 457 0
25
77 283
136 195
352 155
217 77
249 23
81 190
224 27
189 166
212 268
381 98
268 46
596 254
131 145
200 349
280 89
321 49
66 239
194 301
560 193
473 67
183 76
117 217
46 26
139 86
355 248
2 L1
18 L1
530 125 10 0
488 70 10 0
151 322 10 0
583 304 10 0
5 195 10 0
267 176 10 0
215 259 10 0
207 287 10 0
56 203 10 0
501 270 10 0
321 270 10 0
239 299 10 0
394 145 10 0
54 159 10 0
328 315 10 0
429 306 10 0
129 58 10 0
313 126 10 0
2 L3
18 L3
245 349 442 0
552 270 442 0
531 206 442 0
319 87 442 0
341 176 442 0
475 68 442 0
310 219 442 0
174 199 442 0
413 203 442 0
454 183 442 0
438 327 442 0
189 335 442 0
202 317 442 0
232 173 442 0
551 180 442 0
236 135 442 0
20 123 442 0
541 86 442 0
2 L5
18 L5
222 106 457 0
472 139 457 0
573 191 457 0
451 299 457 0
487 152 457 0
13 350 457 0
175 75 457 0
35 134 457 0
31 186 457 0
322 185 457 0
553 243 457 0
465 112 457 0
224 255 457 0
299 119 457 0
407 131 457 0
556 286 457 0
364 204 457 0
75 118 457 0
2 U2
120 0 479 292
120 0 18 307
18 U2
120 0 107 190
120 0 432 183
120 0 381 274
120 0 556 104
120 0 266 228
120 0 578 79
120 0 254 245
120 0 125 237
120 0 563 260
120 0 344 335
120 0 82 329
120 0 461 182
120 0 32 287
120 0 18 90
120 0 293 260
120 0 346 275
120 0 312 267
120 0 9 171
2 U4
398 0 145 200
398 0 562 65
18 U4
398 0 121 70
398 0 174 148
398 0 513 250
398 0 352 290
398 0 430 187
398 0 461 223
398 0 549 258
398 0 228 52
398 0 346 221
398 0 203 341
398 0 165 90
398 0 476 50
398 0 367 197
398 0 5 315
398 0 319 223
398 0 252 343
398 0 429 239
398 0 58 206
5
530 125 101 178
245 349 404 295
222 106 181 253
488 70 598 137
552 270 461 128
