4
4
L1 443 0
U2 438 0
L3 578 0
U4 5 0
12
63 51
112 62
564 219
479 169
391 133
283 216
214 89
93 262
259 179
400 42
306 320
264 53
2 L1
22 L1
326 93 443 0
521 188 443 0
262 179 443 0
289 133 443 0
32 72 443 0
203 160 443 0
129 323 443 0
22 286 443 0
547 119 443 0
179 85 443 0
600 173 443 0
331 342 443 0
84 204 443 0
129 238 443 0
486 257 443 0
344 285 443 0
516 63 443 0
31 100 443 0
395 160 443 0
578 137 443 0
52 137 443 0
250 211 443 0
2 L3
22 L3
271 191 578 0
484 60 578 0
419 299 578 0
458 176 578 0
278 127 578 0
551 73 578 0
21 220 578 0
255 195 578 0
63 67 578 0
27 286 578 0
176 296 578 0
419 81 578 0
131 196 578 0
1 325 578 0
236 157 578 0
170 338 578 0
549 167 578 0
470 227 578 0
93 171 578 0
518 232 578 0
102 144 578 0
143 158 578 0
2 U2
438 0 486 262
438 0 271 189
22 U2
438 0 457 157
438 0 292 252
438 0 201 75
438 0 311 151
438 0 340 340
438 0 404 289
438 0 66 64
438 0 474 283
438 0 129 300
438 0 58 111
438 0 93 180
438 0 405 79
438 0 332 308
438 0 383 112
438 0 476 200
438 0 169 163
438 0 567 56
438 0 82 73
438 0 540 58
438 0 67 231
438 0 248 207
438 0 333 323
2 U4
5 0 114 51
5 0 593 161
22 U4
5 0 169 335
5 0 82 80
5 0 337 131
5 0 114 172
5 0 342 267
5 0 434 278
5 0 375 330
5 0 310 92
5 0 287 270
5 0 95 131
5 0 67 309
5 0 343 331
5 0 592 239
5 0 595 143
5 0 437 132
5 0 40 277
5 0 553 332
5 0 487 247
5 0 21 327
5 0 123 190
5 0 308 223
5 0 445 293
9
326 93 597 347
271 191 258 128
521 188 569 58
484 60 307 215
262 179 435 130
419 299 259 286
289 133 519 161
458 176 25 158
32 72 77 122
