4
5
L1 495 0
U2 442 0
L3 80 0
U4 454 0
L5 218 0
15
183 153
374 69
457 8
85 251
191 298
387 176
73 25
271 100
41 332
118 57
71 169
131 325
438 180
86 149
34 311
2 L1
22 L1
463 220 495 0
280 203 495 0
165 248 495 0
209 114 495 0
353 183 495 0
71 91 495 0
429 265 495 0
174 237 495 0
48 189 495 0
336 63 495 0
87 294 495 0
339 204 495 0
80 110 495 0
86 349 495 0
334 260 495 0
155 237 495 0
268 266 495 0
89 232 495 0
442 55 495 0
261 237 495 0
351 52 495 0
556 219 495 0
2 L3
22 L3
170 101 80 0
452 271 80 0
191 325 80 0
199 89 80 0
396 299 80 0
116 277 80 0
109 68 80 0
436 86 80 0
215 54 80 0
426 176 80 0
284 93 80 0
366 200 80 0
237 270 80 0
315 253 80 0
337 265 80 0
200 267 80 0
232 150 80 0
67 224 80 0
151 312 80 0
598 57 80 0
344 327 80 0
402 105 80 0
2 L5
22 L5
346 271 218 0
339 348 218 0
560 106 218 0
413 315 218 0
211 215 218 0
189 98 218 0
530 234 218 0
532 278 218 0
232 121 218 0
318 278 218 0
299 310 218 0
403 155 218 0
77 56 218 0
542 251 218 0
126 109 218 0
66 284 218 0
327 132 218 0
226 342 218 0
264 209 218 0
600 350 218 0
64 61 218 0
244 148 218 0
2 U2
442 0 173 335
442 0 52 198
22 U2
442 0 345 336
442 0 266 233
442 0 451 80
442 0 540 255
442 0 252 196
442 0 232 63
442 0 400 304
442 0 399 276
442 0 368 267
442 0 142 132
442 0 484 231
442 0 194 206
442 0 126 144
442 0 71 202
442 0 2 92
442 0 112 304
442 0 569 77
442 0 550 125
442 0 15 52
442 0 109 224
442 0 543 177
442 0 232 340
2 U4
454 0 78 60
454 0 82 76
22 U4
454 0 41 85
454 0 175 177
454 0 160 253
454 0 126 235
454 0 429 344
454 0 275 173
454 0 525 340
454 0 182 326
454 0 11 56
454 0 37 78
454 0 423 347
454 0 299 188
454 0 401 156
454 0 133 64
454 0 98 251
454 0 439 254
454 0 128 310
454 0 234 172
454 0 433 113
454 0 432 105
454 0 46 62
454 0 272 156
17
463 220 548 188
170 101 518 164
346 271 88 281
280 203 179 347
452 271 32 295
339 348 55 234
165 248 455 182
191 325 155 172
560 106 298 274
209 114 232 237
199 89 222 132
413 315 536 343
353 183 531 91
396 299 133 332
211 215 78 232
71 91 591 190
116 277 501 294
