5
4
L1 572 0
U2 456 0
L3 271 0
U4 567 0
12
332 284
519 98
160 219
102 207
401 53
123 298
476 156
309 157
318 278
508 239
571 339
17 263
2 L1
18 L1
518 78 572 0
418 152 572 0
515 114 572 0
570 102 572 0
285 321 572 0
407 204 572 0
14 53 572 0
358 312 572 0
173 112 572 0
191 305 572 0
165 296 572 0
218 314 572 0
384 94 572 0
347 311 572 0
170 325 572 0
545 299 572 0
541 317 572 0
370 255 572 0
2 L3
18 L3
332 280 271 0
395 170 271 0
252 255 271 0
134 344 271 0
270 159 271 0
388 332 271 0
282 143 271 0
320 303 271 0
503 51 271 0
588 242 271 0
534 194 271 0
104 197 271 0
327 266 271 0
132 273 271 0
459 229 271 0
565 73 271 0
587 180 271 0
403 138 271 0
2 U2
456 0 115 320
456 0 209 242
18 U2
456 0 88 268
456 0 113 254
456 0 360 64
456 0 233 253
456 0 199 247
456 0 20 199
456 0 163 294
456 0 118 113
456 0 262 205
456 0 463 278
456 0 373 242
456 0 284 191
456 0 171 294
456 0 92 73
456 0 240 274
456 0 8 312
456 0 245 213
456 0 27 186
2 U4
567 0 21 276
567 0 413 171
18 U4
567 0 467 169
567 0 436 141
567 0 589 108
567 0 149 236
567 0 80 310
567 0 189 235
567 0 576 210
567 0 145 108
567 0 40 50
567 0 469 174
567 0 420 294
567 0 550 240
567 0 92 163
567 0 458 297
567 0 164 335
567 0 65 169
567 0 356 155
567 0 204 74
8
518 78 530 332
332 280 406 176
418 152 25 240
395 170 2 290
515 114 58 288
252 255 33 295
570 102 518 284
134 344 16 78
