3
5
L1 499 0
U2 371 0
L3 355 0
U4 37 0
L5 8 0
15
88 158
303 338
163 258
473 145
88 20
501 291
143 214
128 228
543 270
80 169
404 206
204 196
13 101
537 264
416 96
1 L1
14 L1
297 89 499 0
178 181 499 0
273 125 499 0
289 235 499 0
123 332 499 0
520 323 499 0
523 70 499 0
83 323 499 0
235 329 499 0
67 301 499 0
61 180 499 0
265 343 499 0
383 339 499 0
33 98 499 0
1 L3
14 L3
306 322 355 0
369 237 355 0
525 243 355 0
391 305 355 0
399 105 355 0
495 214 355 0
206 137 355 0
557 216 355 0
439 89 355 0
93 216 355 0
281 301 355 0
332 55 355 0
296 280 355 0
158 92 355 0
1 L5
14 L5
121 110 8 0
275 280 8 0
217 210 8 0
393 329 8 0
433 244 8 0
566 170 8 0
441 295 8 0
525 87 8 0
207 83 8 0
286 279 8 0
316 207 8 0
57 298 8 0
40 202 8 0
239 213 8 0
1 U2
371 0 49 132
14 U2
371 0 546 107
371 0 125 125
371 0 317 257
371 0 84 294
371 0 583 164
371 0 89 344
371 0 522 331
371 0 0 263
371 0 111 269
371 0 246 269
371 0 583 162
371 0 328 244
371 0 388 245
371 0 409 141
1 U4
37 0 515 114
14 U4
37 0 45 220
37 0 286 323
37 0 362 249
37 0 411 305
37 0 370 292
37 0 314 58
37 0 594 198
37 0 386 142
37 0 572 236
37 0 158 260
37 0 37 212
37 0 576 211
37 0 326 193
37 0 592 166
11
297 89 432 166
306 322 398 328
121 110 187 116
178 181 357 136
369 237 49 222
275 280 287 180
273 125 176 76
525 243 50 178
217 210 410 143
289 235 58 316
391 305 309 244
