3
4
L1 37 0
U2 20 0
L3 342 0
U4 335 0
20
554 159
44 266
234 341
310 328
244 332
215 143
512 175
396 248
243 170
517 47
216 10
128 156
546 184
304 233
29 200
158 73
389 221
146 307
128 237
439 344
1 L1
18 L1
453 311 37 0
594 92 37 0
463 62 37 0
100 333 37 0
595 71 37 0
280 230 37 0
131 159 37 0
302 62 37 0
242 261 37 0
352 218 37 0
399 69 37 0
351 232 37 0
35 142 37 0
452 254 37 0
291 230 37 0
50 337 37 0
79 58 37 0
318 159 37 0
1 L3
18 L3
206 186 342 0
99 346 342 0
305 324 342 0
200 284 342 0
373 253 342 0
188 242 342 0
388 320 342 0
173 152 342 0
373 165 342 0
233 185 342 0
317 143 342 0
382 236 342 0
152 172 342 0
63 308 342 0
443 284 342 0
556 349 342 0
65 307 342 0
564 128 342 0
1 U2
20 0 152 168
18 U2
20 0 419 73
20 0 229 162
20 0 204 323
20 0 298 340
20 0 58 89
20 0 66 139
20 0 245 136
20 0 171 265
20 0 67 316
20 0 421 123
20 0 399 126
20 0 230 348
20 0 443 289
20 0 270 256
20 0 59 197
20 0 289 175
20 0 294 241
20 0 321 149
1 U4
335 0 47 130
18 U4
335 0 470 174
335 0 412 137
335 0 374 71
335 0 519 238
335 0 451 229
335 0 164 104
335 0 554 315
335 0 106 77
335 0 357 172
335 0 514 244
335 0 340 326
335 0 510 235
335 0 73 82
335 0 310 67
335 0 67 125
335 0 239 254
335 0 504 171
335 0 410 70
4
453 311 129 140
206 186 133 58
594 92 179 103
99 346 63 236
