3
3
L1 107 0
U2 347 0
L3 438 0
15
279 140
160 306
572 161
308 171
143 253
187 331
158 83
276 121
172 83
136 239
14 113
519 118
236 183
582 108
457 20
1 L1
10 L1
89 174 107 0
103 307 107 0
400 160 107 0
533 60 107 0
149 169 107 0
73 210 107 0
330 162 107 0
445 65 107 0
169 118 107 0
521 161 107 0
1 L3
10 L3
103 216 438 0
172 302 438 0
191 122 438 0
1 103 438 0
347 68 438 0
165 198 438 0
284 93 438 0
256 303 438 0
582 158 438 0
569 187 438 0
1 U2
347 0 37 151
10 U2
347 0 545 205
347 0 65 147
347 0 396 347
347 0 291 108
347 0 80 163
347 0 169 245
347 0 558 159
347 0 327 160
347 0 111 126
347 0 44 282
3
89 174 281 82
103 216 94 102
103 307 479 183
