4
6
L1 270 0
U2 521 0
L3 67 0
U4 264 0
L5 511 0
U6 470 0
24
26 138
155 264
19 116
543 312
600 227
482 208
265 11
160 181
167 112
18 148
34 65
350 5
152 250
485 207
382 81
246 322
528 207
361 310
288 335
0 189
226 321
224 166
521 240
312 247
2 L1
14 L1
298 219 270 0
586 174 270 0
487 243 270 0
388 133 270 0
525 285 270 0
534 94 270 0
351 275 270 0
182 197 270 0
438 297 270 0
71 204 270 0
50 66 270 0
99 160 270 0
323 225 270 0
93 93 270 0
2 L3
14 L3
111 116 67 0
400 186 67 0
76 244 67 0
502 172 67 0
87 348 67 0
269 140 67 0
482 131 67 0
523 67 67 0
475 240 67 0
318 187 67 0
489 311 67 0
516 307 67 0
57 123 67 0
229 175 67 0
2 L5
14 L5
126 275 511 0
138 126 511 0
437 238 511 0
511 57 511 0
143 153 511 0
102 161 511 0
325 137 511 0
321 339 511 0
271 110 511 0
591 129 511 0
136 304 511 0
362 93 511 0
266 268 511 0
471 147 511 0
2 U2
521 0 432 293
521 0 207 311
14 U2
521 0 393 125
521 0 481 56
521 0 471 58
521 0 269 254
521 0 294 172
521 0 251 315
521 0 332 288
521 0 450 341
521 0 488 334
521 0 368 79
521 0 76 287
521 0 393 138
521 0 596 205
521 0 359 160
2 U4
264 0 588 167
264 0 556 81
14 U4
264 0 510 69
264 0 499 120
264 0 300 240
264 0 480 63
264 0 21 328
264 0 591 89
264 0 389 206
264 0 282 262
264 0 433 257
264 0 100 199
264 0 503 123
264 0 146 317
264 0 560 85
264 0 169 320
2 U6
470 0 79 247
470 0 131 197
14 U6
470 0 421 259
470 0 472 319
470 0 363 52
470 0 232 184
470 0 306 123
470 0 268 268
470 0 216 269
470 0 29 84
470 0 328 219
470 0 231 197
470 0 264 75
470 0 446 172
470 0 362 141
470 0 319 288
5
298 219 269 294
111 116 66 131
126 275 574 152
586 174 70 51
400 186 421 267
