5
4
L1 188 0
U2 202 0
L3 482 0
U4 521 0
16
0 169
108 92
547 334
554 201
231 8
26 283
171 51
434 179
497 19
322 270
386 183
165 46
187 120
570 163
506 83
359 46
2 L1
18 L1
453 213 188 0
440 255 188 0
76 284 188 0
71 245 188 0
467 79 188 0
140 71 188 0
557 107 188 0
373 68 188 0
235 291 188 0
1 149 188 0
593 208 188 0
401 176 188 0
433 267 188 0
324 286 188 0
314 94 188 0
144 231 188 0
291 304 188 0
165 264 188 0
2 L3
18 L3
142 116 482 0
240 84 482 0
375 93 482 0
149 105 482 0
523 241 482 0
15 241 482 0
468 171 482 0
536 245 482 0
578 335 482 0
435 205 482 0
577 111 482 0
543 337 482 0
118 291 482 0
11 181 482 0
310 92 482 0
275 272 482 0
247 249 482 0
228 206 482 0
2 U2
202 0 79 245
202 0 236 116
18 U2
202 0 145 339
202 0 301 280
202 0 25 196
202 0 3 215
202 0 469 240
202 0 451 305
202 0 516 58
202 0 326 74
202 0 507 331
202 0 323 141
202 0 298 203
202 0 409 185
202 0 12 134
202 0 489 253
202 0 310 148
202 0 222 310
202 0 235 241
202 0 316 89
2 U4
521 0 597 184
521 0 267 207
18 U4
521 0 314 172
521 0 145 145
521 0 444 317
521 0 239 273
521 0 12 79
521 0 203 243
521 0 381 313
521 0 116 198
521 0 117 247
521 0 561 334
521 0 60 122
521 0 218 276
521 0 231 61
521 0 94 117
521 0 163 215
521 0 342 80
521 0 579 112
521 0 593 273
8
453 213 440 62
142 116 285 270
440 255 220 228
240 84 517 209
76 284 139 84
375 93 490 225
71 245 575 343
149 105 215 290
