5
5
L1 438 0
U2 4 0
L3 29 0
U4 164 0
L5 569 0
20
381 197
398 267
217 41
31 0
38 284
344 262
242 318
19 170
75 344
229 57
230 344
206 246
190 275
242 256
79 207
73 127
321 302
512 209
525 320
279 107
2 L1
14 L1
96 266 438 0
77 225 438 0
549 233 438 0
482 118 438 0
175 261 438 0
25 101 438 0
328 277 438 0
165 67 438 0
104 280 438 0
298 177 438 0
261 183 438 0
375 91 438 0
525 69 438 0
583 112 438 0
2 L3
14 L3
597 121 29 0
28 331 29 0
280 64 29 0
471 115 29 0
273 122 29 0
515 200 29 0
51 208 29 0
183 250 29 0
366 299 29 0
441 124 29 0
355 198 29 0
73 136 29 0
349 333 29 0
217 270 29 0
2 L5
14 L5
128 322 569 0
277 113 569 0
432 319 569 0
95 211 569 0
84 261 569 0
0 144 569 0
306 88 569 0
171 111 569 0
519 226 569 0
1 289 569 0
298 263 569 0
19 168 569 0
368 119 569 0
231 110 569 0
2 U2
4 0 115 74
4 0 345 287
14 U2
4 0 329 296
4 0 159 335
4 0 400 349
4 0 239 251
4 0 277 149
4 0 44 183
4 0 223 296
4 0 583 84
4 0 133 327
4 0 175 147
4 0 127 254
4 0 219 123
4 0 171 323
4 0 168 87
2 U4
164 0 30 93
164 0 568 316
14 U4
164 0 71 302
164 0 251 304
164 0 490 319
164 0 14 80
164 0 264 136
164 0 447 178
164 0 16 187
164 0 8 304
164 0 206 73
164 0 533 296
164 0 432 308
164 0 51 74
164 0 414 238
164 0 525 328
11
96 266 177 65
597 121 89 216
128 322 475 318
77 225 106 112
28 331 214 112
277 113 341 76
549 233 259 123
280 64 56 209
432 319 114 165
482 118 550 281
471 115 165 277
