3
6
L1 484 0
U2 496 0
L3 498 0
U4 336 0
L5 343 0
U6 369 0
24
454 237
50 225
21 193
165 95
330 196
546 226
248 19
499 93
339 17
35 327
404 236
283 223
284 140
208 52
398 332
232 294
77 86
394 293
18 172
3 169
503 46
291 327
374 306
290 345
1 L1
14 L1
145 175 484 0
295 115 484 0
388 217 484 0
164 275 484 0
320 104 484 0
39 184 484 0
375 113 484 0
27 223 484 0
489 250 484 0
472 178 484 0
178 275 484 0
264 297 484 0
90 168 484 0
241 83 484 0
1 L3
14 L3
238 188 498 0
1 165 498 0
330 92 498 0
235 207 498 0
338 136 498 0
199 55 498 0
380 288 498 0
400 131 498 0
111 140 498 0
88 51 498 0
493 202 498 0
70 95 498 0
329 253 498 0
174 149 498 0
1 L5
14 L5
299 85 343 0
80 326 343 0
270 60 343 0
147 136 343 0
227 301 343 0
474 208 343 0
253 122 343 0
234 345 343 0
517 287 343 0
460 173 343 0
342 189 343 0
457 270 343 0
176 259 343 0
298 83 343 0
1 U2
496 0 187 117
14 U2
496 0 244 267
496 0 131 260
496 0 218 266
496 0 538 83
496 0 582 157
496 0 544 82
496 0 72 333
496 0 336 265
496 0 390 264
496 0 287 291
496 0 242 263
496 0 543 124
496 0 243 281
496 0 380 173
1 U4
336 0 93 173
14 U4
336 0 505 319
336 0 553 223
336 0 258 146
336 0 264 146
336 0 163 197
336 0 479 56
336 0 293 245
336 0 73 327
336 0 133 326
336 0 412 208
336 0 93 71
336 0 234 152
336 0 551 313
336 0 213 338
1 U6
369 0 183 129
14 U6
369 0 283 258
369 0 226 299
369 0 266 228
369 0 152 319
369 0 68 334
369 0 187 297
369 0 536 84
369 0 290 111
369 0 174 191
369 0 559 323
369 0 87 270
369 0 490 121
369 0 539 200
369 0 418 266
9
145 175 250 336
238 188 47 164
299 85 342 86
295 115 230 194
1 165 484 226
80 326 98 57
388 217 439 54
330 92 341 51
270 60 488 245
