3
5
L1 438 0
U2 508 0
L3 520 0
U4 250 0
L5 0 0
25
399 2
17 140
57 91
438 67
400 244
547 308
581 95
330 311
278 185
587 80
286 167
136 306
129 28
46 306
32 37
419 294
291 308
586 112
594 231
137 71
468 19
152 51
433 131
171 36
572 47
1 L1
10 L1
497 78 438 0
414 304 438 0
543 74 438 0
176 125 438 0
449 301 438 0
337 288 438 0
180 110 438 0
238 283 438 0
490 76 438 0
151 291 438 0
1 L3
10 L3
462 207 520 0
219 58 520 0
8 234 520 0
422 189 520 0
297 342 520 0
554 62 520 0
13 151 520 0
271 50 520 0
283 54 520 0
276 94 520 0
1 L5
10 L5
209 113 0 0
578 342 0 0
340 154 0 0
509 68 0 0
592 209 0 0
47 66 0 0
367 167 0 0
159 297 0 0
455 327 0 0
350 191 0 0
1 U2
508 0 570 264
10 U2
508 0 452 206
508 0 367 86
508 0 162 182
508 0 96 57
508 0 245 323
508 0 361 283
508 0 567 161
508 0 461 225
508 0 280 302
508 0 588 219
1 U4
250 0 186 51
10 U4
250 0 236 217
250 0 11 172
250 0 152 298
250 0 330 294
250 0 230 174
250 0 0 184
250 0 68 304
250 0 502 182
250 0 298 347
250 0 233 348
8
497 78 443 232
462 207 386 319
209 113 138 268
414 304 569 184
219 58 475 283
578 342 378 235
543 74 531 289
8 234 247 349
