4
5
L1 68 0
U2 132 0
L3 223 0
U4 455 0
L5 299 0
25
289 56
410 274
589 230
331 42
123 34
499 38
435 12
254 239
246 86
215 89
331 71
131 191
437 5
207 321
257 90
374 122
202 267
250 213
542 185
208 13
589 208
79 263
340 247
438 328
294 234
2 L1
10 L1
263 70 68 0
281 59 68 0
182 145 68 0
77 270 68 0
575 130 68 0
433 182 68 0
223 223 68 0
263 313 68 0
261 346 68 0
60 114 68 0
2 L3
10 L3
514 85 223 0
597 323 223 0
186 62 223 0
526 237 223 0
248 325 223 0
523 252 223 0
384 167 223 0
369 347 223 0
435 277 223 0
360 217 223 0
2 L5
10 L5
371 264 299 0
121 80 299 0
155 261 299 0
463 108 299 0
272 88 299 0
390 80 299 0
412 75 299 0
114 94 299 0
265 319 299 0
309 186 299 0
2 U2
132 0 268 65
132 0 410 238
10 U2
132 0 552 232
132 0 554 292
132 0 134 300
132 0 94 68
132 0 68 238
132 0 450 93
132 0 384 319
132 0 98 264
132 0 480 332
132 0 238 204
2 U4
455 0 235 259
455 0 492 217
10 U4
455 0 11 153
455 0 69 130
455 0 517 291
455 0 349 302
455 0 409 216
455 0 424 143
455 0 565 213
455 0 343 326
455 0 460 181
455 0 531 275
3
263 70 509 98
514 85 407 187
371 264 550 281
