5
3
L1 108 0
U2 323 0
L3 169 0
9
371 295
518 224
415 138
54 249
168 88
378 71
467 190
567 13
596 329
2 L1
10 L1
153 297 108 0
411 319 108 0
279 125 108 0
245 137 108 0
547 69 108 0
472 223 108 0
158 124 108 0
284 300 108 0
407 322 108 0
331 338 108 0
2 L3
10 L3
215 279 169 0
132 316 169 0
308 105 169 0
463 296 169 0
463 318 169 0
281 305 169 0
530 182 169 0
566 247 169 0
214 253 169 0
482 62 169 0
2 U2
323 0 348 123
323 0 235 146
10 U2
323 0 594 235
323 0 39 346
323 0 370 228
323 0 48 249
323 0 391 105
323 0 34 129
323 0 279 65
323 0 269 246
323 0 22 75
323 0 586 111
2
153 297 560 80
215 279 199 248
