5
6
L1 224 0
U2 221 0
L3 81 0
U4 42 0
L5 546 0
U6 329 0
18
326 19
211 216
373 329
327 57
68 282
274 15
200 55
520 338
397 37
269 216
458 121
60 329
9 63
182 124
82 267
563 57
466 301
230 115
2 L1
10 L1
204 115 224 0
556 229 224 0
87 188 224 0
353 153 224 0
532 248 224 0
538 270 224 0
260 220 224 0
525 138 224 0
580 121 224 0
225 325 224 0
2 L3
10 L3
252 293 81 0
302 142 81 0
346 233 81 0
153 222 81 0
163 131 81 0
540 113 81 0
240 186 81 0
125 61 81 0
238 71 81 0
450 85 81 0
2 L5
10 L5
483 101 546 0
51 237 546 0
11 245 546 0
131 71 546 0
472 210 546 0
477 139 546 0
142 276 546 0
100 281 546 0
23 159 546 0
25 277 546 0
2 U2
221 0 381 138
221 0 437 112
10 U2
221 0 386 118
221 0 310 61
221 0 373 334
221 0 537 346
221 0 283 247
221 0 98 256
221 0 92 59
221 0 418 131
221 0 440 322
221 0 162 76
2 U4
42 0 325 273
42 0 323 333
10 U4
42 0 82 263
42 0 407 216
42 0 496 74
42 0 424 95
42 0 359 318
42 0 574 309
42 0 327 288
42 0 414 150
42 0 73 97
42 0 416 333
2 U6
329 0 106 253
329 0 99 275
10 U6
329 0 512 193
329 0 301 277
329 0 104 318
329 0 130 146
329 0 555 118
329 0 502 110
329 0 127 287
329 0 500 342
329 0 8 193
329 0 229 229
9
204 115 39 213
252 293 359 95
483 101 185 223
556 229 131 168
302 142 475 192
51 237 113 168
87 188 337 321
346 233 120 158
11 245 557 149
