4
6
L1 26 0
U2 426 0
L3 90 0
U4 41 0
L5 151 0
U6 77 0
30
109 75
585 268
121 37
380 332
71 54
477 298
549 246
66 67
10 164
114 28
385 2
228 109
530 269
37 281
127 138
201 144
578 123
228 131
321 130
394 190
397 327
15 208
443 223
316 48
226 30
526 22
486 83
533 137
154 281
238 272
2 L1
10 L1
132 184 26 0
270 228 26 0
212 57 26 0
430 158 26 0
241 111 26 0
249 89 26 0
547 264 26 0
289 314 26 0
571 221 26 0
458 94 26 0
2 L3
10 L3
416 209 90 0
591 317 90 0
42 320 90 0
162 347 90 0
151 189 90 0
93 141 90 0
27 300 90 0
4 299 90 0
194 291 90 0
592 267 90 0
2 L5
10 L5
575 200 151 0
156 120 151 0
9 173 151 0
245 113 151 0
484 273 151 0
291 134 151 0
75 323 151 0
510 350 151 0
242 100 151 0
257 169 151 0
2 U2
426 0 541 146
426 0 180 249
10 U2
426 0 560 237
426 0 130 171
426 0 1 214
426 0 182 88
426 0 88 315
426 0 388 129
426 0 499 209
426 0 502 162
426 0 228 92
426 0 186 342
2 U4
41 0 436 184
41 0 137 299
10 U4
41 0 106 338
41 0 571 113
41 0 566 168
41 0 79 63
41 0 347 199
41 0 47 260
41 0 304 223
41 0 472 243
41 0 286 187
41 0 101 88
2 U6
77 0 83 217
77 0 382 262
10 U6
77 0 24 120
77 0 142 263
77 0 164 217
77 0 413 127
77 0 543 133
77 0 58 117
77 0 5 341
77 0 344 146
77 0 299 148
77 0 316 236
9
132 184 443 68
416 209 475 85
575 200 347 113
270 228 268 76
591 317 9 90
156 120 34 87
212 57 579 274
42 320 125 92
9 173 524 111
