5
3
L1 408 0
U2 566 0
L3 559 0
9
191 7
463 292
64 335
57 299
480 20
111 14
115 227
338 293
161 161
2 L1
10 L1
495 343 408 0
176 329 408 0
119 293 408 0
100 328 408 0
42 318 408 0
149 136 408 0
525 79 408 0
171 97 408 0
218 181 408 0
291 177 408 0
2 L3
10 L3
79 56 559 0
97 284 559 0
306 280 559 0
309 234 559 0
337 228 559 0
259 53 559 0
19 126 559 0
348 348 559 0
99 73 559 0
488 123 559 0
2 U2
566 0 472 229
566 0 90 331
10 U2
566 0 560 209
566 0 450 221
566 0 162 258
566 0 473 250
566 0 348 220
566 0 448 231
566 0 158 130
566 0 342 290
566 0 504 269
566 0 380 233
3
495 343 136 192
79 56 89 100
176 329 550 136
