5
5
L1 46 0
U2 244 0
L3 61 0
U4 417 0
L5 261 0
20
194 275
214 224
301 321
500 70
366 271
572 51
260 176
81 160
113 315
174 46
528 95
396 287
158 304
12 289
6 177
182 294
456 232
262 169
512 263
102 76
2 L1
10 L1
516 104 46 0
487 198 46 0
349 226 46 0
170 193 46 0
136 97 46 0
352 193 46 0
188 139 46 0
438 120 46 0
586 72 46 0
215 298 46 0
2 L3
10 L3
239 189 61 0
273 244 61 0
350 152 61 0
326 116 61 0
145 90 61 0
342 243 61 0
435 349 61 0
168 330 61 0
32 269 61 0
179 260 61 0
2 L5
10 L5
6 289 261 0
530 282 261 0
556 259 261 0
208 240 261 0
463 173 261 0
183 286 261 0
30 167 261 0
230 187 261 0
180 308 261 0
505 306 261 0
2 U2
244 0 476 123
244 0 102 329
10 U2
244 0 304 145
244 0 503 267
244 0 462 336
244 0 427 186
244 0 278 98
244 0 460 335
244 0 552 135
244 0 496 292
244 0 503 308
244 0 55 80
2 U4
417 0 51 321
417 0 524 87
10 U4
417 0 431 146
417 0 580 137
417 0 325 206
417 0 257 273
417 0 507 261
417 0 48 149
417 0 170 144
417 0 481 330
417 0 184 311
417 0 533 159
3
516 104 16 72
239 189 23 152
6 289 258 288
