3
4
L1 471 0
U2 446 0
L3 107 0
U4 521 0
16
352 146
263 291
353 174
357 99
564 246
138 149
15 21
82 323
138 211
211 236
571 349
351 125
162 259
413 109
296 241
584 234
1 L1
10 L1
565 247 471 0
516 119 471 0
574 156 471 0
136 146 471 0
61 86 471 0
574 343 471 0
330 296 471 0
31 180 471 0
529 282 471 0
103 225 471 0
1 L3
10 L3
359 247 107 0
275 297 107 0
301 293 107 0
362 115 107 0
109 224 107 0
138 287 107 0
186 292 107 0
277 179 107 0
492 228 107 0
523 279 107 0
1 U2
446 0 148 204
10 U2
446 0 36 128
446 0 237 317
446 0 48 275
446 0 129 124
446 0 7 55
446 0 406 230
446 0 125 265
446 0 545 134
446 0 195 188
446 0 4 101
1 U4
521 0 64 222
10 U4
521 0 450 290
521 0 169 55
521 0 50 139
521 0 30 62
521 0 257 277
521 0 437 342
521 0 294 235
521 0 273 164
521 0 200 123
521 0 67 140
4
565 247 36 285
359 247 448 334
516 119 584 258
275 297 2 107
