4
3
L1 448 0
U2 265 0
L3 91 0
15
397 14
561 243
481 188
334 161
471 308
387 320
64 31
318 349
278 169
353 191
1 312
452 162
258 309
215 83
527 75
2 L1
18 L1
421 230 448 0
285 101 448 0
460 185 448 0
459 153 448 0
16 125 448 0
228 75 448 0
513 224 448 0
268 91 448 0
551 116 448 0
71 188 448 0
440 159 448 0
379 72 448 0
588 120 448 0
148 233 448 0
327 204 448 0
561 270 448 0
361 168 448 0
530 161 448 0
2 L3
18 L3
33 230 91 0
503 313 91 0
212 317 91 0
291 258 91 0
544 181 91 0
325 318 91 0
123 130 91 0
268 255 91 0
262 205 91 0
563 105 91 0
443 256 91 0
154 350 91 0
95 189 91 0
434 94 91 0
438 293 91 0
198 171 91 0
582 300 91 0
1 94 91 0
2 U2
265 0 154 266
265 0 545 227
18 U2
265 0 522 242
265 0 396 258
265 0 142 194
265 0 464 128
265 0 136 54
265 0 156 180
265 0 540 232
265 0 597 105
265 0 135 346
265 0 548 268
265 0 489 203
265 0 58 285
265 0 380 99
265 0 45 255
265 0 57 255
265 0 591 190
265 0 94 180
265 0 59 252
3
421 230 297 295
33 230 16 331
285 101 509 308
