5
4
L1 315 0
U2 128 0
L3 184 0
U4 348 0
16
349 20
571 66
332 242
82 233
428 139
74 246
144 183
328 186
331 98
355 128
295 80
105 70
291 231
188 135
246 94
598 306
2 L1
10 L1
403 170 315 0
407 181 315 0
449 127 315 0
286 82 315 0
434 61 315 0
291 137 315 0
583 300 315 0
406 263 315 0
36 336 315 0
137 118 315 0
2 L3
10 L3
542 319 184 0
287 113 184 0
109 113 184 0
108 182 184 0
296 223 184 0
138 70 184 0
451 342 184 0
320 332 184 0
3 173 184 0
243 164 184 0
2 U2
128 0 440 224
128 0 78 133
10 U2
128 0 1 151
128 0 216 127
128 0 508 264
128 0 325 226
128 0 52 276
128 0 120 212
128 0 468 200
128 0 535 146
128 0 403 282
128 0 217 206
2 U4
348 0 82 129
348 0 108 262
10 U4
348 0 37 225
348 0 383 58
348 0 110 346
348 0 223 176
348 0 224 321
348 0 101 70
348 0 196 231
348 0 119 178
348 0 235 208
348 0 289 337
2
403 170 155 314
542 319 390 199
