5
4
L1 192 0
U2 468 0
L3 593 0
U4 255 0
12
159 56
172 277
86 136
528 306
207 284
28 270
285 282
116 202
569 262
102 124
327 304
173 153
2 L1
10 L1
153 322 192 0
343 124 192 0
283 171 192 0
355 110 192 0
302 50 192 0
478 109 192 0
291 256 192 0
341 281 192 0
50 83 192 0
179 96 192 0
2 L3
10 L3
448 284 593 0
27 75 593 0
293 345 593 0
48 116 593 0
374 77 593 0
22 158 593 0
439 300 593 0
401 146 593 0
42 235 593 0
69 209 593 0
2 U2
468 0 475 131
468 0 264 241
10 U2
468 0 135 271
468 0 373 345
468 0 33 339
468 0 93 176
468 0 157 302
468 0 500 153
468 0 138 223
468 0 351 132
468 0 289 192
468 0 87 213
2 U4
255 0 268 283
255 0 285 102
10 U4
255 0 292 328
255 0 78 157
255 0 246 293
255 0 438 265
255 0 35 279
255 0 68 275
255 0 124 342
255 0 455 266
255 0 51 86
255 0 397 147
4
153 322 247 327
448 284 580 174
343 124 218 203
27 75 513 276
