5
4
L1 571 0
U2 217 0
L3 358 0
U4 503 0
16
496 79
273 18
366 160
369 217
584 281
78 192
439 285
440 200
459 31
488 137
567 177
491 237
288 140
329 341
221 226
17 146
2 L1
22 L1
197 312 571 0
580 201 571 0
270 130 571 0
102 232 571 0
236 288 571 0
21 250 571 0
574 220 571 0
500 210 571 0
356 255 571 0
4 170 571 0
59 104 571 0
247 247 571 0
2 161 571 0
70 114 571 0
401 256 571 0
174 90 571 0
441 295 571 0
547 229 571 0
117 230 571 0
214 158 571 0
424 332 571 0
313 257 571 0
2 L3
22 L3
76 247 358 0
308 285 358 0
347 157 358 0
155 333 358 0
211 128 358 0
171 139 358 0
228 116 358 0
172 143 358 0
491 207 358 0
356 249 358 0
184 201 358 0
590 207 358 0
181 243 358 0
425 161 358 0
113 174 358 0
556 57 358 0
84 163 358 0
66 151 358 0
351 284 358 0
6 186 358 0
539 202 358 0
333 109 358 0
2 U2
217 0 108 189
217 0 159 58
22 U2
217 0 183 225
217 0 477 100
217 0 126 134
217 0 216 229
217 0 478 70
217 0 99 293
217 0 16 73
217 0 110 160
217 0 436 316
217 0 436 191
217 0 598 125
217 0 62 242
217 0 216 235
217 0 0 226
217 0 593 171
217 0 162 83
217 0 549 170
217 0 123 319
217 0 397 264
217 0 133 123
217 0 366 169
217 0 159 220
2 U4
503 0 239 285
503 0 184 69
22 U4
503 0 590 340
503 0 528 309
503 0 273 342
503 0 21 214
503 0 282 292
503 0 586 290
503 0 205 145
503 0 29 234
503 0 580 100
503 0 269 269
503 0 282 304
503 0 179 60
503 0 559 333
503 0 265 114
503 0 393 205
503 0 402 195
503 0 82 230
503 0 561 240
503 0 60 325
503 0 150 189
503 0 588 232
503 0 71 273
5
197 312 250 169
76 247 133 333
580 201 231 333
308 285 173 144
270 130 122 116
