3
5
L1 580 0
U2 183 0
L3 530 0
U4 431 0
L5 75 0
25
306 9
50 140
188 163
83 218
213 278
89 58
431 245
71 323
30 193
11 42
579 229
306 36
569 129
236 74
241 304
440 249
432 136
285 269
502 9
309 192
448 142
251 215
318 44
13 40
386 42
1 L1
18 L1
303 240 580 0
333 183 580 0
241 301 580 0
556 192 580 0
336 155 580 0
589 90 580 0
56 345 580 0
425 309 580 0
578 306 580 0
44 97 580 0
261 199 580 0
595 107 580 0
162 145 580 0
415 173 580 0
600 80 580 0
1 311 580 0
397 88 580 0
316 322 580 0
1 L3
18 L3
305 226 530 0
24 143 530 0
145 308 530 0
145 205 530 0
195 309 530 0
416 202 530 0
391 132 530 0
383 89 530 0
195 324 530 0
598 207 530 0
461 240 530 0
27 145 530 0
485 144 530 0
574 187 530 0
143 53 530 0
338 213 530 0
167 163 530 0
292 68 530 0
1 L5
18 L5
199 206 75 0
395 341 75 0
397 315 75 0
470 97 75 0
175 258 75 0
378 68 75 0
227 116 75 0
70 110 75 0
131 89 75 0
146 298 75 0
541 58 75 0
181 97 75 0
180 210 75 0
455 104 75 0
131 80 75 0
525 129 75 0
336 347 75 0
492 328 75 0
1 U2
183 0 1 281
18 U2
183 0 463 82
183 0 304 203
183 0 114 133
183 0 155 183
183 0 14 345
183 0 485 124
183 0 514 243
183 0 347 224
183 0 515 145
183 0 461 334
183 0 121 93
183 0 227 165
183 0 381 205
183 0 35 208
183 0 336 343
183 0 393 161
183 0 396 235
183 0 590 222
1 U4
431 0 360 79
18 U4
431 0 83 273
431 0 366 168
431 0 94 176
431 0 248 268
431 0 502 209
431 0 528 285
431 0 200 176
431 0 42 68
431 0 239 135
431 0 173 322
431 0 192 134
431 0 580 295
431 0 253 125
431 0 107 331
431 0 562 330
431 0 318 95
431 0 389 144
431 0 166 55
9
303 240 522 263
305 226 284 312
199 206 173 350
333 183 298 151
24 143 335 82
395 341 384 158
241 301 342 92
145 308 505 144
397 315 365 217
