4
4
L1 382 0
U2 332 0
L3 323 0
U4 262 0
12
477 187
386 296
140 64
379 199
373 278
535 346
432 283
242 254
284 96
89 162
265 255
252 64
2 L1
22 L1
556 307 382 0
252 200 382 0
51 173 382 0
497 152 382 0
102 123 382 0
590 184 382 0
503 68 382 0
42 104 382 0
200 223 382 0
106 98 382 0
254 329 382 0
76 199 382 0
247 163 382 0
103 109 382 0
468 73 382 0
139 326 382 0
421 175 382 0
113 290 382 0
317 251 382 0
264 314 382 0
307 312 382 0
526 316 382 0
2 L3
22 L3
166 298 323 0
497 96 323 0
430 240 323 0
37 125 323 0
549 287 323 0
464 280 323 0
397 145 323 0
233 61 323 0
167 247 323 0
566 302 323 0
585 116 323 0
207 179 323 0
289 193 323 0
48 299 323 0
566 138 323 0
101 241 323 0
358 238 323 0
280 165 323 0
269 312 323 0
432 231 323 0
17 288 323 0
427 148 323 0
2 U2
332 0 414 63
332 0 342 257
22 U2
332 0 169 245
332 0 241 186
332 0 399 236
332 0 241 324
332 0 166 275
332 0 194 144
332 0 152 336
332 0 257 77
332 0 195 83
332 0 343 181
332 0 54 89
332 0 503 254
332 0 228 76
332 0 523 308
332 0 432 284
332 0 206 140
332 0 541 184
332 0 370 171
332 0 268 290
332 0 427 150
332 0 153 178
332 0 88 174
2 U4
262 0 176 123
262 0 118 100
22 U4
262 0 31 282
262 0 426 257
262 0 430 193
262 0 18 235
262 0 72 117
262 0 501 134
262 0 177 112
262 0 446 293
262 0 36 159
262 0 504 291
262 0 487 58
262 0 582 321
262 0 498 96
262 0 166 95
262 0 162 208
262 0 367 247
262 0 567 276
262 0 128 255
262 0 356 78
262 0 431 140
262 0 427 281
262 0 128 97
5
556 307 514 345
166 298 204 71
252 200 210 266
497 96 491 273
51 173 343 154
