5
5
L1 388 0
U2 549 0
L3 414 0
U4 128 0
L5 10 0
20
335 156
396 333
74 261
60 147
388 97
501 285
445 265
244 48
422 65
162 112
117 181
93 33
598 289
541 103
178 287
189 258
472 228
90 3
82 283
78 257
2 L1
22 L1
580 276 388 0
542 157 388 0
205 76 388 0
268 214 388 0
465 309 388 0
588 89 388 0
139 227 388 0
219 177 388 0
512 202 388 0
68 289 388 0
587 229 388 0
402 230 388 0
207 248 388 0
460 197 388 0
347 189 388 0
8 294 388 0
380 139 388 0
470 278 388 0
132 265 388 0
27 56 388 0
412 346 388 0
285 106 388 0
2 L3
22 L3
136 164 414 0
268 345 414 0
44 314 414 0
530 120 414 0
65 253 414 0
373 98 414 0
429 151 414 0
423 79 414 0
294 71 414 0
434 289 414 0
276 80 414 0
171 255 414 0
469 311 414 0
225 252 414 0
450 190 414 0
414 132 414 0
380 198 414 0
407 134 414 0
415 110 414 0
118 131 414 0
474 309 414 0
353 279 414 0
2 L5
22 L5
445 323 10 0
424 80 10 0
266 60 10 0
512 171 10 0
114 225 10 0
356 130 10 0
77 95 10 0
273 199 10 0
255 125 10 0
570 235 10 0
190 170 10 0
315 268 10 0
82 233 10 0
293 225 10 0
34 296 10 0
307 100 10 0
364 94 10 0
270 297 10 0
425 179 10 0
399 276 10 0
428 156 10 0
166 142 10 0
2 U2
549 0 544 193
549 0 521 265
22 U2
549 0 334 347
549 0 225 171
549 0 530 202
549 0 354 180
549 0 531 264
549 0 299 152
549 0 525 90
549 0 62 315
549 0 266 282
549 0 389 158
549 0 193 209
549 0 376 312
549 0 337 191
549 0 354 182
549 0 499 140
549 0 180 257
549 0 278 181
549 0 4 338
549 0 453 320
549 0 432 76
549 0 66 249
549 0 563 155
2 U4
128 0 263 121
128 0 434 166
22 U4
128 0 254 155
128 0 63 306
128 0 402 272
128 0 576 183
128 0 144 155
128 0 349 50
128 0 571 297
128 0 265 298
128 0 142 237
128 0 281 258
128 0 291 124
128 0 355 278
128 0 285 113
128 0 373 344
128 0 389 79
128 0 583 266
128 0 177 236
128 0 168 339
128 0 112 241
128 0 537 250
128 0 0 187
128 0 38 91
17
580 276 326 120
136 164 555 202
445 323 127 345
542 157 205 283
268 345 562 138
424 80 499 335
205 76 113 160
44 314 160 233
266 60 468 301
268 214 55 239
530 120 171 64
512 171 310 219
465 309 77 97
65 253 415 159
114 225 228 198
588 89 259 73
373 98 445 247
