4
6
L1 405 0
U2 515 0
L3 438 0
U4 455 0
L5 183 0
U6 559 0
30
422 178
343 251
445 114
511 203
374 234
243 187
561 259
404 106
192 212
268 297
192 38
552 310
492 64
286 246
252 76
343 235
150 222
430 17
509 9
351 105
83 246
16 253
523 54
224 259
246 83
275 276
199 228
328 200
449 142
346 239
2 L1
22 L1
74 339 405 0
346 296 405 0
329 78 405 0
528 199 405 0
590 213 405 0
268 286 405 0
473 279 405 0
355 139 405 0
556 337 405 0
184 318 405 0
92 111 405 0
192 130 405 0
27 200 405 0
524 196 405 0
333 341 405 0
362 126 405 0
292 319 405 0
268 205 405 0
437 123 405 0
381 320 405 0
525 350 405 0
79 151 405 0
2 L3
22 L3
288 249 438 0
12 305 438 0
433 125 438 0
543 192 438 0
580 85 438 0
544 210 438 0
472 196 438 0
520 118 438 0
575 248 438 0
569 152 438 0
96 312 438 0
230 117 438 0
184 115 438 0
361 248 438 0
508 142 438 0
316 318 438 0
427 291 438 0
78 144 438 0
226 108 438 0
163 157 438 0
499 165 438 0
29 327 438 0
2 L5
22 L5
170 321 183 0
133 132 183 0
515 86 183 0
275 172 183 0
436 256 183 0
439 129 183 0
545 306 183 0
276 104 183 0
531 122 183 0
140 212 183 0
81 107 183 0
145 175 183 0
179 130 183 0
384 170 183 0
477 330 183 0
598 218 183 0
397 223 183 0
297 97 183 0
467 108 183 0
545 302 183 0
159 265 183 0
482 148 183 0
2 U2
515 0 116 119
515 0 431 336
22 U2
515 0 115 77
515 0 576 151
515 0 406 125
515 0 456 173
515 0 215 50
515 0 160 65
515 0 542 239
515 0 415 194
515 0 403 108
515 0 591 227
515 0 146 325
515 0 279 94
515 0 136 53
515 0 138 255
515 0 406 337
515 0 41 326
515 0 52 199
515 0 353 180
515 0 223 320
515 0 585 305
515 0 93 209
515 0 213 222
2 U4
455 0 246 264
455 0 297 171
22 U4
455 0 403 241
455 0 471 197
455 0 314 70
455 0 268 213
455 0 426 212
455 0 177 273
455 0 515 111
455 0 205 279
455 0 498 311
455 0 95 334
455 0 237 134
455 0 458 225
455 0 215 261
455 0 394 314
455 0 479 271
455 0 513 291
455 0 451 314
455 0 370 236
455 0 116 86
455 0 17 205
455 0 281 272
455 0 75 119
2 U6
559 0 401 159
559 0 583 57
22 U6
559 0 216 204
559 0 580 221
559 0 78 198
559 0 598 233
559 0 535 114
559 0 270 56
559 0 214 123
559 0 546 255
559 0 322 56
559 0 110 142
559 0 569 256
559 0 458 281
559 0 381 286
559 0 380 165
559 0 475 115
559 0 452 85
559 0 320 53
559 0 437 202
559 0 537 130
559 0 132 206
559 0 208 228
559 0 145 199
20
74 339 152 295
288 249 517 194
170 321 122 61
346 296 73 299
12 305 399 69
133 132 284 53
329 78 250 283
433 125 76 112
515 86 46 92
528 199 423 112
543 192 188 130
275 172 450 50
590 213 302 256
580 85 17 336
436 256 154 192
268 286 425 144
544 210 547 225
439 129 495 228
473 279 418 71
472 196 35 275
