5
5
L1 213 0
U2 461 0
L3 69 0
U4 535 0
L5 306 0
20
590 322
335 285
115 250
486 281
190 32
251 243
69 200
449 81
77 102
550 165
277 191
215 284
322 257
488 225
426 181
302 301
214 175
145 169
468 52
258 197
2 L1
18 L1
174 62 213 0
464 180 213 0
65 223 213 0
86 103 213 0
178 144 213 0
325 317 213 0
394 51 213 0
332 114 213 0
28 62 213 0
274 228 213 0
403 178 213 0
271 268 213 0
593 157 213 0
116 245 213 0
115 153 213 0
390 305 213 0
261 95 213 0
137 55 213 0
2 L3
18 L3
125 186 69 0
428 298 69 0
335 153 69 0
358 103 69 0
593 189 69 0
49 289 69 0
90 303 69 0
284 200 69 0
58 335 69 0
49 162 69 0
95 142 69 0
394 315 69 0
527 256 69 0
164 86 69 0
184 320 69 0
39 321 69 0
398 179 69 0
213 76 69 0
2 L5
18 L5
314 83 306 0
34 254 306 0
501 153 306 0
437 109 306 0
305 118 306 0
267 194 306 0
176 244 306 0
420 52 306 0
570 99 306 0
401 201 306 0
193 323 306 0
352 345 306 0
418 272 306 0
387 54 306 0
591 124 306 0
451 343 306 0
391 86 306 0
168 293 306 0
2 U2
461 0 47 177
461 0 335 338
18 U2
461 0 515 178
461 0 239 183
461 0 90 93
461 0 438 258
461 0 231 138
461 0 322 240
461 0 291 302
461 0 503 295
461 0 48 73
461 0 590 147
461 0 395 267
461 0 50 127
461 0 196 226
461 0 460 260
461 0 539 315
461 0 99 127
461 0 205 52
461 0 548 127
2 U4
535 0 462 131
535 0 85 186
18 U4
535 0 226 322
535 0 51 145
535 0 44 144
535 0 583 267
535 0 520 104
535 0 114 181
535 0 92 168
535 0 15 349
535 0 135 150
535 0 39 176
535 0 467 270
535 0 446 121
535 0 325 125
535 0 309 109
535 0 511 61
535 0 67 218
535 0 240 251
535 0 69 131
5
174 62 394 262
125 186 419 257
314 83 447 233
464 180 272 306
428 298 159 206
