3
4
L1 23 0
U2 95 0
L3 81 0
U4 515 0
12
522 316
163 299
587 196
534 329
480 203
207 270
214 293
180 336
540 338
367 234
138 10
363 345
1 L1
10 L1
310 239 23 0
200 301 23 0
330 286 23 0
213 344 23 0
507 139 23 0
581 89 23 0
25 106 23 0
412 86 23 0
9 264 23 0
66 231 23 0
1 L3
10 L3
270 163 81 0
447 199 81 0
547 187 81 0
491 77 81 0
465 84 81 0
236 339 81 0
356 327 81 0
178 248 81 0
360 335 81 0
543 259 81 0
1 U2
95 0 42 188
10 U2
95 0 337 340
95 0 335 320
95 0 548 249
95 0 100 339
95 0 311 208
95 0 554 304
95 0 561 278
95 0 481 168
95 0 572 304
95 0 175 277
1 U4
515 0 593 280
10 U4
515 0 405 183
515 0 469 81
515 0 423 67
515 0 403 204
515 0 548 131
515 0 215 140
515 0 374 83
515 0 147 232
515 0 33 161
515 0 507 243
4
310 239 203 233
270 163 102 259
200 301 426 211
447 199 194 343
