3
4
L1 373 0
U2 332 0
L3 430 0
U4 369 0
16
141 187
407 333
131 223
151 270
187 104
578 206
80 121
412 229
1 85
513 253
317 101
418 14
150 295
70 255
168 35
195 82
1 L1
22 L1
236 261 373 0
350 149 373 0
231 58 373 0
224 309 373 0
236 194 373 0
445 322 373 0
572 75 373 0
577 139 373 0
173 299 373 0
176 144 373 0
548 74 373 0
165 256 373 0
57 157 373 0
434 108 373 0
427 146 373 0
377 305 373 0
597 107 373 0
597 336 373 0
286 147 373 0
54 53 373 0
342 86 373 0
202 207 373 0
1 L3
22 L3
84 126 430 0
480 103 430 0
9 101 430 0
317 103 430 0
533 185 430 0
270 154 430 0
233 119 430 0
82 58 430 0
81 84 430 0
374 301 430 0
75 87 430 0
148 62 430 0
128 339 430 0
120 271 430 0
501 97 430 0
585 113 430 0
322 244 430 0
266 314 430 0
336 192 430 0
379 133 430 0
213 166 430 0
449 259 430 0
1 U2
332 0 155 262
22 U2
332 0 269 165
332 0 273 97
332 0 511 129
332 0 537 294
332 0 18 55
332 0 162 284
332 0 400 290
332 0 588 157
332 0 212 74
332 0 498 226
332 0 585 348
332 0 111 185
332 0 82 210
332 0 324 64
332 0 551 138
332 0 223 84
332 0 165 192
332 0 215 102
332 0 600 340
332 0 574 197
332 0 303 231
332 0 199 330
1 U4
369 0 102 314
22 U4
369 0 132 205
369 0 468 157
369 0 348 345
369 0 520 128
369 0 104 177
369 0 522 159
369 0 0 155
369 0 31 256
369 0 101 236
369 0 40 92
369 0 555 211
369 0 510 135
369 0 195 350
369 0 408 96
369 0 81 294
369 0 235 107
369 0 386 128
369 0 507 168
369 0 264 293
369 0 362 164
369 0 321 134
369 0 111 74
5
236 261 515 336
84 126 567 94
350 149 113 71
480 103 10 188
231 58 118 246
