3
6
L1 70 0
U2 66 0
L3 224 0
U4 531 0
L5 152 0
U6 73 0
18
580 248
339 306
73 104
333 141
414 29
559 112
406 304
196 190
110 195
217 236
558 24
266 297
323 88
118 268
257 251
588 51
447 87
259 178
1 L1
10 L1
87 288 70 0
594 243 70 0
599 143 70 0
363 179 70 0
355 137 70 0
80 251 70 0
599 338 70 0
324 280 70 0
179 61 70 0
235 349 70 0
1 L3
10 L3
422 215 224 0
377 189 224 0
451 144 224 0
289 82 224 0
568 296 224 0
415 255 224 0
63 347 224 0
333 111 224 0
502 64 224 0
167 260 224 0
1 L5
10 L5
402 237 152 0
572 291 152 0
22 250 152 0
448 50 152 0
522 126 152 0
402 238 152 0
462 229 152 0
13 126 152 0
427 225 152 0
580 287 152 0
1 U2
66 0 35 92
10 U2
66 0 494 139
66 0 299 194
66 0 371 181
66 0 225 326
66 0 27 205
66 0 382 250
66 0 226 313
66 0 28 302
66 0 472 83
66 0 404 65
1 U4
531 0 77 79
10 U4
531 0 115 235
531 0 313 227
531 0 23 200
531 0 311 241
531 0 433 275
531 0 43 98
531 0 123 259
531 0 362 188
531 0 498 192
531 0 66 104
1 U6
73 0 298 277
10 U6
73 0 127 272
73 0 483 87
73 0 45 111
73 0 30 260
73 0 365 69
73 0 195 309
73 0 555 161
73 0 328 259
73 0 294 253
73 0 549 340
3
87 288 497 171
422 215 56 161
402 237 237 210
