3
4
L1 306 0
U2 243 0
L3 174 0
U4 348 0
12
237 263
138 134
26 74
555 347
291 219
407 143
291 327
292 29
115 329
468 29
170 114
85 172
1 L1
14 L1
444 111 306 0
37 309 306 0
199 134 306 0
341 275 306 0
10 278 306 0
541 92 306 0
189 282 306 0
7 186 306 0
561 149 306 0
225 207 306 0
140 230 306 0
250 211 306 0
227 194 306 0
526 88 306 0
1 L3
14 L3
62 122 174 0
246 60 174 0
222 78 174 0
333 191 174 0
54 221 174 0
200 323 174 0
171 56 174 0
155 296 174 0
67 135 174 0
484 202 174 0
357 326 174 0
36 137 174 0
482 314 174 0
125 85 174 0
1 U2
243 0 326 242
14 U2
243 0 308 137
243 0 92 193
243 0 456 226
243 0 414 120
243 0 595 224
243 0 326 76
243 0 13 208
243 0 419 274
243 0 159 304
243 0 400 227
243 0 114 177
243 0 381 65
243 0 11 85
243 0 202 181
1 U4
348 0 292 59
14 U4
348 0 533 181
348 0 167 165
348 0 114 287
348 0 453 346
348 0 546 287
348 0 270 176
348 0 249 312
348 0 190 324
348 0 115 66
348 0 313 345
348 0 218 94
348 0 244 54
348 0 576 286
348 0 147 108
3
444 111 431 341
62 122 144 297
37 309 461 157
