4
5
L1 203 0
U2 484 0
L3 34 0
U4 128 0
L5 236 0
20
270 120
586 236
475 185
44 119
148 62
110 42
515 113
102 126
146 341
273 42
464 301
414 328
521 58
399 243
131 159
481 338
218 176
4 238
215 191
321 82
2 L1
22 L1
563 223 203 0
445 335 203 0
240 270 203 0
223 296 203 0
597 107 203 0
507 219 203 0
100 317 203 0
232 158 203 0
524 124 203 0
376 317 203 0
415 339 203 0
263 101 203 0
360 267 203 0
11 192 203 0
30 336 203 0
98 192 203 0
572 259 203 0
376 264 203 0
391 316 203 0
307 66 203 0
397 140 203 0
137 148 203 0
2 L3
22 L3
351 163 34 0
497 78 34 0
478 262 34 0
150 250 34 0
382 338 34 0
220 282 34 0
568 336 34 0
557 136 34 0
566 198 34 0
276 159 34 0
125 204 34 0
30 67 34 0
497 87 34 0
66 71 34 0
556 248 34 0
9 274 34 0
7 61 34 0
81 145 34 0
228 343 34 0
383 265 34 0
577 209 34 0
529 280 34 0
2 L5
22 L5
213 243 236 0
229 110 236 0
488 76 236 0
513 129 236 0
188 162 236 0
313 88 236 0
543 146 236 0
51 258 236 0
198 281 236 0
461 140 236 0
453 155 236 0
33 216 236 0
517 165 236 0
193 256 236 0
41 226 236 0
498 331 236 0
295 137 236 0
74 350 236 0
538 109 236 0
469 104 236 0
104 317 236 0
378 282 236 0
2 U2
484 0 51 319
484 0 27 123
22 U2
484 0 558 251
484 0 149 64
484 0 58 254
484 0 99 250
484 0 387 65
484 0 404 227
484 0 506 328
484 0 572 349
484 0 363 308
484 0 32 85
484 0 516 174
484 0 318 331
484 0 214 321
484 0 572 127
484 0 83 195
484 0 415 60
484 0 555 142
484 0 240 129
484 0 540 244
484 0 392 182
484 0 360 100
484 0 51 272
2 U4
128 0 108 334
128 0 170 64
22 U4
128 0 452 127
128 0 199 61
128 0 348 267
128 0 334 243
128 0 427 62
128 0 50 131
128 0 500 163
128 0 156 257
128 0 375 89
128 0 277 124
128 0 324 211
128 0 535 308
128 0 480 233
128 0 454 263
128 0 492 116
128 0 108 165
128 0 245 161
128 0 185 215
128 0 183 202
128 0 577 265
128 0 108 232
128 0 55 97
17
563 223 57 211
351 163 567 159
213 243 12 333
445 335 453 81
497 78 288 262
229 110 149 227
240 270 435 286
478 262 389 221
488 76 40 115
223 296 538 289
150 250 465 232
513 129 445 320
597 107 464 267
382 338 295 167
188 162 53 264
507 219 343 143
220 282 90 243
