3
3
L1 484 0
U2 313 0
L3 125 0
15
481 221
483 150
568 118
423 187
432 54
547 309
525 285
121 56
257 304
240 82
213 0
238 317
477 331
560 236
144 110
1 L1
14 L1
195 231 484 0
392 151 484 0
116 271 484 0
196 137 484 0
319 347 484 0
62 183 484 0
445 236 484 0
558 249 484 0
23 347 484 0
592 259 484 0
418 281 484 0
570 84 484 0
511 252 484 0
385 58 484 0
1 L3
14 L3
306 136 125 0
391 69 125 0
528 93 125 0
538 223 125 0
36 125 125 0
421 160 125 0
522 231 125 0
449 229 125 0
301 262 125 0
563 204 125 0
226 147 125 0
112 140 125 0
381 60 125 0
545 224 125 0
1 U2
313 0 72 207
14 U2
313 0 432 143
313 0 477 245
313 0 64 82
313 0 377 160
313 0 0 253
313 0 319 129
313 0 231 295
313 0 576 350
313 0 379 241
313 0 46 132
313 0 520 90
313 0 217 111
313 0 124 70
313 0 37 288
3
195 231 417 62
306 136 219 303
392 151 152 68
