4
6
L1 320 0
U2 0 0
L3 192 0
U4 350 0
L5 458 0
U6 403 0
24
540 42
60 153
112 189
104 246
234 152
456 343
422 126
126 37
548 52
342 246
564 344
499 232
112 8
61 316
212 133
288 234
437 260
584 41
591 45
340 252
385 55
404 285
312 342
596 257
2 L1
18 L1
600 242 320 0
68 169 320 0
376 52 320 0
480 111 320 0
102 334 320 0
493 140 320 0
267 116 320 0
597 332 320 0
203 161 320 0
311 261 320 0
96 328 320 0
34 63 320 0
206 239 320 0
450 149 320 0
234 266 320 0
337 317 320 0
476 328 320 0
419 253 320 0
2 L3
18 L3
539 322 192 0
416 302 192 0
369 222 192 0
167 131 192 0
481 288 192 0
81 319 192 0
527 300 192 0
76 149 192 0
413 117 192 0
33 74 192 0
23 224 192 0
472 199 192 0
485 226 192 0
403 184 192 0
416 242 192 0
231 202 192 0
364 347 192 0
252 321 192 0
2 L5
18 L5
579 204 458 0
110 102 458 0
128 253 458 0
297 134 458 0
224 227 458 0
402 124 458 0
120 333 458 0
422 156 458 0
185 282 458 0
281 132 458 0
75 194 458 0
329 250 458 0
235 343 458 0
214 75 458 0
276 77 458 0
129 116 458 0
580 280 458 0
511 51 458 0
2 U2
0 0 542 214
0 0 123 235
18 U2
0 0 151 215
0 0 540 115
0 0 301 115
0 0 100 152
0 0 92 283
0 0 597 335
0 0 441 180
0 0 340 207
0 0 302 258
0 0 434 292
0 0 327 294
0 0 179 100
0 0 41 129
0 0 523 207
0 0 350 80
0 0 477 274
0 0 109 163
0 0 164 63
2 U4
350 0 428 246
350 0 447 275
18 U4
350 0 27 313
350 0 178 223
350 0 487 348
350 0 169 131
350 0 82 61
350 0 421 217
350 0 464 124
350 0 192 94
350 0 488 152
350 0 223 217
350 0 520 313
350 0 323 140
350 0 255 197
350 0 61 172
350 0 79 256
350 0 118 55
350 0 547 213
350 0 593 227
2 U6
403 0 79 331
403 0 443 84
18 U6
403 0 65 94
403 0 565 62
403 0 154 117
403 0 41 87
403 0 195 159
403 0 465 153
403 0 458 165
403 0 382 220
403 0 379 223
403 0 338 313
403 0 363 244
403 0 538 70
403 0 397 84
403 0 416 335
403 0 84 153
403 0 436 340
403 0 224 297
403 0 133 255
17
600 242 46 145
539 322 458 336
579 204 159 313
68 169 96 192
416 302 212 65
110 102 178 83
376 52 67 191
369 222 121 175
128 253 196 329
480 111 173 177
167 131 320 195
297 134 442 319
102 334 584 337
481 288 346 64
224 227 278 345
493 140 244 182
81 319 40 71
