3
4
L1 292 0
U2 402 0
L3 54 0
U4 564 0
20
241 247
269 43
407 235
514 94
388 329
591 84
154 156
64 292
478 154
589 88
306 349
261 194
23 92
600 267
396 26
553 172
361 74
236 283
337 312
409 228
1 L1
14 L1
56 213 292 0
189 64 292 0
555 285 292 0
505 247 292 0
588 282 292 0
552 217 292 0
310 197 292 0
138 274 292 0
137 147 292 0
464 209 292 0
589 291 292 0
342 274 292 0
411 173 292 0
412 342 292 0
1 L3
14 L3
216 298 54 0
402 339 54 0
138 326 54 0
563 164 54 0
239 293 54 0
368 342 54 0
516 333 54 0
511 214 54 0
185 271 54 0
572 312 54 0
143 233 54 0
208 197 54 0
527 125 54 0
359 184 54 0
1 U2
402 0 441 105
14 U2
402 0 77 285
402 0 541 196
402 0 30 335
402 0 526 262
402 0 429 203
402 0 158 224
402 0 230 87
402 0 136 112
402 0 552 129
402 0 78 219
402 0 493 103
402 0 93 218
402 0 452 117
402 0 160 222
1 U4
564 0 492 306
14 U4
564 0 571 143
564 0 464 182
564 0 290 161
564 0 488 250
564 0 316 112
564 0 374 127
564 0 528 318
564 0 289 69
564 0 124 230
564 0 134 62
564 0 470 197
564 0 380 331
564 0 482 225
564 0 165 280
9
56 213 287 190
216 298 11 85
189 64 63 283
402 339 416 335
555 285 372 284
138 326 436 148
505 247 286 94
563 164 284 300
588 282 370 291
