5
6
L1 549 0
U2 174 0
L3 324 0
U4 261 0
L5 35 0
U6 245 0
18
394 68
561 61
100 40
112 262
164 246
178 175
169 96
194 309
99 178
206 255
581 90
9 132
372 187
527 294
244 84
499 105
28 252
131 132
2 L1
22 L1
364 287 549 0
509 64 549 0
40 124 549 0
494 323 549 0
270 236 549 0
247 68 549 0
537 148 549 0
382 257 549 0
118 257 549 0
104 70 549 0
183 271 549 0
361 176 549 0
17 121 549 0
301 292 549 0
347 90 549 0
581 110 549 0
211 285 549 0
176 297 549 0
14 88 549 0
522 147 549 0
364 178 549 0
50 78 549 0
2 L3
22 L3
258 342 324 0
344 215 324 0
2 98 324 0
97 342 324 0
316 74 324 0
457 161 324 0
338 266 324 0
497 247 324 0
491 206 324 0
533 330 324 0
273 58 324 0
582 237 324 0
393 123 324 0
274 83 324 0
19 277 324 0
510 257 324 0
205 241 324 0
483 139 324 0
304 56 324 0
65 295 324 0
119 294 324 0
232 247 324 0
2 L5
22 L5
275 178 35 0
37 236 35 0
430 193 35 0
178 264 35 0
297 190 35 0
296 251 35 0
598 213 35 0
67 222 35 0
169 197 35 0
522 336 35 0
426 156 35 0
1 77 35 0
218 234 35 0
436 324 35 0
305 106 35 0
276 337 35 0
590 290 35 0
371 66 35 0
327 195 35 0
484 222 35 0
540 313 35 0
9 331 35 0
2 U2
174 0 424 148
174 0 349 347
22 U2
174 0 99 305
174 0 173 336
174 0 306 263
174 0 442 292
174 0 286 184
174 0 384 82
174 0 150 142
174 0 55 138
174 0 470 223
174 0 127 69
174 0 340 133
174 0 243 117
174 0 492 183
174 0 160 286
174 0 356 115
174 0 384 120
174 0 407 315
174 0 56 300
174 0 464 86
174 0 219 174
174 0 511 326
174 0 409 67
2 U4
261 0 99 222
261 0 596 97
22 U4
261 0 267 171
261 0 545 149
261 0 193 190
261 0 472 320
261 0 136 132
261 0 492 290
261 0 505 99
261 0 532 200
261 0 467 267
261 0 483 222
261 0 43 170
261 0 179 56
261 0 546 289
261 0 180 180
261 0 507 172
261 0 477 246
261 0 497 102
261 0 6 122
261 0 99 289
261 0 439 158
261 0 279 128
261 0 325 81
2 U6
245 0 66 110
245 0 82 348
22 U6
245 0 284 321
245 0 340 298
245 0 243 300
245 0 444 205
245 0 427 136
245 0 229 301
245 0 366 59
245 0 204 161
245 0 423 130
245 0 317 219
245 0 194 285
245 0 349 121
245 0 430 307
245 0 253 179
245 0 349 260
245 0 442 111
245 0 569 54
245 0 152 323
245 0 284 106
245 0 71 111
245 0 203 87
245 0 204 163
7
364 287 434 245
258 342 559 212
275 178 455 325
509 64 187 186
344 215 14 149
37 236 228 349
40 124 253 155
