5
4
L1 336 0
U2 372 0
L3 45 0
U4 316 0
12
151 41
417 288
148 110
231 182
102 84
372 307
207 225
446 263
250 268
77 232
446 312
81 76
2 L1
22 L1
218 295 336 0
303 322 336 0
279 161 336 0
531 141 336 0
170 203 336 0
61 154 336 0
350 105 336 0
93 330 336 0
103 55 336 0
357 171 336 0
163 209 336 0
433 198 336 0
61 232 336 0
10 324 336 0
397 82 336 0
510 75 336 0
448 213 336 0
426 85 336 0
20 310 336 0
169 312 336 0
353 60 336 0
383 171 336 0
2 L3
22 L3
240 200 45 0
286 161 45 0
519 318 45 0
590 119 45 0
55 58 45 0
70 136 45 0
3 113 45 0
524 122 45 0
572 206 45 0
158 332 45 0
37 119 45 0
6 154 45 0
358 104 45 0
201 102 45 0
405 167 45 0
8 265 45 0
205 242 45 0
159 100 45 0
212 287 45 0
579 189 45 0
591 133 45 0
394 106 45 0
2 U2
372 0 558 101
372 0 446 118
22 U2
372 0 170 235
372 0 93 63
372 0 145 159
372 0 534 76
372 0 572 76
372 0 329 172
372 0 139 71
372 0 432 68
372 0 30 158
372 0 286 139
372 0 295 148
372 0 340 163
372 0 395 183
372 0 250 146
372 0 145 55
372 0 557 204
372 0 207 191
372 0 588 94
372 0 207 190
372 0 5 174
372 0 538 205
372 0 208 275
2 U4
316 0 230 218
316 0 10 338
22 U4
316 0 499 322
316 0 213 136
316 0 315 83
316 0 472 200
316 0 110 283
316 0 510 67
316 0 370 146
316 0 134 345
316 0 243 122
316 0 444 98
316 0 580 286
316 0 159 176
316 0 229 97
316 0 46 61
316 0 476 323
316 0 184 272
316 0 471 293
316 0 597 154
316 0 263 142
316 0 571 298
316 0 12 88
316 0 334 52
5
218 295 315 175
240 200 315 199
303 322 132 216
286 161 527 319
279 161 464 298
