3
3
L1 125 0
U2 276 0
L3 27 0
9
406 339
514 292
349 181
151 315
147 328
460 310
554 98
331 217
502 64
1 L1
10 L1
544 70 125 0
476 263 125 0
258 256 125 0
411 269 125 0
152 94 125 0
70 318 125 0
392 265 125 0
336 118 125 0
98 259 125 0
62 53 125 0
1 L3
10 L3
219 84 27 0
433 329 27 0
116 248 27 0
583 344 27 0
98 236 27 0
370 310 27 0
191 221 27 0
28 151 27 0
464 275 27 0
295 303 27 0
1 U2
276 0 277 228
10 U2
276 0 172 205
276 0 139 301
276 0 237 133
276 0 593 169
276 0 212 330
276 0 27 284
276 0 295 127
276 0 408 250
276 0 119 107
276 0 455 125
3
544 70 482 298
219 84 441 162
476 263 24 50
