4
5
L1 376 0
U2 424 0
L3 272 0
U4 66 0
L5 174 0
15
169 163
423 232
141 155
148 242
464 322
151 80
445 324
289 254
339 146
17 231
356 180
539 3
285 23
335 44
566 321
2 L1
22 L1
546 268 376 0
415 145 376 0
186 161 376 0
34 133 376 0
440 218 376 0
25 207 376 0
136 313 376 0
23 293 376 0
180 180 376 0
273 67 376 0
537 318 376 0
383 244 376 0
543 110 376 0
591 201 376 0
100 241 376 0
13 83 376 0
176 297 376 0
346 82 376 0
99 150 376 0
490 321 376 0
336 177 376 0
302 82 376 0
2 L3
22 L3
456 121 272 0
375 95 272 0
545 180 272 0
592 273 272 0
347 106 272 0
49 211 272 0
24 198 272 0
271 266 272 0
119 350 272 0
224 326 272 0
343 204 272 0
571 250 272 0
193 151 272 0
370 91 272 0
289 92 272 0
336 165 272 0
404 183 272 0
376 154 272 0
406 56 272 0
507 149 272 0
356 320 272 0
265 68 272 0
2 L5
22 L5
175 270 174 0
454 270 174 0
21 167 174 0
386 269 174 0
166 294 174 0
579 196 174 0
65 298 174 0
574 276 174 0
128 124 174 0
222 107 174 0
186 286 174 0
89 131 174 0
161 322 174 0
472 116 174 0
513 103 174 0
73 305 174 0
387 121 174 0
351 257 174 0
329 297 174 0
131 278 174 0
505 346 174 0
558 237 174 0
2 U2
424 0 297 81
424 0 297 221
22 U2
424 0 448 185
424 0 358 71
424 0 448 196
424 0 171 305
424 0 198 168
424 0 228 201
424 0 124 160
424 0 510 67
424 0 422 350
424 0 277 241
424 0 282 231
424 0 443 97
424 0 462 234
424 0 364 106
424 0 104 307
424 0 204 281
424 0 281 350
424 0 487 260
424 0 21 167
424 0 400 86
424 0 266 337
424 0 135 201
2 U4
66 0 417 228
66 0 272 217
22 U4
66 0 198 265
66 0 296 345
66 0 30 260
66 0 308 303
66 0 450 53
66 0 278 66
66 0 532 344
66 0 100 81
66 0 586 238
66 0 527 91
66 0 375 312
66 0 14 77
66 0 123 327
66 0 334 187
66 0 592 302
66 0 294 176
66 0 453 329
66 0 245 243
66 0 339 342
66 0 116 196
66 0 427 193
66 0 182 173
6
546 268 126 132
456 121 232 95
175 270 382 294
415 145 369 272
375 95 477 171
454 270 585 102
