5
4
L1 15 0
U2 288 0
L3 408 0
U4 254 0
20
36 273
459 38
560 117
567 327
298 120
257 78
237 14
38 166
540 270
300 241
535 299
559 9
539 156
156 32
534 216
260 223
301 264
115 330
464 283
301 183
2 L1
22 L1
303 89 15 0
215 126 15 0
81 152 15 0
410 303 15 0
18 335 15 0
503 77 15 0
516 228 15 0
584 348 15 0
187 131 15 0
342 346 15 0
235 179 15 0
580 281 15 0
207 339 15 0
552 195 15 0
543 183 15 0
380 270 15 0
573 205 15 0
244 89 15 0
586 237 15 0
404 232 15 0
255 242 15 0
104 147 15 0
2 L3
22 L3
233 75 408 0
152 287 408 0
577 342 408 0
355 169 408 0
107 240 408 0
582 339 408 0
80 115 408 0
306 195 408 0
444 337 408 0
205 122 408 0
511 341 408 0
378 347 408 0
546 97 408 0
161 253 408 0
371 95 408 0
21 223 408 0
302 58 408 0
212 60 408 0
41 132 408 0
369 105 408 0
562 320 408 0
493 323 408 0
2 U2
288 0 76 320
288 0 150 98
22 U2
288 0 112 206
288 0 292 239
288 0 228 303
288 0 189 295
288 0 229 164
288 0 196 170
288 0 144 81
288 0 528 293
288 0 221 146
288 0 295 258
288 0 124 198
288 0 385 158
288 0 547 344
288 0 91 262
288 0 142 104
288 0 367 302
288 0 64 276
288 0 402 58
288 0 301 67
288 0 378 229
288 0 104 160
288 0 220 112
2 U4
254 0 249 68
254 0 542 288
22 U4
254 0 515 112
254 0 439 195
254 0 270 276
254 0 460 72
254 0 528 191
254 0 578 110
254 0 419 227
254 0 511 105
254 0 445 114
254 0 172 161
254 0 156 110
254 0 417 187
254 0 125 129
254 0 414 201
254 0 262 150
254 0 252 95
254 0 230 206
254 0 331 106
254 0 522 349
254 0 242 146
254 0 290 165
254 0 379 151
5
303 89 582 241
233 75 565 252
215 126 18 253
152 287 78 75
81 152 237 154
