4
5
L1 392 0
U2 205 0
L3 121 0
U4 406 0
L5 11 0
15
572 66
238 285
60 122
506 46
90 38
549 26
289 85
377 99
187 298
527 252
313 247
376 254
188 251
362 113
515 91
2 L1
22 L1
281 218 392 0
377 308 392 0
386 171 392 0
414 278 392 0
445 78 392 0
143 238 392 0
274 213 392 0
65 66 392 0
36 165 392 0
599 312 392 0
62 320 392 0
445 227 392 0
173 342 392 0
453 77 392 0
206 159 392 0
541 256 392 0
139 290 392 0
225 110 392 0
596 347 392 0
19 50 392 0
397 72 392 0
387 173 392 0
2 L3
22 L3
397 156 121 0
475 179 121 0
97 58 121 0
578 272 121 0
442 116 121 0
312 271 121 0
133 276 121 0
584 56 121 0
467 126 121 0
330 248 121 0
377 307 121 0
48 120 121 0
151 331 121 0
513 185 121 0
103 278 121 0
13 260 121 0
384 308 121 0
461 103 121 0
164 83 121 0
6 53 121 0
108 79 121 0
154 56 121 0
2 L5
22 L5
11 313 11 0
586 71 11 0
79 350 11 0
291 70 11 0
104 70 11 0
341 132 11 0
523 245 11 0
41 177 11 0
139 63 11 0
585 86 11 0
153 100 11 0
60 233 11 0
548 243 11 0
70 67 11 0
524 50 11 0
517 311 11 0
423 87 11 0
392 302 11 0
530 198 11 0
535 83 11 0
425 138 11 0
270 156 11 0
2 U2
205 0 587 93
205 0 278 184
22 U2
205 0 443 111
205 0 535 104
205 0 542 203
205 0 18 120
205 0 127 144
205 0 174 110
205 0 7 56
205 0 585 303
205 0 415 349
205 0 556 120
205 0 247 241
205 0 137 88
205 0 226 146
205 0 520 142
205 0 399 105
205 0 401 160
205 0 342 336
205 0 539 212
205 0 431 108
205 0 584 316
205 0 119 91
205 0 196 68
2 U4
406 0 588 168
406 0 46 335
22 U4
406 0 599 217
406 0 30 216
406 0 250 270
406 0 473 281
406 0 396 54
406 0 589 57
406 0 353 169
406 0 138 281
406 0 133 220
406 0 441 168
406 0 466 332
406 0 100 126
406 0 157 197
406 0 445 152
406 0 256 218
406 0 109 99
406 0 525 115
406 0 7 94
406 0 244 256
406 0 570 158
406 0 314 285
406 0 224 162
11
281 218 316 143
397 156 425 54
11 313 455 162
377 308 489 298
475 179 29 135
586 71 148 321
386 171 501 206
97 58 578 345
79 350 41 180
414 278 579 158
578 272 518 319
