4
5
L1 286 0
U2 369 0
L3 518 0
U4 189 0
L5 439 0
20
108 97
313 140
533 273
213 50
105 90
180 154
162 212
242 229
87 339
325 220
379 94
561 260
548 45
283 264
9 125
53 215
275 146
461 17
485 311
274 268
2 L1
18 L1
331 227 286 0
278 283 286 0
245 273 286 0
268 219 286 0
211 316 286 0
491 71 286 0
569 291 286 0
259 219 286 0
275 235 286 0
200 161 286 0
278 341 286 0
531 334 286 0
247 323 286 0
117 170 286 0
353 140 286 0
538 240 286 0
274 267 286 0
468 310 286 0
2 L3
18 L3
449 242 518 0
99 310 518 0
117 318 518 0
597 283 518 0
565 95 518 0
534 59 518 0
331 137 518 0
92 58 518 0
277 225 518 0
168 136 518 0
89 71 518 0
226 72 518 0
306 96 518 0
527 313 518 0
587 112 518 0
353 250 518 0
21 244 518 0
355 66 518 0
2 L5
18 L5
377 90 439 0
95 177 439 0
4 248 439 0
88 157 439 0
599 150 439 0
205 340 439 0
19 54 439 0
1 254 439 0
19 77 439 0
38 158 439 0
270 338 439 0
510 104 439 0
422 116 439 0
367 149 439 0
215 266 439 0
345 331 439 0
155 217 439 0
111 348 439 0
2 U2
369 0 101 92
369 0 449 125
18 U2
369 0 50 208
369 0 87 90
369 0 440 297
369 0 102 346
369 0 561 181
369 0 333 158
369 0 399 99
369 0 99 313
369 0 342 101
369 0 115 138
369 0 69 179
369 0 516 183
369 0 577 128
369 0 529 280
369 0 125 276
369 0 468 127
369 0 509 121
369 0 239 338
2 U4
189 0 230 243
189 0 67 206
18 U4
189 0 16 237
189 0 365 216
189 0 381 130
189 0 367 240
189 0 586 255
189 0 418 150
189 0 181 350
189 0 451 96
189 0 130 85
189 0 562 184
189 0 493 264
189 0 89 156
189 0 194 64
189 0 44 83
189 0 518 186
189 0 416 124
189 0 280 332
189 0 198 231
14
331 227 255 167
449 242 599 322
377 90 541 135
278 283 69 349
99 310 258 259
95 177 469 196
245 273 71 54
117 318 313 310
4 248 487 105
268 219 591 228
597 283 220 108
88 157 379 250
211 316 215 156
565 95 238 187
