3
3
L1 130 0
U2 536 0
L3 381 0
15
80 226
115 251
40 168
76 252
0 81
175 176
270 335
459 196
144 116
117 98
277 350
106 337
496 142
255 190
107 102
1 L1
22 L1
301 149 130 0
315 176 130 0
293 226 130 0
364 118 130 0
199 207 130 0
343 246 130 0
53 212 130 0
35 220 130 0
301 145 130 0
136 188 130 0
130 271 130 0
68 286 130 0
572 225 130 0
463 128 130 0
113 162 130 0
366 230 130 0
537 132 130 0
262 213 130 0
34 86 130 0
506 186 130 0
502 304 130 0
10 293 130 0
1 L3
22 L3
540 87 381 0
467 99 381 0
185 105 381 0
398 272 381 0
2 318 381 0
489 183 381 0
13 171 381 0
474 173 381 0
162 317 381 0
600 339 381 0
281 281 381 0
568 109 381 0
100 224 381 0
416 226 381 0
241 168 381 0
117 197 381 0
266 312 381 0
3 249 381 0
551 116 381 0
131 231 381 0
472 216 381 0
326 246 381 0
1 U2
536 0 223 295
22 U2
536 0 445 88
536 0 160 114
536 0 9 316
536 0 172 126
536 0 357 223
536 0 534 75
536 0 264 201
536 0 595 60
536 0 419 224
536 0 124 259
536 0 336 208
536 0 582 297
536 0 192 65
536 0 163 158
536 0 172 268
536 0 340 102
536 0 472 227
536 0 429 311
536 0 61 260
536 0 520 142
536 0 151 57
536 0 328 269
7
301 149 375 258
540 87 294 348
315 176 347 260
467 99 415 127
293 226 80 176
185 105 320 152
364 118 257 129
