5
3
L1 548 0
U2 471 0
L3 471 0
9
171 158
33 271
522 249
295 147
546 24
357 291
417 208
593 311
207 140
2 L1
18 L1
595 222 548 0
175 109 548 0
248 130 548 0
568 134 548 0
450 62 548 0
82 256 548 0
266 167 548 0
379 232 548 0
600 196 548 0
2 253 548 0
29 253 548 0
169 192 548 0
189 321 548 0
267 311 548 0
518 216 548 0
444 184 548 0
50 330 548 0
540 138 548 0
2 L3
18 L3
579 283 471 0
90 215 471 0
460 297 471 0
133 342 471 0
408 296 471 0
252 86 471 0
14 159 471 0
25 282 471 0
357 148 471 0
374 344 471 0
363 318 471 0
529 317 471 0
383 224 471 0
305 322 471 0
187 290 471 0
293 251 471 0
420 132 471 0
12 142 471 0
2 U2
471 0 329 166
471 0 461 142
18 U2
471 0 493 301
471 0 448 235
471 0 417 121
471 0 19 317
471 0 151 221
471 0 76 155
471 0 375 57
471 0 357 160
471 0 219 168
471 0 580 235
471 0 139 251
471 0 416 308
471 0 593 157
471 0 52 166
471 0 68 203
471 0 96 190
471 0 428 76
471 0 354 335
3
595 222 267 338
579 283 524 305
175 109 79 272
