5
3
L1 558 0
U2 305 0
L3 250 0
15
164 350
371 101
142 64
484 328
199 162
226 78
156 76
531 247
5 15
590 143
243 136
573 10
340 101
133 52
532 271
2 L1
18 L1
365 145 558 0
32 259 558 0
189 241 558 0
165 226 558 0
230 88 558 0
69 327 558 0
331 110 558 0
366 289 558 0
536 334 558 0
317 312 558 0
483 230 558 0
59 139 558 0
567 78 558 0
513 248 558 0
167 314 558 0
98 303 558 0
485 151 558 0
57 112 558 0
2 L3
18 L3
91 122 250 0
311 120 250 0
293 265 250 0
150 347 250 0
585 66 250 0
450 337 250 0
117 157 250 0
447 62 250 0
358 96 250 0
408 261 250 0
25 140 250 0
493 62 250 0
234 58 250 0
109 157 250 0
193 109 250 0
70 52 250 0
600 141 250 0
208 100 250 0
2 U2
305 0 70 159
305 0 574 221
18 U2
305 0 308 205
305 0 509 128
305 0 29 280
305 0 528 294
305 0 539 233
305 0 24 78
305 0 477 99
305 0 220 94
305 0 441 214
305 0 65 180
305 0 423 174
305 0 568 190
305 0 294 292
305 0 198 171
305 0 294 306
305 0 126 222
305 0 479 138
305 0 475 291
9
365 145 285 106
91 122 559 264
32 259 77 214
311 120 5 342
189 241 289 251
293 265 532 93
165 226 356 231
150 347 307 153
230 88 374 70
