3
4
L1 568 0
U2 599 0
L3 205 0
U4 484 0
12
181 97
339 188
174 324
152 120
389 210
432 208
443 131
399 315
488 64
357 162
569 119
127 272
1 L1
10 L1
103 100 568 0
142 103 568 0
77 118 568 0
34 218 568 0
307 305 568 0
167 234 568 0
275 315 568 0
444 151 568 0
260 146 568 0
47 77 568 0
1 L3
10 L3
303 132 205 0
170 343 205 0
578 213 205 0
236 329 205 0
455 163 205 0
386 323 205 0
540 178 205 0
425 155 205 0
227 139 205 0
455 55 205 0
1 U2
599 0 414 90
10 U2
599 0 328 69
599 0 128 178
599 0 168 116
599 0 247 299
599 0 112 62
599 0 595 64
599 0 86 232
599 0 20 147
599 0 1 138
599 0 389 139
1 U4
484 0 148 155
10 U4
484 0 308 320
484 0 167 82
484 0 233 233
484 0 3 201
484 0 228 74
484 0 244 174
484 0 93 90
484 0 455 301
484 0 246 82
484 0 489 130
6
103 100 35 327
303 132 164 194
142 103 148 53
170 343 597 330
77 118 240 82
578 213 600 309
