4
4
L1 337 0
U2 427 0
L3 61 0
U4 596 0
16
105 250
418 123
185 149
297 61
384 30
405 249
4 269
132 330
332 202
268 54
21 236
310 30
432 197
449 158
153 315
46 246
2 L1
22 L1
210 177 337 0
475 108 337 0
260 179 337 0
298 226 337 0
22 78 337 0
454 206 337 0
544 307 337 0
524 172 337 0
218 114 337 0
469 312 337 0
559 214 337 0
13 301 337 0
481 234 337 0
180 324 337 0
481 286 337 0
347 196 337 0
1 335 337 0
470 290 337 0
222 99 337 0
10 207 337 0
453 200 337 0
373 84 337 0
2 L3
22 L3
84 152 61 0
164 60 61 0
45 279 61 0
58 127 61 0
565 329 61 0
429 172 61 0
369 98 61 0
127 183 61 0
369 118 61 0
310 340 61 0
42 78 61 0
600 157 61 0
246 213 61 0
429 65 61 0
508 193 61 0
428 210 61 0
50 311 61 0
112 216 61 0
561 216 61 0
461 217 61 0
577 273 61 0
446 155 61 0
2 U2
427 0 340 113
427 0 213 338
22 U2
427 0 57 314
427 0 364 332
427 0 103 155
427 0 466 111
427 0 411 197
427 0 100 241
427 0 30 61
427 0 375 96
427 0 333 62
427 0 489 349
427 0 200 347
427 0 3 136
427 0 372 308
427 0 137 67
427 0 109 82
427 0 395 301
427 0 478 251
427 0 23 242
427 0 321 239
427 0 305 344
427 0 176 295
427 0 439 79
2 U4
596 0 506 226
596 0 91 53
22 U4
596 0 421 65
596 0 297 150
596 0 186 89
596 0 213 342
596 0 125 253
596 0 441 219
596 0 428 317
596 0 282 119
596 0 222 279
596 0 555 235
596 0 283 208
596 0 334 102
596 0 180 315
596 0 428 188
596 0 541 150
596 0 81 322
596 0 528 105
596 0 163 266
596 0 553 204
596 0 517 58
596 0 85 58
596 0 242 105
9
210 177 204 97
84 152 141 53
475 108 184 180
164 60 124 291
260 179 505 109
45 279 422 201
298 226 579 247
58 127 566 333
22 78 576 170
