3
6
L1 535 0
U2 133 0
L3 583 0
U4 506 0
L5 589 0
U6 552 0
24
399 259
420 341
511 343
566 63
245 152
235 150
164 334
358 121
485 82
580 146
497 39
594 46
570 192
596 278
288 24
223 222
32 9
517 122
495 2
243 148
531 264
410 70
437 178
1 61
1 L1
10 L1
517 321 535 0
214 134 535 0
261 140 535 0
156 272 535 0
240 59 535 0
343 211 535 0
562 174 535 0
126 263 535 0
14 111 535 0
503 234 535 0
1 L3
10 L3
535 88 583 0
33 176 583 0
410 296 583 0
384 238 583 0
461 183 583 0
219 86 583 0
322 220 583 0
161 133 583 0
442 309 583 0
108 141 583 0
1 L5
10 L5
358 251 589 0
191 152 589 0
143 187 589 0
219 279 589 0
403 217 589 0
441 231 589 0
354 250 589 0
453 211 589 0
300 283 589 0
119 205 589 0
1 U2
133 0 412 316
10 U2
133 0 436 170
133 0 355 279
133 0 586 296
133 0 97 66
133 0 101 199
133 0 72 128
133 0 563 292
133 0 200 79
133 0 489 210
133 0 354 139
1 U4
506 0 2 251
10 U4
506 0 111 102
506 0 541 318
506 0 291 163
506 0 68 70
506 0 426 225
506 0 482 62
506 0 334 128
506 0 66 195
506 0 93 259
506 0 385 212
1 U6
552 0 538 181
10 U6
552 0 447 192
552 0 396 286
552 0 349 230
552 0 94 208
552 0 256 162
552 0 491 296
552 0 74 229
552 0 381 256
552 0 348 64
552 0 100 58
9
517 321 371 326
535 88 309 315
358 251 389 342
214 134 526 302
33 176 441 225
191 152 157 342
261 140 76 59
410 296 207 318
143 187 433 313
