3
4
L1 304 0
U2 84 0
L3 488 0
U4 294 0
12
5 325
521 161
439 281
172 319
600 69
318 119
166 28
489 6
269 208
164 323
150 48
227 237
1 L1
18 L1
356 221 304 0
245 349 304 0
257 304 304 0
229 337 304 0
20 324 304 0
354 346 304 0
509 61 304 0
240 221 304 0
164 243 304 0
190 96 304 0
400 157 304 0
334 328 304 0
346 317 304 0
126 278 304 0
48 282 304 0
530 157 304 0
584 343 304 0
371 277 304 0
1 L3
18 L3
271 55 488 0
48 259 488 0
212 325 488 0
292 253 488 0
559 220 488 0
441 261 488 0
255 52 488 0
515 136 488 0
523 145 488 0
367 55 488 0
94 273 488 0
220 206 488 0
43 52 488 0
157 320 488 0
181 222 488 0
536 71 488 0
511 97 488 0
254 62 488 0
1 U2
84 0 509 56
18 U2
84 0 374 177
84 0 288 123
84 0 32 86
84 0 250 99
84 0 233 149
84 0 580 245
84 0 396 230
84 0 441 241
84 0 286 141
84 0 17 186
84 0 232 199
84 0 298 207
84 0 23 101
84 0 574 194
84 0 278 286
84 0 489 284
84 0 523 252
84 0 488 197
1 U4
294 0 207 238
18 U4
294 0 366 54
294 0 88 216
294 0 546 315
294 0 513 98
294 0 74 331
294 0 208 184
294 0 91 303
294 0 394 307
294 0 435 349
294 0 391 344
294 0 476 64
294 0 188 272
294 0 449 119
294 0 184 107
294 0 132 57
294 0 68 329
294 0 455 167
294 0 383 312
11
356 221 435 320
271 55 590 194
245 349 316 347
48 259 297 241
257 304 120 189
212 325 412 186
229 337 593 79
292 253 470 176
20 324 82 246
559 220 185 65
354 346 253 65
