4
3
L1 67 0
U2 286 0
L3 582 0
12
558 124
139 350
160 115
349 168
179 343
229 136
494 151
326 342
269 233
365 42
414 208
544 51
2 L1
14 L1
536 300 67 0
168 133 67 0
96 214 67 0
138 290 67 0
30 335 67 0
283 311 67 0
321 142 67 0
338 107 67 0
211 232 67 0
502 203 67 0
14 170 67 0
157 85 67 0
201 142 67 0
404 58 67 0
2 L3
14 L3
267 323 582 0
171 200 582 0
446 174 582 0
365 234 582 0
129 161 582 0
321 279 582 0
185 167 582 0
180 79 582 0
71 242 582 0
314 332 582 0
176 314 582 0
36 85 582 0
242 77 582 0
177 197 582 0
2 U2
286 0 7 327
286 0 45 169
14 U2
286 0 536 253
286 0 569 138
286 0 324 266
286 0 346 190
286 0 578 165
286 0 504 105
286 0 198 118
286 0 291 108
286 0 543 347
286 0 595 233
286 0 91 165
286 0 321 108
286 0 382 210
286 0 559 173
3
536 300 434 64
267 323 388 72
168 133 33 203
