5
4
L1 344 0
U2 495 0
L3 340 0
U4 45 0
12
342 180
224 211
262 150
380 61
232 78
0 204
103 308
505 304
435 21
481 50
101 295
433 40
2 L1
22 L1
470 265 344 0
60 85 344 0
296 58 344 0
81 343 344 0
219 318 344 0
550 339 344 0
145 180 344 0
145 195 344 0
22 196 344 0
406 196 344 0
366 174 344 0
222 156 344 0
142 301 344 0
423 188 344 0
89 301 344 0
248 167 344 0
232 212 344 0
281 269 344 0
468 70 344 0
518 144 344 0
335 325 344 0
272 318 344 0
2 L3
22 L3
165 80 340 0
290 81 340 0
67 161 340 0
269 344 340 0
586 125 340 0
260 213 340 0
285 140 340 0
307 340 340 0
129 349 340 0
554 273 340 0
233 267 340 0
148 288 340 0
411 205 340 0
490 206 340 0
250 157 340 0
558 120 340 0
232 183 340 0
535 168 340 0
286 288 340 0
590 251 340 0
171 136 340 0
47 326 340 0
2 U2
495 0 523 68
495 0 407 266
22 U2
495 0 66 227
495 0 366 332
495 0 366 212
495 0 392 55
495 0 325 249
495 0 70 89
495 0 450 259
495 0 308 232
495 0 567 257
495 0 317 184
495 0 245 349
495 0 597 334
495 0 528 205
495 0 9 51
495 0 190 227
495 0 259 335
495 0 494 242
495 0 590 329
495 0 568 280
495 0 23 263
495 0 33 112
495 0 538 58
2 U4
45 0 587 294
45 0 233 299
22 U4
45 0 430 66
45 0 122 330
45 0 116 255
45 0 147 103
45 0 488 249
45 0 169 116
45 0 149 301
45 0 467 338
45 0 69 202
45 0 135 239
45 0 530 112
45 0 242 251
45 0 378 333
45 0 506 159
45 0 24 189
45 0 188 278
45 0 468 302
45 0 558 202
45 0 502 161
45 0 521 228
45 0 567 98
45 0 519 70
14
470 265 366 124
165 80 109 98
60 85 533 317
290 81 428 64
296 58 389 227
67 161 85 210
81 343 235 146
269 344 433 270
219 318 167 134
586 125 451 236
550 339 272 84
260 213 105 100
145 180 571 157
285 140 51 347
