3
4
L1 415 0
U2 297 0
L3 161 0
U4 365 0
20
423 88
519 223
196 104
236 71
487 77
511 223
83 147
41 180
364 274
69 248
185 159
85 273
588 128
411 184
244 138
585 79
525 38
417 214
444 162
473 145
1 L1
14 L1
33 200 415 0
75 284 415 0
467 126 415 0
333 170 415 0
333 286 415 0
367 308 415 0
320 314 415 0
286 146 415 0
537 238 415 0
571 312 415 0
272 137 415 0
443 50 415 0
149 125 415 0
183 328 415 0
1 L3
14 L3
319 138 161 0
339 239 161 0
529 263 161 0
220 277 161 0
571 83 161 0
529 130 161 0
211 186 161 0
171 188 161 0
494 269 161 0
416 182 161 0
539 64 161 0
354 276 161 0
75 188 161 0
371 294 161 0
1 U2
297 0 382 195
14 U2
297 0 407 294
297 0 405 303
297 0 378 180
297 0 250 103
297 0 259 216
297 0 437 228
297 0 108 118
297 0 287 266
297 0 274 241
297 0 341 198
297 0 108 174
297 0 512 88
297 0 469 120
297 0 414 153
1 U4
365 0 501 279
14 U4
365 0 579 245
365 0 539 286
365 0 267 110
365 0 449 235
365 0 93 50
365 0 281 240
365 0 160 345
365 0 239 122
365 0 407 116
365 0 541 250
365 0 164 252
365 0 192 104
365 0 4 161
365 0 72 300
3
33 200 408 329
319 138 454 269
75 284 475 101
