5
6
L1 380 0
U2 493 0
L3 118 0
U4 165 0
L5 16 0
U6 121 0
24
201 49
576 132
584 217
133 117
264 241
425 243
314 305
540 45
342 331
447 84
532 334
292 71
395 188
539 0
192 137
97 42
40 61
117 237
181 331
318 12
351 149
396 172
551 253
246 74
2 L1
22 L1
279 319 380 0
239 294 380 0
466 292 380 0
514 233 380 0
322 172 380 0
108 292 380 0
118 248 380 0
173 106 380 0
471 69 380 0
384 193 380 0
270 215 380 0
161 112 380 0
285 160 380 0
398 62 380 0
438 239 380 0
13 137 380 0
191 69 380 0
384 282 380 0
248 257 380 0
149 169 380 0
480 347 380 0
146 67 380 0
2 L3
22 L3
548 255 118 0
549 91 118 0
586 67 118 0
169 66 118 0
398 101 118 0
481 76 118 0
407 299 118 0
276 167 118 0
387 205 118 0
213 342 118 0
496 200 118 0
516 131 118 0
421 150 118 0
23 328 118 0
389 291 118 0
537 115 118 0
389 337 118 0
483 317 118 0
290 170 118 0
21 98 118 0
403 251 118 0
597 203 118 0
2 L5
22 L5
9 311 16 0
334 96 16 0
370 66 16 0
301 192 16 0
100 323 16 0
307 239 16 0
558 221 16 0
25 265 16 0
2 144 16 0
140 308 16 0
171 102 16 0
126 291 16 0
544 235 16 0
83 164 16 0
329 234 16 0
318 255 16 0
359 64 16 0
16 334 16 0
153 207 16 0
100 108 16 0
167 136 16 0
591 134 16 0
2 U2
493 0 52 188
493 0 73 63
22 U2
493 0 543 74
493 0 584 159
493 0 260 299
493 0 270 90
493 0 23 233
493 0 105 180
493 0 329 127
493 0 540 136
493 0 192 208
493 0 319 318
493 0 212 231
493 0 321 193
493 0 143 245
493 0 270 236
493 0 469 224
493 0 238 303
493 0 387 73
493 0 272 185
493 0 428 333
493 0 594 316
493 0 427 219
493 0 70 106
2 U4
165 0 19 69
165 0 179 78
22 U4
165 0 203 260
165 0 419 126
165 0 145 313
165 0 304 163
165 0 126 181
165 0 460 262
165 0 532 290
165 0 24 227
165 0 180 250
165 0 490 78
165 0 298 58
165 0 452 271
165 0 262 202
165 0 140 134
165 0 4 88
165 0 434 74
165 0 340 296
165 0 269 83
165 0 201 217
165 0 478 120
165 0 154 303
165 0 153 286
2 U6
121 0 549 83
121 0 600 109
22 U6
121 0 36 346
121 0 43 257
121 0 478 74
121 0 376 226
121 0 170 64
121 0 281 223
121 0 113 223
121 0 555 139
121 0 155 185
121 0 8 224
121 0 598 119
121 0 486 164
121 0 449 97
121 0 261 192
121 0 371 310
121 0 496 135
121 0 212 301
121 0 552 272
121 0 399 331
121 0 159 297
121 0 485 174
121 0 508 304
20
279 319 187 279
548 255 453 261
9 311 461 330
239 294 171 128
549 91 36 151
334 96 260 345
466 292 332 327
586 67 575 133
370 66 509 282
514 233 227 240
169 66 178 260
301 192 155 248
322 172 268 211
398 101 82 251
100 323 352 302
108 292 276 108
481 76 596 239
307 239 459 150
118 248 428 96
407 299 13 341
