3
4
L1 567 0
U2 255 0
L3 14 0
U4 509 0
12
385 24
460 87
127 31
68 118
213 59
52 292
338 87
325 139
386 328
566 288
595 99
191 346
1 L1
18 L1
557 157 567 0
131 158 567 0
111 212 567 0
90 265 567 0
445 82 567 0
450 58 567 0
363 166 567 0
221 296 567 0
285 321 567 0
127 285 567 0
157 91 567 0
15 52 567 0
539 106 567 0
125 199 567 0
353 92 567 0
185 210 567 0
385 153 567 0
119 163 567 0
1 L3
18 L3
495 295 14 0
271 233 14 0
471 236 14 0
264 343 14 0
470 347 14 0
492 259 14 0
490 310 14 0
122 166 14 0
435 288 14 0
229 323 14 0
158 322 14 0
381 310 14 0
581 306 14 0
100 195 14 0
56 161 14 0
352 119 14 0
195 72 14 0
242 226 14 0
1 U2
255 0 249 307
18 U2
255 0 135 61
255 0 452 278
255 0 507 71
255 0 209 229
255 0 177 212
255 0 99 166
255 0 344 235
255 0 20 244
255 0 461 259
255 0 535 339
255 0 401 267
255 0 128 131
255 0 583 100
255 0 495 77
255 0 193 267
255 0 248 287
255 0 336 154
255 0 243 50
1 U4
509 0 16 54
18 U4
509 0 302 68
509 0 180 196
509 0 274 146
509 0 463 240
509 0 244 328
509 0 112 349
509 0 437 346
509 0 335 63
509 0 190 229
509 0 86 173
509 0 468 193
509 0 568 173
509 0 21 51
509 0 130 179
509 0 403 91
509 0 383 107
509 0 341 158
509 0 399 213
8
557 157 223 157
495 295 436 285
131 158 483 92
271 233 39 177
111 212 221 149
471 236 93 100
90 265 250 117
264 343 375 146
