3
5
L1 233 0
U2 404 0
L3 403 0
U4 181 0
L5 118 0
25
351 138
218 224
280 291
28 28
95 226
139 114
304 174
169 35
432 113
115 127
191 266
174 71
125 195
266 251
60 122
335 344
441 80
52 235
358 14
528 119
142 1
286 214
138 74
65 66
390 105
1 L1
14 L1
61 145 233 0
266 257 233 0
259 345 233 0
433 88 233 0
48 223 233 0
515 108 233 0
418 123 233 0
8 192 233 0
151 58 233 0
293 138 233 0
251 246 233 0
449 235 233 0
244 278 233 0
206 238 233 0
1 L3
14 L3
371 145 403 0
70 67 403 0
179 168 403 0
587 349 403 0
83 243 403 0
37 291 403 0
220 325 403 0
409 276 403 0
525 150 403 0
411 297 403 0
481 274 403 0
195 71 403 0
296 86 403 0
135 109 403 0
1 L5
14 L5
180 219 118 0
420 59 118 0
10 128 118 0
38 88 118 0
459 145 118 0
527 217 118 0
169 194 118 0
181 222 118 0
334 306 118 0
504 163 118 0
376 214 118 0
311 64 118 0
204 200 118 0
502 178 118 0
1 U2
404 0 147 189
14 U2
404 0 571 117
404 0 248 305
404 0 480 116
404 0 95 132
404 0 548 55
404 0 364 64
404 0 446 98
404 0 471 301
404 0 183 249
404 0 395 317
404 0 580 203
404 0 445 295
404 0 379 221
404 0 28 301
1 U4
181 0 346 285
14 U4
181 0 173 333
181 0 519 272
181 0 79 86
181 0 469 335
181 0 77 271
181 0 562 53
181 0 192 150
181 0 140 284
181 0 512 173
181 0 460 323
181 0 253 280
181 0 465 125
181 0 173 167
181 0 335 161
4
61 145 50 286
371 145 397 116
180 219 196 90
266 257 33 164
