3
5
L1 281 0
U2 535 0
L3 132 0
U4 583 0
L5 539 0
25
182 334
261 139
336 215
486 122
255 84
431 257
527 308
595 338
353 210
74 338
142 7
376 34
163 74
149 109
385 190
577 81
250 268
402 186
431 256
232 82
278 128
400 152
515 95
296 192
599 8
1 L1
18 L1
231 51 281 0
471 156 281 0
333 239 281 0
426 81 281 0
575 334 281 0
54 273 281 0
114 180 281 0
26 92 281 0
508 146 281 0
264 216 281 0
383 116 281 0
10 150 281 0
64 157 281 0
345 95 281 0
417 315 281 0
43 333 281 0
267 198 281 0
52 77 281 0
1 L3
18 L3
182 341 132 0
115 317 132 0
427 79 132 0
171 333 132 0
194 183 132 0
553 223 132 0
67 221 132 0
250 221 132 0
256 82 132 0
482 72 132 0
83 197 132 0
349 280 132 0
137 193 132 0
33 146 132 0
176 259 132 0
279 171 132 0
227 292 132 0
57 268 132 0
1 L5
18 L5
78 234 539 0
344 251 539 0
273 320 539 0
17 179 539 0
172 193 539 0
2 247 539 0
416 91 539 0
214 205 539 0
171 214 539 0
282 169 539 0
4 288 539 0
113 225 539 0
393 326 539 0
263 282 539 0
573 264 539 0
189 222 539 0
509 219 539 0
421 122 539 0
1 U2
535 0 194 145
18 U2
535 0 112 60
535 0 501 171
535 0 540 96
535 0 430 248
535 0 140 223
535 0 553 136
535 0 371 82
535 0 127 345
535 0 534 335
535 0 242 296
535 0 439 348
535 0 1 158
535 0 345 67
535 0 339 184
535 0 579 114
535 0 483 92
535 0 162 109
535 0 413 158
1 U4
583 0 561 161
18 U4
583 0 260 103
583 0 263 50
583 0 579 208
583 0 249 310
583 0 452 305
583 0 503 312
583 0 481 289
583 0 339 236
583 0 166 228
583 0 449 118
583 0 28 127
583 0 493 134
583 0 259 244
583 0 255 183
583 0 450 339
583 0 26 118
583 0 180 252
583 0 546 183
5
231 51 368 288
182 341 8 168
78 234 479 298
471 156 465 342
115 317 84 285
