3
5
L1 362 0
U2 523 0
L3 154 0
U4 546 0
L5 568 0
20
350 79
86 144
18 10
468 110
481 350
311 153
370 19
475 226
411 125
584 198
369 340
351 19
231 319
348 62
83 111
59 322
137 266
364 202
11 189
237 312
1 L1
22 L1
86 120 362 0
96 82 362 0
445 91 362 0
342 250 362 0
110 151 362 0
87 196 362 0
396 249 362 0
584 258 362 0
63 249 362 0
432 152 362 0
371 230 362 0
103 321 362 0
477 242 362 0
427 168 362 0
96 104 362 0
118 139 362 0
573 77 362 0
471 96 362 0
185 271 362 0
170 207 362 0
519 299 362 0
234 130 362 0
1 L3
22 L3
308 100 154 0
568 142 154 0
14 333 154 0
172 161 154 0
413 97 154 0
287 154 154 0
558 69 154 0
31 84 154 0
431 257 154 0
42 198 154 0
546 155 154 0
526 333 154 0
520 66 154 0
360 134 154 0
234 203 154 0
187 188 154 0
161 327 154 0
438 265 154 0
84 265 154 0
452 250 154 0
372 320 154 0
177 115 154 0
1 L5
22 L5
351 231 568 0
378 236 568 0
461 170 568 0
407 118 568 0
92 199 568 0
547 238 568 0
111 63 568 0
187 170 568 0
217 97 568 0
468 235 568 0
531 100 568 0
519 229 568 0
299 233 568 0
572 350 568 0
104 136 568 0
324 138 568 0
351 302 568 0
573 259 568 0
189 331 568 0
207 232 568 0
304 234 568 0
364 106 568 0
1 U2
523 0 256 69
22 U2
523 0 470 85
523 0 102 50
523 0 90 130
523 0 600 161
523 0 176 94
523 0 338 57
523 0 328 103
523 0 280 302
523 0 521 199
523 0 419 324
523 0 519 306
523 0 521 286
523 0 550 75
523 0 456 318
523 0 345 83
523 0 537 178
523 0 301 118
523 0 258 237
523 0 195 182
523 0 548 92
523 0 272 331
523 0 86 180
1 U4
546 0 140 317
22 U4
546 0 540 226
546 0 33 273
546 0 406 165
546 0 497 163
546 0 557 240
546 0 226 119
546 0 131 344
546 0 279 120
546 0 246 66
546 0 406 285
546 0 149 322
546 0 53 236
546 0 134 308
546 0 423 165
546 0 493 328
546 0 285 82
546 0 340 145
546 0 505 317
546 0 530 219
546 0 478 192
546 0 567 193
546 0 528 76
17
86 120 452 80
308 100 14 95
351 231 493 305
96 82 440 193
568 142 4 177
378 236 402 95
445 91 337 168
14 333 210 125
461 170 106 125
342 250 565 292
172 161 20 234
407 118 6 313
110 151 207 71
413 97 561 51
92 199 144 148
87 196 243 182
287 154 316 121
