5
6
L1 542 0
U2 196 0
L3 408 0
U4 414 0
L5 153 0
U6 392 0
30
346 110
509 246
325 65
89 67
95 169
458 17
550 297
498 77
282 21
598 144
464 18
257 1
470 293
209 195
96 99
359 2
325 303
480 92
338 43
290 306
491 96
386 100
349 186
294 188
417 141
197 76
268 176
541 149
166 143
452 302
2 L1
10 L1
509 335 542 0
382 223 542 0
408 304 542 0
455 221 542 0
387 201 542 0
167 96 542 0
489 338 542 0
22 331 542 0
203 244 542 0
589 80 542 0
2 L3
10 L3
259 349 408 0
24 209 408 0
467 291 408 0
555 336 408 0
51 155 408 0
18 220 408 0
450 311 408 0
5 286 408 0
20 125 408 0
551 134 408 0
2 L5
10 L5
544 327 153 0
497 317 153 0
260 337 153 0
357 324 153 0
369 73 153 0
577 195 153 0
310 172 153 0
138 162 153 0
340 136 153 0
36 260 153 0
2 U2
196 0 246 60
196 0 524 267
10 U2
196 0 60 123
196 0 378 170
196 0 255 349
196 0 504 56
196 0 469 226
196 0 232 275
196 0 251 297
196 0 436 233
196 0 409 62
196 0 404 168
2 U4
414 0 346 97
414 0 123 95
10 U4
414 0 385 143
414 0 565 71
414 0 17 64
414 0 574 95
414 0 551 322
414 0 198 71
414 0 494 237
414 0 280 255
414 0 540 179
414 0 14 328
2 U6
392 0 260 307
392 0 433 271
10 U6
392 0 125 151
392 0 174 340
392 0 547 125
392 0 29 294
392 0 321 182
392 0 55 227
392 0 277 150
392 0 41 104
392 0 194 242
392 0 294 325
6
509 335 324 88
259 349 447 74
544 327 576 201
382 223 24 53
24 209 490 219
497 317 390 276
