3
6
L1 128 0
U2 594 0
L3 335 0
U4 496 0
L5 456 0
U6 478 0
24
323 127
452 319
553 42
377 98
441 219
96 218
538 298
340 181
208 200
215 63
258 254
564 249
94 146
535 348
196 154
207 98
277 167
239 168
440 63
70 235
311 305
53 58
434 30
239 55
1 L1
18 L1
329 273 128 0
86 349 128 0
496 208 128 0
510 291 128 0
409 120 128 0
226 344 128 0
324 120 128 0
595 83 128 0
131 124 128 0
384 234 128 0
309 320 128 0
264 71 128 0
290 194 128 0
529 110 128 0
222 105 128 0
294 161 128 0
224 345 128 0
519 163 128 0
1 L3
18 L3
57 130 335 0
415 59 335 0
361 122 335 0
414 216 335 0
457 83 335 0
535 206 335 0
135 290 335 0
41 236 335 0
369 224 335 0
254 333 335 0
216 127 335 0
263 144 335 0
577 323 335 0
359 113 335 0
241 184 335 0
258 307 335 0
343 224 335 0
447 326 335 0
1 L5
18 L5
389 51 456 0
113 245 456 0
280 59 456 0
492 99 456 0
521 117 456 0
193 347 456 0
29 102 456 0
113 160 456 0
569 217 456 0
535 98 456 0
46 230 456 0
360 137 456 0
280 190 456 0
32 347 456 0
190 122 456 0
501 307 456 0
172 311 456 0
335 209 456 0
1 U2
594 0 128 174
18 U2
594 0 253 70
594 0 562 263
594 0 532 138
594 0 274 87
594 0 353 95
594 0 358 219
594 0 412 294
594 0 420 292
594 0 385 150
594 0 535 303
594 0 360 224
594 0 2 201
594 0 43 314
594 0 158 133
594 0 456 321
594 0 51 235
594 0 401 109
594 0 171 265
1 U4
496 0 482 196
18 U4
496 0 496 237
496 0 268 152
496 0 385 178
496 0 305 222
496 0 532 332
496 0 553 317
496 0 456 163
496 0 494 275
496 0 16 58
496 0 151 99
496 0 246 54
496 0 74 165
496 0 65 76
496 0 284 207
496 0 404 212
496 0 40 218
496 0 1 236
496 0 555 185
1 U6
478 0 213 220
18 U6
478 0 71 239
478 0 66 297
478 0 505 273
478 0 468 163
478 0 465 179
478 0 363 338
478 0 21 220
478 0 350 81
478 0 375 147
478 0 89 143
478 0 209 329
478 0 193 224
478 0 79 200
478 0 487 335
478 0 248 349
478 0 325 120
478 0 300 340
478 0 182 104
11
329 273 563 114
57 130 53 211
389 51 237 266
86 349 241 318
415 59 239 214
113 245 446 250
496 208 228 271
361 122 127 267
280 59 233 276
510 291 246 61
414 216 494 258
