5
6
L1 570 0
U2 243 0
L3 252 0
U4 173 0
L5 250 0
U6 458 0
24
293 198
145 271
301 333
464 20
111 14
111 82
111 245
206 333
577 256
300 147
324 131
359 190
46 86
249 50
419 169
418 52
567 252
142 40
444 103
169 266
411 225
587 167
399 96
226 114
2 L1
10 L1
381 158 570 0
454 248 570 0
457 228 570 0
19 188 570 0
297 164 570 0
190 298 570 0
74 309 570 0
381 283 570 0
556 208 570 0
286 87 570 0
2 L3
10 L3
389 146 252 0
106 105 252 0
455 217 252 0
250 212 252 0
456 184 252 0
565 350 252 0
554 162 252 0
297 318 252 0
206 284 252 0
292 323 252 0
2 L5
10 L5
586 87 250 0
529 161 250 0
59 151 250 0
49 337 250 0
13 212 250 0
180 164 250 0
412 59 250 0
349 160 250 0
328 194 250 0
235 327 250 0
2 U2
243 0 262 304
243 0 398 329
10 U2
243 0 196 278
243 0 587 278
243 0 65 198
243 0 262 264
243 0 292 333
243 0 564 345
243 0 566 168
243 0 472 287
243 0 203 58
243 0 122 342
2 U4
173 0 401 280
173 0 586 112
10 U4
173 0 129 277
173 0 189 331
173 0 99 205
173 0 209 192
173 0 358 283
173 0 200 136
173 0 92 67
173 0 355 163
173 0 352 247
173 0 147 315
2 U6
458 0 193 122
458 0 168 137
10 U6
458 0 233 260
458 0 432 245
458 0 117 259
458 0 421 105
458 0 238 136
458 0 271 146
458 0 111 84
458 0 109 187
458 0 163 106
458 0 403 253
3
381 158 41 66
389 146 73 152
586 87 511 296
