3
3
L1 128 0
U2 373 0
L3 199 0
12
518 141
207 14
279 2
339 195
227 288
556 138
305 136
504 52
468 180
553 128
578 197
275 172
1 L1
14 L1
117 340 128 0
157 252 128 0
129 332 128 0
296 282 128 0
442 57 128 0
116 284 128 0
161 139 128 0
426 98 128 0
546 125 128 0
457 142 128 0
488 246 128 0
367 280 128 0
334 224 128 0
139 260 128 0
1 L3
14 L3
81 290 199 0
49 240 199 0
272 139 199 0
251 305 199 0
554 293 199 0
337 334 199 0
341 51 199 0
435 161 199 0
334 285 199 0
131 69 199 0
400 255 199 0
534 271 199 0
123 155 199 0
566 314 199 0
1 U2
373 0 193 337
14 U2
373 0 158 212
373 0 448 323
373 0 462 241
373 0 91 264
373 0 282 163
373 0 139 66
373 0 172 257
373 0 549 159
373 0 148 333
373 0 525 326
373 0 397 303
373 0 111 330
373 0 183 135
373 0 526 97
3
117 340 449 221
81 290 514 327
157 252 515 328
