4
5
L1 588 0
U2 511 0
L3 280 0
U4 395 0
L5 450 0
20
380 296
155 247
353 142
164 255
311 20
32 196
221 214
185 0
493 184
198 29
377 40
350 340
198 350
486 19
443 349
82 334
515 98
115 138
407 216
56 121
2 L1
14 L1
259 123 588 0
556 277 588 0
354 306 588 0
382 287 588 0
547 268 588 0
414 73 588 0
565 341 588 0
496 155 588 0
537 198 588 0
395 300 588 0
458 237 588 0
466 99 588 0
196 290 588 0
355 304 588 0
2 L3
14 L3
48 146 280 0
117 318 280 0
44 304 280 0
226 279 280 0
460 123 280 0
120 223 280 0
218 277 280 0
216 324 280 0
66 67 280 0
522 120 280 0
298 134 280 0
189 338 280 0
289 263 280 0
271 344 280 0
2 L5
14 L5
531 64 450 0
143 150 450 0
527 71 450 0
491 57 450 0
438 233 450 0
323 116 450 0
151 188 450 0
556 58 450 0
109 307 450 0
277 205 450 0
54 54 450 0
483 102 450 0
581 116 450 0
61 142 450 0
2 U2
511 0 119 230
511 0 475 261
14 U2
511 0 240 186
511 0 225 340
511 0 184 107
511 0 290 254
511 0 285 340
511 0 591 288
511 0 113 285
511 0 379 250
511 0 329 106
511 0 550 92
511 0 232 265
511 0 0 106
511 0 286 153
511 0 315 306
2 U4
395 0 410 134
395 0 239 144
14 U4
395 0 519 254
395 0 398 67
395 0 379 273
395 0 29 285
395 0 319 217
395 0 564 327
395 0 17 62
395 0 36 329
395 0 361 92
395 0 414 337
395 0 65 108
395 0 291 281
395 0 151 208
395 0 15 204
11
259 123 586 175
48 146 586 301
531 64 331 347
556 277 510 158
117 318 372 262
143 150 183 323
354 306 97 211
44 304 416 257
527 71 277 100
382 287 278 223
226 279 495 182
