4
6
L1 300 0
U2 484 0
L3 91 0
U4 149 0
L5 72 0
U6 202 0
30
592 34
276 255
29 274
540 231
54 345
339 52
512 237
504 302
359 125
335 113
315 235
174 168
171 111
565 85
409 303
114 311
186 76
514 328
86 14
404 126
527 221
166 322
575 281
8 69
113 342
205 126
110 76
586 195
412 128
391 219
2 L1
22 L1
200 265 300 0
520 104 300 0
294 82 300 0
47 325 300 0
353 135 300 0
282 306 300 0
512 250 300 0
370 212 300 0
248 237 300 0
256 343 300 0
563 215 300 0
219 90 300 0
214 316 300 0
476 141 300 0
254 297 300 0
63 314 300 0
172 57 300 0
243 75 300 0
530 236 300 0
568 220 300 0
67 151 300 0
62 60 300 0
2 L3
22 L3
569 250 91 0
170 338 91 0
413 178 91 0
195 180 91 0
447 220 91 0
544 221 91 0
454 158 91 0
390 350 91 0
238 107 91 0
341 119 91 0
191 311 91 0
139 256 91 0
593 279 91 0
342 199 91 0
527 159 91 0
453 97 91 0
409 318 91 0
580 245 91 0
299 176 91 0
157 239 91 0
572 118 91 0
506 230 91 0
2 L5
22 L5
552 267 72 0
94 213 72 0
430 300 72 0
598 127 72 0
470 201 72 0
338 211 72 0
257 237 72 0
128 155 72 0
235 130 72 0
470 53 72 0
386 288 72 0
496 308 72 0
252 300 72 0
325 153 72 0
580 234 72 0
302 120 72 0
418 196 72 0
81 323 72 0
65 242 72 0
540 345 72 0
510 249 72 0
432 83 72 0
2 U2
484 0 318 289
484 0 173 315
22 U2
484 0 225 127
484 0 273 308
484 0 421 65
484 0 355 268
484 0 445 279
484 0 82 283
484 0 572 229
484 0 33 114
484 0 447 204
484 0 536 279
484 0 257 220
484 0 460 63
484 0 466 223
484 0 282 80
484 0 594 236
484 0 73 92
484 0 574 177
484 0 206 228
484 0 218 294
484 0 430 296
484 0 192 120
484 0 37 200
2 U4
149 0 215 93
149 0 520 177
22 U4
149 0 257 60
149 0 179 201
149 0 242 348
149 0 311 290
149 0 559 129
149 0 528 95
149 0 219 216
149 0 87 136
149 0 182 265
149 0 39 184
149 0 153 268
149 0 266 329
149 0 162 225
149 0 517 170
149 0 210 194
149 0 326 114
149 0 520 223
149 0 396 70
149 0 19 87
149 0 111 340
149 0 402 151
149 0 129 320
2 U6
202 0 522 305
202 0 4 152
22 U6
202 0 545 267
202 0 55 127
202 0 568 172
202 0 358 342
202 0 24 184
202 0 86 89
202 0 506 242
202 0 313 114
202 0 18 153
202 0 424 341
202 0 99 329
202 0 7 350
202 0 264 151
202 0 37 281
202 0 479 295
202 0 521 293
202 0 582 279
202 0 75 132
202 0 350 164
202 0 261 216
202 0 523 84
202 0 192 94
7
200 265 386 108
569 250 370 119
552 267 114 217
520 104 35 221
170 338 394 293
94 213 91 162
294 82 571 307
