3
4
L1 212 0
U2 30 0
L3 263 0
U4 391 0
16
537 202
83 105
269 32
345 17
542 349
253 169
211 53
473 170
28 307
14 14
441 157
184 77
55 277
527 248
595 96
409 32
1 L1
14 L1
149 170 212 0
584 96 212 0
525 174 212 0
154 98 212 0
162 260 212 0
100 109 212 0
236 165 212 0
112 104 212 0
399 317 212 0
391 207 212 0
461 135 212 0
20 209 212 0
495 287 212 0
438 303 212 0
1 L3
14 L3
177 276 263 0
378 154 263 0
441 261 263 0
121 157 263 0
580 332 263 0
89 263 263 0
23 301 263 0
101 256 263 0
495 149 263 0
109 93 263 0
382 247 263 0
600 301 263 0
278 183 263 0
219 172 263 0
1 U2
30 0 86 133
14 U2
30 0 377 174
30 0 106 150
30 0 176 231
30 0 414 285
30 0 31 282
30 0 448 277
30 0 181 323
30 0 491 209
30 0 203 285
30 0 553 167
30 0 550 262
30 0 407 125
30 0 97 107
30 0 101 172
1 U4
391 0 593 106
14 U4
391 0 566 228
391 0 201 107
391 0 422 85
391 0 400 224
391 0 93 113
391 0 523 207
391 0 374 179
391 0 204 186
391 0 196 176
391 0 3 270
391 0 450 252
391 0 492 348
391 0 152 197
391 0 494 57
6
149 170 284 148
177 276 104 98
584 96 278 175
378 154 534 319
525 174 480 108
441 261 248 150
