5
3
L1 223 0
U2 541 0
L3 589 0
12
98 205
131 133
577 131
241 325
97 328
489 242
171 138
367 38
522 141
146 326
201 137
222 242
2 L1
14 L1
377 63 223 0
363 308 223 0
226 57 223 0
16 146 223 0
270 80 223 0
351 62 223 0
576 127 223 0
463 227 223 0
405 239 223 0
358 339 223 0
179 310 223 0
23 252 223 0
485 91 223 0
448 319 223 0
2 L3
14 L3
479 261 589 0
26 250 589 0
332 149 589 0
593 297 589 0
279 258 589 0
419 216 589 0
220 52 589 0
221 135 589 0
29 200 589 0
305 205 589 0
444 152 589 0
571 119 589 0
112 195 589 0
461 224 589 0
2 U2
541 0 567 93
541 0 176 194
14 U2
541 0 426 160
541 0 378 176
541 0 157 176
541 0 429 299
541 0 284 160
541 0 91 194
541 0 540 115
541 0 25 72
541 0 464 319
541 0 346 236
541 0 146 344
541 0 40 77
541 0 304 96
541 0 453 263
3
377 63 435 176
479 261 223 84
363 308 118 69
