5
6
L1 331 0
U2 79 0
L3 348 0
U4 599 0
L5 146 0
U6 324 0
18
88 259
37 151
395 41
590 349
269 342
216 257
160 176
130 333
256 344
320 349
134 272
538 116
554 3
477 285
355 113
551 33
435 310
218 128
2 L1
22 L1
230 349 331 0
348 222 331 0
237 222 331 0
114 162 331 0
104 54 331 0
529 348 331 0
313 124 331 0
599 212 331 0
527 160 331 0
512 255 331 0
501 266 331 0
403 51 331 0
589 174 331 0
323 276 331 0
263 58 331 0
575 159 331 0
593 85 331 0
372 239 331 0
99 243 331 0
580 215 331 0
221 82 331 0
456 252 331 0
2 L3
22 L3
71 63 348 0
389 199 348 0
333 342 348 0
74 312 348 0
92 127 348 0
144 244 348 0
23 312 348 0
65 188 348 0
26 312 348 0
37 165 348 0
217 58 348 0
191 147 348 0
24 281 348 0
484 63 348 0
263 85 348 0
316 72 348 0
401 165 348 0
533 343 348 0
189 75 348 0
500 283 348 0
371 345 348 0
466 217 348 0
2 L5
22 L5
311 181 146 0
226 72 146 0
171 336 146 0
309 50 146 0
240 332 146 0
583 172 146 0
291 241 146 0
544 312 146 0
318 208 146 0
522 159 146 0
348 248 146 0
513 251 146 0
221 171 146 0
243 109 146 0
279 139 146 0
398 112 146 0
462 112 146 0
228 220 146 0
457 293 146 0
153 335 146 0
139 158 146 0
262 57 146 0
2 U2
79 0 448 306
79 0 24 67
22 U2
79 0 24 189
79 0 266 144
79 0 116 309
79 0 18 201
79 0 96 330
79 0 158 252
79 0 586 296
79 0 469 283
79 0 250 188
79 0 406 178
79 0 62 317
79 0 155 236
79 0 137 162
79 0 432 109
79 0 371 202
79 0 470 269
79 0 26 194
79 0 141 147
79 0 131 196
79 0 185 248
79 0 381 178
79 0 255 145
2 U4
599 0 409 116
599 0 228 114
22 U4
599 0 436 153
599 0 460 178
599 0 223 285
599 0 238 219
599 0 173 218
599 0 511 178
599 0 440 346
599 0 105 85
599 0 491 252
599 0 21 335
599 0 478 127
599 0 128 91
599 0 544 104
599 0 10 340
599 0 382 161
599 0 35 99
599 0 573 233
599 0 153 334
599 0 43 145
599 0 572 306
599 0 191 267
599 0 341 303
2 U6
324 0 391 129
324 0 284 73
22 U6
324 0 507 266
324 0 137 270
324 0 396 291
324 0 462 152
324 0 193 305
324 0 579 144
324 0 491 212
324 0 403 207
324 0 269 81
324 0 111 76
324 0 149 226
324 0 145 61
324 0 560 295
324 0 369 239
324 0 350 272
324 0 529 349
324 0 215 210
324 0 227 245
324 0 387 190
324 0 377 147
324 0 269 331
324 0 278 72
14
230 349 55 112
71 63 63 214
311 181 215 75
348 222 328 203
389 199 152 200
226 72 193 113
237 222 158 257
333 342 556 106
171 336 312 96
114 162 519 256
74 312 417 174
309 50 179 192
104 54 467 145
92 127 283 157
