5
6
L1 400 0
U2 223 0
L3 387 0
U4 449 0
L5 453 0
U6 369 0
30
77 111
28 295
564 310
414 346
16 26
136 158
571 323
335 37
365 292
5 80
401 280
218 126
151 2
13 259
574 151
439 268
198 140
476 318
26 194
145 180
125 154
544 39
546 102
63 29
541 19
220 202
147 249
377 114
33 282
430 66
2 L1
18 L1
235 82 400 0
448 232 400 0
538 209 400 0
529 213 400 0
16 320 400 0
583 219 400 0
401 71 400 0
486 144 400 0
600 105 400 0
200 318 400 0
421 119 400 0
565 139 400 0
522 319 400 0
47 212 400 0
72 292 400 0
445 182 400 0
554 108 400 0
468 58 400 0
2 L3
18 L3
413 307 387 0
363 142 387 0
190 188 387 0
345 223 387 0
219 294 387 0
166 343 387 0
180 164 387 0
434 299 387 0
125 200 387 0
314 230 387 0
117 326 387 0
243 321 387 0
583 292 387 0
454 99 387 0
287 226 387 0
237 163 387 0
571 339 387 0
546 155 387 0
2 L5
18 L5
537 280 453 0
505 119 453 0
560 286 453 0
407 187 453 0
112 132 453 0
162 90 453 0
137 243 453 0
427 189 453 0
5 106 453 0
212 303 453 0
496 74 453 0
392 309 453 0
476 343 453 0
474 122 453 0
423 93 453 0
347 82 453 0
263 231 453 0
268 349 453 0
2 U2
223 0 38 219
223 0 237 254
18 U2
223 0 249 161
223 0 397 224
223 0 466 233
223 0 233 239
223 0 325 197
223 0 494 279
223 0 515 285
223 0 561 305
223 0 302 162
223 0 555 268
223 0 179 322
223 0 399 329
223 0 594 321
223 0 245 289
223 0 214 340
223 0 61 320
223 0 423 198
223 0 13 96
2 U4
449 0 175 312
449 0 7 350
18 U4
449 0 356 147
449 0 132 183
449 0 203 51
449 0 63 51
449 0 398 84
449 0 314 282
449 0 217 84
449 0 129 170
449 0 474 336
449 0 379 231
449 0 295 339
449 0 494 341
449 0 362 273
449 0 260 261
449 0 436 302
449 0 381 243
449 0 219 163
449 0 121 183
2 U6
369 0 481 317
369 0 230 334
18 U6
369 0 468 303
369 0 589 344
369 0 360 135
369 0 49 134
369 0 370 313
369 0 157 343
369 0 470 117
369 0 270 318
369 0 78 260
369 0 555 54
369 0 401 174
369 0 526 246
369 0 273 110
369 0 169 295
369 0 388 341
369 0 179 258
369 0 95 210
369 0 183 305
6
235 82 12 282
413 307 48 176
537 280 111 234
448 232 518 286
363 142 38 316
505 119 81 246
