3
3
L1 190 0
U2 322 0
L3 197 0
9
384 246
528 329
280 135
484 97
158 283
391 102
588 57
39 29
138 198
1 L1
22 L1
306 70 190 0
292 307 190 0
342 222 190 0
446 329 190 0
74 143 190 0
138 329 190 0
536 58 190 0
373 55 190 0
129 67 190 0
291 187 190 0
435 328 190 0
561 297 190 0
439 81 190 0
555 195 190 0
588 251 190 0
566 328 190 0
77 182 190 0
208 312 190 0
212 53 190 0
192 70 190 0
126 194 190 0
253 119 190 0
1 L3
22 L3
150 228 197 0
7 129 197 0
453 340 197 0
323 251 197 0
67 234 197 0
302 183 197 0
114 330 197 0
555 274 197 0
442 170 197 0
349 231 197 0
424 218 197 0
458 192 197 0
207 103 197 0
474 327 197 0
57 185 197 0
238 145 197 0
89 116 197 0
60 241 197 0
332 200 197 0
317 230 197 0
112 251 197 0
132 76 197 0
1 U2
322 0 281 142
22 U2
322 0 275 268
322 0 132 242
322 0 454 50
322 0 292 152
322 0 230 115
322 0 305 64
322 0 232 330
322 0 111 299
322 0 175 235
322 0 73 192
322 0 485 203
322 0 91 325
322 0 119 248
322 0 358 218
322 0 447 263
322 0 532 80
322 0 591 50
322 0 376 192
322 0 176 340
322 0 295 124
322 0 240 119
322 0 75 170
4
306 70 149 328
150 228 105 221
292 307 192 153
7 129 32 296
