4
4
L1 75 0
U2 83 0
L3 265 0
U4 590 0
20
158 198
269 130
188 326
156 258
65 114
121 320
453 59
574 131
553 145
541 30
342 314
434 274
499 119
219 306
285 72
513 236
19 167
568 127
436 146
139 320
2 L1
10 L1
264 229 75 0
538 317 75 0
68 296 75 0
455 226 75 0
264 280 75 0
315 61 75 0
339 213 75 0
14 230 75 0
2 58 75 0
335 272 75 0
2 L3
10 L3
206 178 265 0
147 59 265 0
215 297 265 0
499 140 265 0
89 278 265 0
457 309 265 0
346 338 265 0
524 96 265 0
420 303 265 0
555 215 265 0
2 U2
83 0 470 98
83 0 123 233
10 U2
83 0 568 55
83 0 454 63
83 0 599 127
83 0 556 326
83 0 427 266
83 0 8 121
83 0 217 125
83 0 136 320
83 0 262 210
83 0 582 332
2 U4
590 0 353 208
590 0 571 194
10 U4
590 0 290 224
590 0 533 122
590 0 295 103
590 0 549 273
590 0 464 297
590 0 400 152
590 0 75 334
590 0 444 170
590 0 150 231
590 0 255 332
2
264 229 411 241
206 178 61 323
