5
3
L1 532 0
U2 88 0
L3 108 0
12
304 159
100 221
96 15
385 95
262 282
82 211
233 50
151 280
163 199
305 289
358 113
196 201
2 L1
14 L1
346 63 532 0
476 166 532 0
23 244 532 0
136 138 532 0
541 94 532 0
176 290 532 0
235 243 532 0
58 191 532 0
221 115 532 0
515 321 532 0
307 346 532 0
151 242 532 0
192 72 532 0
563 345 532 0
2 L3
14 L3
15 249 108 0
454 276 108 0
366 300 108 0
153 157 108 0
468 165 108 0
116 214 108 0
176 301 108 0
301 181 108 0
157 291 108 0
60 263 108 0
182 261 108 0
208 174 108 0
100 90 108 0
434 170 108 0
2 U2
88 0 271 64
88 0 388 217
14 U2
88 0 282 60
88 0 87 185
88 0 275 73
88 0 552 301
88 0 184 157
88 0 485 134
88 0 474 75
88 0 108 118
88 0 395 257
88 0 80 112
88 0 144 57
88 0 436 256
88 0 490 170
88 0 87 100
5
346 63 199 61
15 249 56 223
476 166 278 208
454 276 298 240
23 244 596 223
