3
6
L1 80 0
U2 563 0
L3 187 0
U4 343 0
L5 88 0
U6 28 0
18
168 215
497 222
572 336
555 336
295 95
62 193
136 259
346 40
408 284
445 69
327 75
433 38
227 49
187 120
233 71
56 308
591 132
287 283
1 L1
14 L1
359 80 80 0
283 100 80 0
320 336 80 0
244 147 80 0
126 122 80 0
170 241 80 0
463 345 80 0
489 57 80 0
226 121 80 0
301 70 80 0
13 194 80 0
9 110 80 0
466 63 80 0
543 185 80 0
1 L3
14 L3
264 237 187 0
234 101 187 0
552 186 187 0
184 106 187 0
368 141 187 0
87 129 187 0
172 56 187 0
57 295 187 0
151 151 187 0
486 265 187 0
442 288 187 0
406 322 187 0
212 84 187 0
512 120 187 0
1 L5
14 L5
301 83 88 0
321 63 88 0
306 279 88 0
189 141 88 0
447 277 88 0
374 77 88 0
230 103 88 0
468 85 88 0
248 279 88 0
287 108 88 0
551 346 88 0
502 59 88 0
194 279 88 0
377 207 88 0
1 U2
563 0 247 164
14 U2
563 0 544 282
563 0 288 192
563 0 554 314
563 0 354 341
563 0 411 160
563 0 21 329
563 0 153 266
563 0 159 208
563 0 490 145
563 0 33 219
563 0 63 174
563 0 192 276
563 0 375 296
563 0 264 266
1 U4
343 0 56 144
14 U4
343 0 108 258
343 0 204 146
343 0 131 312
343 0 352 263
343 0 125 193
343 0 222 348
343 0 470 273
343 0 354 322
343 0 354 98
343 0 439 307
343 0 67 154
343 0 477 258
343 0 544 272
343 0 118 322
1 U6
28 0 125 147
14 U6
28 0 387 149
28 0 463 323
28 0 420 247
28 0 252 316
28 0 347 221
28 0 353 96
28 0 302 112
28 0 533 69
28 0 131 266
28 0 17 61
28 0 558 69
28 0 380 281
28 0 99 298
28 0 309 333
13
359 80 193 234
264 237 114 163
301 83 432 226
283 100 569 313
234 101 49 349
321 63 208 151
320 336 262 74
552 186 321 85
306 279 172 64
244 147 598 76
184 106 38 183
189 141 149 251
126 122 245 199
