3
4
L1 387 0
U2 127 0
L3 204 0
U4 266 0
16
419 267
395 21
570 41
222 27
278 60
151 334
516 87
70 330
241 314
372 316
266 107
235 200
186 41
107 15
451 103
594 312
1 L1
10 L1
557 264 387 0
120 320 387 0
29 156 387 0
396 144 387 0
120 234 387 0
491 246 387 0
282 250 387 0
57 175 387 0
178 344 387 0
49 324 387 0
1 L3
10 L3
126 342 204 0
295 288 204 0
86 68 204 0
344 71 204 0
378 239 204 0
326 226 204 0
28 272 204 0
295 147 204 0
257 92 204 0
336 308 204 0
1 U2
127 0 100 246
10 U2
127 0 66 180
127 0 76 154
127 0 262 102
127 0 4 295
127 0 134 210
127 0 216 300
127 0 103 60
127 0 366 190
127 0 301 190
127 0 285 302
1 U4
266 0 351 51
10 U4
266 0 568 164
266 0 479 130
266 0 51 109
266 0 66 189
266 0 42 119
266 0 377 140
266 0 171 57
266 0 227 158
266 0 495 222
266 0 234 155
6
557 264 516 144
126 342 153 137
120 320 547 212
295 288 511 213
29 156 59 123
86 68 518 348
