3
5
L1 25 0
U2 469 0
L3 266 0
U4 83 0
L5 462 0
25
248 199
71 20
380 27
170 207
425 116
552 204
354 310
364 277
403 285
136 186
337 166
520 182
343 141
392 144
14 309
465 3
191 117
5 212
65 230
220 168
536 139
86 72
173 347
530 187
399 176
1 L1
22 L1
276 97 25 0
321 282 25 0
208 237 25 0
340 158 25 0
221 95 25 0
203 79 25 0
460 286 25 0
75 59 25 0
371 325 25 0
104 99 25 0
377 142 25 0
114 152 25 0
250 343 25 0
243 268 25 0
391 337 25 0
169 346 25 0
260 325 25 0
414 302 25 0
532 171 25 0
507 151 25 0
455 260 25 0
346 155 25 0
1 L3
22 L3
266 138 266 0
38 178 266 0
201 107 266 0
343 158 266 0
24 332 266 0
195 194 266 0
372 261 266 0
261 159 266 0
71 222 266 0
412 99 266 0
294 100 266 0
167 171 266 0
423 312 266 0
59 321 266 0
37 334 266 0
359 200 266 0
281 189 266 0
479 152 266 0
248 296 266 0
148 132 266 0
539 121 266 0
333 232 266 0
1 L5
22 L5
314 69 462 0
38 200 462 0
59 258 462 0
441 106 462 0
440 88 462 0
8 300 462 0
161 95 462 0
374 115 462 0
259 176 462 0
482 65 462 0
451 263 462 0
289 258 462 0
94 269 462 0
367 214 462 0
270 167 462 0
356 166 462 0
419 273 462 0
435 281 462 0
512 328 462 0
422 71 462 0
421 135 462 0
362 273 462 0
1 U2
469 0 182 325
22 U2
469 0 118 238
469 0 271 298
469 0 17 210
469 0 32 169
469 0 192 195
469 0 311 94
469 0 221 135
469 0 247 153
469 0 184 58
469 0 45 299
469 0 391 295
469 0 14 305
469 0 186 324
469 0 376 143
469 0 487 59
469 0 189 127
469 0 171 342
469 0 154 133
469 0 75 238
469 0 69 315
469 0 367 254
469 0 93 225
1 U4
83 0 437 167
22 U4
83 0 502 129
83 0 165 194
83 0 273 235
83 0 233 172
83 0 281 308
83 0 441 332
83 0 176 282
83 0 157 297
83 0 91 221
83 0 393 144
83 0 354 140
83 0 470 212
83 0 70 172
83 0 30 346
83 0 48 244
83 0 41 239
83 0 204 172
83 0 161 67
83 0 281 118
83 0 21 57
83 0 149 130
83 0 390 332
6
276 97 42 133
266 138 538 272
314 69 370 172
321 282 151 266
38 178 455 276
38 200 460 50
