4
6
L1 30 0
U2 496 0
L3 404 0
U4 53 0
L5 506 0
U6 227 0
30
30 75
566 143
448 310
585 123
12 232
283 332
92 173
110 137
494 15
80 27
161 142
6 343
472 268
91 183
536 316
590 245
172 172
180 159
438 143
491 303
9 205
315 276
584 37
163 36
63 263
36 281
389 292
124 340
554 322
358 295
2 L1
14 L1
35 95 30 0
526 239 30 0
579 349 30 0
593 133 30 0
360 258 30 0
584 344 30 0
171 142 30 0
392 170 30 0
63 90 30 0
580 306 30 0
254 225 30 0
279 318 30 0
371 143 30 0
359 223 30 0
2 L3
14 L3
438 82 404 0
243 169 404 0
196 106 404 0
124 212 404 0
268 240 404 0
56 261 404 0
229 313 404 0
358 249 404 0
36 52 404 0
416 237 404 0
300 349 404 0
390 282 404 0
44 267 404 0
352 190 404 0
2 L5
14 L5
98 266 506 0
77 178 506 0
526 171 506 0
521 55 506 0
134 192 506 0
516 340 506 0
449 59 506 0
149 69 506 0
580 299 506 0
583 120 506 0
167 256 506 0
446 59 506 0
357 68 506 0
565 245 506 0
2 U2
496 0 288 342
496 0 183 114
14 U2
496 0 29 146
496 0 197 93
496 0 394 98
496 0 17 69
496 0 80 137
496 0 597 336
496 0 154 226
496 0 499 336
496 0 559 282
496 0 225 74
496 0 463 184
496 0 76 298
496 0 363 238
496 0 254 103
2 U4
53 0 147 283
53 0 545 248
14 U4
53 0 158 338
53 0 309 292
53 0 408 195
53 0 254 137
53 0 84 77
53 0 18 96
53 0 114 263
53 0 156 114
53 0 594 218
53 0 154 331
53 0 473 300
53 0 260 119
53 0 457 305
53 0 191 153
2 U6
227 0 387 100
227 0 465 140
14 U6
227 0 511 123
227 0 23 272
227 0 337 105
227 0 360 76
227 0 245 215
227 0 517 209
227 0 109 172
227 0 51 63
227 0 319 60
227 0 383 278
227 0 385 130
227 0 140 166
227 0 562 249
227 0 33 117
5
35 95 289 214
438 82 485 150
98 266 155 307
526 239 422 178
243 169 128 108
