5
3
L1 401 0
U2 282 0
L3 536 0
12
394 189
518 156
593 244
34 230
436 58
72 176
585 18
31 133
598 162
295 332
53 66
500 55
2 L1
10 L1
581 255 401 0
135 307 401 0
271 325 401 0
353 209 401 0
293 165 401 0
523 69 401 0
250 66 401 0
459 126 401 0
138 346 401 0
416 225 401 0
2 L3
10 L3
246 243 536 0
63 242 536 0
556 267 536 0
280 139 536 0
0 339 536 0
222 233 536 0
517 276 536 0
231 154 536 0
379 178 536 0
504 66 536 0
2 U2
282 0 330 193
282 0 423 297
10 U2
282 0 407 264
282 0 109 131
282 0 578 55
282 0 555 161
282 0 358 211
282 0 146 50
282 0 136 286
282 0 350 288
282 0 213 224
282 0 164 127
5
581 255 208 62
246 243 299 309
135 307 257 51
63 242 10 119
271 325 454 64
