3
4
L1 22 0
U2 406 0
L3 482 0
U4 437 0
20
489 22
469 166
63 144
67 20
451 147
391 15
508 97
429 322
532 314
224 43
246 266
48 149
182 205
567 212
507 77
141 102
108 249
34 314
267 103
370 303
1 L1
18 L1
158 75 22 0
194 108 22 0
126 258 22 0
345 274 22 0
243 310 22 0
556 196 22 0
464 162 22 0
304 187 22 0
457 124 22 0
536 60 22 0
522 216 22 0
567 333 22 0
547 86 22 0
385 339 22 0
113 274 22 0
491 311 22 0
445 245 22 0
49 172 22 0
1 L3
18 L3
29 105 482 0
398 236 482 0
541 83 482 0
225 309 482 0
88 82 482 0
271 284 482 0
584 88 482 0
223 171 482 0
236 167 482 0
462 184 482 0
397 69 482 0
92 79 482 0
27 191 482 0
542 66 482 0
505 65 482 0
417 194 482 0
569 65 482 0
576 332 482 0
1 U2
406 0 390 283
18 U2
406 0 37 341
406 0 309 95
406 0 576 101
406 0 86 322
406 0 570 274
406 0 527 246
406 0 412 184
406 0 96 99
406 0 124 267
406 0 598 181
406 0 487 116
406 0 36 342
406 0 448 55
406 0 114 341
406 0 34 104
406 0 62 203
406 0 127 293
406 0 264 185
1 U4
437 0 112 292
18 U4
437 0 159 277
437 0 236 267
437 0 33 69
437 0 221 226
437 0 396 243
437 0 458 310
437 0 585 99
437 0 336 84
437 0 113 186
437 0 457 155
437 0 134 181
437 0 13 178
437 0 486 302
437 0 206 263
437 0 25 164
437 0 411 179
437 0 566 289
437 0 231 274
11
158 75 406 340
29 105 4 57
194 108 331 235
398 236 579 153
126 258 559 298
541 83 186 129
345 274 483 133
225 309 46 310
243 310 354 115
88 82 546 112
556 196 177 73
