5
3
L1 66 0
U2 317 0
L3 497 0
12
123 4
153 135
97 147
74 154
377 239
499 211
219 79
346 165
216 251
482 193
499 72
121 203
2 L1
22 L1
273 166 66 0
261 349 66 0
459 226 66 0
459 69 66 0
536 134 66 0
494 230 66 0
477 217 66 0
342 256 66 0
453 250 66 0
524 51 66 0
407 328 66 0
297 150 66 0
468 325 66 0
455 283 66 0
476 109 66 0
49 211 66 0
373 332 66 0
553 133 66 0
420 113 66 0
190 227 66 0
470 84 66 0
53 306 66 0
2 L3
22 L3
586 202 497 0
438 75 497 0
215 179 497 0
493 107 497 0
66 307 497 0
208 228 497 0
207 244 497 0
510 200 497 0
130 77 497 0
472 244 497 0
474 204 497 0
209 268 497 0
388 225 497 0
406 272 497 0
120 316 497 0
338 122 497 0
150 187 497 0
559 166 497 0
364 225 497 0
552 340 497 0
74 67 497 0
533 223 497 0
2 U2
317 0 582 125
317 0 85 257
22 U2
317 0 416 187
317 0 361 173
317 0 598 206
317 0 357 123
317 0 373 247
317 0 401 146
317 0 482 167
317 0 551 243
317 0 101 150
317 0 5 246
317 0 242 62
317 0 25 80
317 0 467 65
317 0 362 111
317 0 71 85
317 0 296 84
317 0 311 343
317 0 331 295
317 0 26 267
317 0 444 245
317 0 2 201
317 0 264 97
10
273 166 544 231
586 202 516 111
261 349 104 171
438 75 139 245
459 226 564 66
215 179 503 58
459 69 3 187
493 107 537 265
536 134 111 281
66 307 90 188
