4
3
L1 565 0
U2 76 0
L3 381 0
15
549 176
582 152
418 63
403 222
284 157
491 36
119 145
118 313
194 49
23 80
420 4
264 0
79 297
584 286
401 220
2 L1
10 L1
137 225 565 0
301 242 565 0
519 185 565 0
181 190 565 0
295 347 565 0
293 50 565 0
365 223 565 0
425 134 565 0
145 284 565 0
206 106 565 0
2 L3
10 L3
93 317 381 0
385 235 381 0
353 131 381 0
185 280 381 0
401 161 381 0
383 228 381 0
93 315 381 0
25 72 381 0
451 288 381 0
226 135 381 0
2 U2
76 0 50 177
76 0 421 201
10 U2
76 0 65 312
76 0 38 78
76 0 91 188
76 0 123 167
76 0 328 87
76 0 398 234
76 0 350 286
76 0 419 79
76 0 413 320
76 0 116 219
2
137 225 384 156
93 317 183 185
