4
4
L1 98 0
U2 457 0
L3 66 0
U4 13 0
12
410 61
196 1
58 93
105 204
318 271
585 32
157 104
256 117
333 252
220 148
361 56
402 310
2 L1
18 L1
464 180 98 0
251 203 98 0
208 277 98 0
62 332 98 0
220 298 98 0
468 340 98 0
74 262 98 0
466 287 98 0
8 206 98 0
224 200 98 0
546 74 98 0
113 87 98 0
28 254 98 0
44 253 98 0
6 116 98 0
6 98 98 0
469 160 98 0
382 277 98 0
2 L3
18 L3
552 84 66 0
308 163 66 0
560 298 66 0
527 329 66 0
149 348 66 0
485 72 66 0
274 154 66 0
292 112 66 0
251 168 66 0
26 109 66 0
588 226 66 0
155 126 66 0
443 131 66 0
451 245 66 0
332 285 66 0
541 154 66 0
184 80 66 0
458 329 66 0
2 U2
457 0 596 192
457 0 233 84
18 U2
457 0 296 233
457 0 367 269
457 0 494 347
457 0 573 152
457 0 232 127
457 0 412 152
457 0 81 329
457 0 344 278
457 0 363 89
457 0 7 140
457 0 124 121
457 0 70 102
457 0 221 227
457 0 578 298
457 0 102 301
457 0 85 199
457 0 418 70
457 0 526 256
2 U4
13 0 209 248
13 0 234 314
18 U4
13 0 149 267
13 0 415 151
13 0 531 263
13 0 429 100
13 0 185 337
13 0 313 332
13 0 174 296
13 0 434 193
13 0 112 88
13 0 214 59
13 0 479 278
13 0 234 310
13 0 6 94
13 0 363 131
13 0 168 304
13 0 254 190
13 0 327 103
13 0 113 243
4
464 180 283 65
552 84 5 83
251 203 150 169
308 163 371 294
