3
6
L1 63 0
U2 493 0
L3 329 0
U4 341 0
L5 138 0
U6 466 0
30
349 241
429 272
259 277
7 135
104 48
187 233
235 106
589 12
22 110
332 128
563 222
65 63
403 194
408 277
2 12
527 88
320 25
315 72
420 180
448 103
506 318
136 149
209 210
322 130
496 219
326 30
143 297
401 131
60 316
502 162
1 L1
14 L1
315 328 63 0
118 187 63 0
138 346 63 0
15 305 63 0
241 211 63 0
23 321 63 0
365 339 63 0
93 243 63 0
38 75 63 0
12 341 63 0
251 62 63 0
281 320 63 0
479 315 63 0
201 337 63 0
1 L3
14 L3
515 345 329 0
78 227 329 0
200 70 329 0
271 235 329 0
436 125 329 0
463 150 329 0
541 161 329 0
530 328 329 0
164 173 329 0
218 104 329 0
0 235 329 0
220 100 329 0
307 293 329 0
268 118 329 0
1 L5
14 L5
417 251 138 0
112 77 138 0
206 134 138 0
375 175 138 0
578 99 138 0
179 80 138 0
491 86 138 0
495 151 138 0
231 171 138 0
238 200 138 0
134 151 138 0
91 51 138 0
125 263 138 0
201 182 138 0
1 U2
493 0 544 82
14 U2
493 0 599 77
493 0 170 145
493 0 205 124
493 0 155 347
493 0 308 151
493 0 85 222
493 0 312 326
493 0 177 200
493 0 312 290
493 0 581 95
493 0 461 333
493 0 276 259
493 0 528 149
493 0 584 285
1 U4
341 0 297 206
14 U4
341 0 93 55
341 0 595 296
341 0 336 111
341 0 449 74
341 0 385 243
341 0 467 75
341 0 124 84
341 0 194 350
341 0 488 56
341 0 475 337
341 0 88 115
341 0 116 142
341 0 80 332
341 0 293 86
1 U6
466 0 193 160
14 U6
466 0 532 69
466 0 481 340
466 0 382 280
466 0 137 162
466 0 26 107
466 0 60 259
466 0 153 325
466 0 221 56
466 0 6 109
466 0 263 265
466 0 292 284
466 0 2 79
466 0 345 65
466 0 176 53
13
315 328 423 320
515 345 291 169
417 251 237 245
118 187 586 326
78 227 554 200
112 77 268 115
138 346 217 254
200 70 218 295
206 134 445 68
15 305 201 319
271 235 384 149
375 175 302 194
241 211 290 172
