4
5
L1 596 0
U2 434 0
L3 82 0
U4 264 0
L5 326 0
25
366 224
506 50
343 284
340 331
159 336
259 322
523 100
525 158
371 113
463 115
438 77
196 71
355 174
255 114
43 27
154 61
424 292
554 277
312 204
452 95
136 241
598 280
26 47
314 158
533 127
2 L1
18 L1
377 187 596 0
526 159 596 0
506 126 596 0
523 221 596 0
465 225 596 0
348 318 596 0
573 332 596 0
144 267 596 0
564 61 596 0
287 336 596 0
260 349 596 0
24 67 596 0
512 229 596 0
400 297 596 0
407 298 596 0
344 66 596 0
234 293 596 0
48 124 596 0
2 L3
18 L3
371 117 82 0
141 109 82 0
41 60 82 0
437 53 82 0
91 116 82 0
267 107 82 0
561 72 82 0
434 290 82 0
178 289 82 0
152 146 82 0
506 148 82 0
526 310 82 0
555 243 82 0
596 282 82 0
390 248 82 0
328 100 82 0
82 95 82 0
207 58 82 0
2 L5
18 L5
452 87 326 0
395 191 326 0
446 240 326 0
498 347 326 0
234 150 326 0
522 125 326 0
159 141 326 0
73 325 326 0
436 341 326 0
123 118 326 0
336 212 326 0
576 120 326 0
419 329 326 0
448 248 326 0
461 50 326 0
140 59 326 0
108 75 326 0
0 326 326 0
2 U2
434 0 99 350
434 0 360 96
18 U2
434 0 396 285
434 0 570 350
434 0 467 233
434 0 203 345
434 0 279 184
434 0 149 167
434 0 540 287
434 0 430 278
434 0 267 342
434 0 587 189
434 0 552 195
434 0 387 156
434 0 400 348
434 0 122 315
434 0 66 315
434 0 522 100
434 0 54 243
434 0 50 235
2 U4
264 0 383 124
264 0 510 136
18 U4
264 0 167 162
264 0 362 321
264 0 307 259
264 0 295 91
264 0 177 137
264 0 538 132
264 0 208 342
264 0 549 128
264 0 123 94
264 0 453 246
264 0 555 160
264 0 55 176
264 0 472 112
264 0 430 288
264 0 327 296
264 0 333 75
264 0 5 246
264 0 80 288
9
377 187 596 191
371 117 66 240
452 87 180 265
526 159 427 135
141 109 582 268
395 191 169 335
506 126 96 85
41 60 252 266
446 240 55 133
