4
4
L1 574 0
U2 195 0
L3 318 0
U4 197 0
20
493 35
394 9
199 73
117 92
461 230
237 299
545 137
11 295
277 117
60 160
25 72
579 327
476 10
109 73
593 112
5 85
277 256
454 85
227 92
10 188
2 L1
18 L1
25 172 574 0
516 87 574 0
237 128 574 0
420 58 574 0
454 205 574 0
331 214 574 0
138 188 574 0
69 110 574 0
70 157 574 0
535 123 574 0
408 170 574 0
98 310 574 0
8 184 574 0
280 276 574 0
313 105 574 0
58 334 574 0
300 71 574 0
422 340 574 0
2 L3
18 L3
215 88 318 0
362 273 318 0
119 214 318 0
149 74 318 0
251 54 318 0
423 287 318 0
555 281 318 0
51 252 318 0
135 118 318 0
246 241 318 0
216 215 318 0
210 255 318 0
163 168 318 0
388 185 318 0
415 77 318 0
436 83 318 0
480 302 318 0
313 331 318 0
2 U2
195 0 38 177
195 0 501 324
18 U2
195 0 330 213
195 0 232 174
195 0 313 326
195 0 179 205
195 0 53 259
195 0 275 205
195 0 295 274
195 0 205 118
195 0 187 321
195 0 203 121
195 0 491 202
195 0 248 314
195 0 18 280
195 0 375 69
195 0 535 242
195 0 303 180
195 0 173 157
195 0 90 332
2 U4
197 0 556 72
197 0 46 201
18 U4
197 0 53 54
197 0 283 133
197 0 283 349
197 0 463 196
197 0 115 260
197 0 241 56
197 0 112 243
197 0 23 292
197 0 291 174
197 0 123 185
197 0 6 294
197 0 565 85
197 0 89 82
197 0 239 151
197 0 562 323
197 0 493 350
197 0 52 170
197 0 383 156
11
25 172 100 147
215 88 450 281
516 87 113 75
362 273 426 114
237 128 194 116
119 214 190 294
420 58 125 272
149 74 425 274
454 205 66 218
251 54 291 255
331 214 580 190
