4
6
L1 500 0
U2 165 0
L3 214 0
U4 89 0
L5 504 0
U6 255 0
30
400 236
461 240
351 199
468 303
504 269
223 128
307 236
583 256
558 345
350 238
381 279
332 234
440 203
118 241
16 202
301 329
93 247
135 312
246 80
334 84
547 124
259 310
520 243
205 154
95 303
449 302
193 216
547 108
10 183
157 276
2 L1
14 L1
163 74 500 0
187 201 500 0
362 76 500 0
63 281 500 0
429 279 500 0
569 121 500 0
487 164 500 0
542 269 500 0
45 100 500 0
162 229 500 0
316 121 500 0
331 274 500 0
497 134 500 0
384 282 500 0
2 L3
14 L3
275 85 214 0
433 196 214 0
573 238 214 0
441 307 214 0
594 192 214 0
166 165 214 0
376 194 214 0
338 250 214 0
5 102 214 0
297 185 214 0
220 249 214 0
450 80 214 0
311 111 214 0
527 327 214 0
2 L5
14 L5
339 105 504 0
353 58 504 0
381 182 504 0
522 266 504 0
225 244 504 0
42 344 504 0
153 284 504 0
331 148 504 0
82 207 504 0
339 193 504 0
181 120 504 0
458 202 504 0
250 111 504 0
117 314 504 0
2 U2
165 0 217 235
165 0 78 193
14 U2
165 0 367 297
165 0 175 68
165 0 133 291
165 0 139 345
165 0 326 255
165 0 527 86
165 0 290 323
165 0 357 261
165 0 386 249
165 0 301 71
165 0 251 223
165 0 479 148
165 0 513 228
165 0 342 173
2 U4
89 0 23 131
89 0 34 254
14 U4
89 0 243 141
89 0 177 305
89 0 136 156
89 0 445 89
89 0 267 101
89 0 519 137
89 0 15 76
89 0 2 119
89 0 454 171
89 0 398 261
89 0 261 233
89 0 566 272
89 0 174 335
89 0 6 236
2 U6
255 0 320 202
255 0 178 83
14 U6
255 0 495 197
255 0 118 132
255 0 468 143
255 0 79 155
255 0 205 206
255 0 137 346
255 0 184 124
255 0 421 346
255 0 204 146
255 0 265 81
255 0 443 66
255 0 195 251
255 0 143 269
255 0 99 93
13
163 74 177 244
275 85 282 100
339 105 233 85
187 201 442 288
433 196 461 234
353 58 258 224
362 76 36 181
573 238 341 80
381 182 461 237
63 281 247 176
441 307 247 164
522 266 387 201
429 279 581 73
