5
6
L1 486 0
U2 432 0
L3 345 0
U4 574 0
L5 541 0
U6 433 0
24
449 153
342 308
75 16
384 74
36 304
149 84
232 44
171 225
68 301
264 182
490 90
95 294
72 306
474 240
92 61
237 295
391 304
353 73
91 11
268 128
186 32
365 124
408 32
171 255
2 L1
14 L1
170 76 486 0
113 95 486 0
242 153 486 0
544 316 486 0
599 288 486 0
272 113 486 0
587 205 486 0
489 266 486 0
174 105 486 0
304 275 486 0
421 154 486 0
322 291 486 0
405 60 486 0
213 195 486 0
2 L3
14 L3
257 212 345 0
110 213 345 0
220 284 345 0
397 276 345 0
234 189 345 0
482 262 345 0
49 223 345 0
466 248 345 0
328 54 345 0
450 321 345 0
192 227 345 0
192 350 345 0
107 119 345 0
241 140 345 0
2 L5
14 L5
398 53 541 0
494 277 541 0
461 87 541 0
36 256 541 0
532 78 541 0
401 186 541 0
85 223 541 0
350 103 541 0
455 282 541 0
385 344 541 0
124 297 541 0
548 273 541 0
100 173 541 0
77 226 541 0
2 U2
432 0 74 197
432 0 280 90
14 U2
432 0 298 59
432 0 496 262
432 0 168 247
432 0 304 179
432 0 264 108
432 0 589 194
432 0 158 199
432 0 488 121
432 0 139 69
432 0 261 167
432 0 464 149
432 0 241 216
432 0 191 148
432 0 124 338
2 U4
574 0 467 62
574 0 154 131
14 U4
574 0 320 258
574 0 59 314
574 0 464 211
574 0 129 297
574 0 126 161
574 0 73 248
574 0 29 161
574 0 154 276
574 0 350 288
574 0 127 152
574 0 370 61
574 0 213 144
574 0 490 268
574 0 79 125
2 U6
433 0 155 297
433 0 375 59
14 U6
433 0 129 105
433 0 425 244
433 0 330 57
433 0 592 138
433 0 1 134
433 0 246 117
433 0 467 200
433 0 237 307
433 0 507 117
433 0 548 263
433 0 289 338
433 0 234 195
433 0 36 334
433 0 177 267
9
170 76 18 257
257 212 375 210
398 53 595 323
113 95 127 172
110 213 397 60
494 277 372 287
242 153 307 173
220 284 35 79
461 87 113 347
