5
4
L1 405 0
U2 205 0
L3 574 0
U4 178 0
12
556 322
567 175
429 169
256 30
91 161
70 146
255 156
27 91
575 161
209 50
73 242
575 334
2 L1
22 L1
192 237 405 0
39 51 405 0
589 307 405 0
355 310 405 0
236 89 405 0
52 300 405 0
209 176 405 0
254 168 405 0
41 345 405 0
473 206 405 0
182 160 405 0
122 289 405 0
380 206 405 0
439 224 405 0
167 204 405 0
123 341 405 0
551 300 405 0
410 79 405 0
53 228 405 0
318 339 405 0
359 131 405 0
499 128 405 0
2 L3
22 L3
158 295 574 0
587 59 574 0
512 173 574 0
67 147 574 0
126 232 574 0
515 104 574 0
551 220 574 0
136 292 574 0
248 64 574 0
468 250 574 0
440 239 574 0
339 196 574 0
172 256 574 0
320 143 574 0
279 340 574 0
291 345 574 0
123 347 574 0
114 115 574 0
434 342 574 0
589 66 574 0
478 210 574 0
329 188 574 0
2 U2
205 0 187 224
205 0 176 63
22 U2
205 0 563 124
205 0 576 120
205 0 436 287
205 0 103 105
205 0 242 178
205 0 423 94
205 0 94 230
205 0 263 336
205 0 459 323
205 0 280 331
205 0 201 103
205 0 470 135
205 0 346 309
205 0 341 238
205 0 224 214
205 0 270 210
205 0 568 252
205 0 478 154
205 0 398 107
205 0 533 298
205 0 101 251
205 0 225 99
2 U4
178 0 422 285
178 0 485 292
22 U4
178 0 349 294
178 0 539 239
178 0 197 149
178 0 228 274
178 0 174 207
178 0 329 91
178 0 84 125
178 0 486 70
178 0 492 193
178 0 28 94
178 0 340 309
178 0 76 145
178 0 453 176
178 0 50 305
178 0 594 301
178 0 133 251
178 0 496 157
178 0 296 156
178 0 260 289
178 0 358 197
178 0 181 78
178 0 51 310
9
192 237 485 196
158 295 283 101
39 51 550 130
587 59 34 209
589 307 403 118
512 173 324 250
355 310 375 334
67 147 131 102
236 89 175 242
