4
6
L1 472 0
U2 66 0
L3 486 0
U4 120 0
L5 259 0
U6 143 0
30
147 190
580 11
302 240
187 276
285 34
540 343
170 257
94 148
365 292
383 305
8 100
316 98
583 142
31 243
301 256
308 283
291 335
195 178
586 136
574 350
330 342
10 110
47 148
295 268
102 3
496 134
595 157
121 278
92 59
188 222
2 L1
10 L1
52 102 472 0
493 261 472 0
425 289 472 0
106 312 472 0
483 113 472 0
484 226 472 0
106 184 472 0
184 252 472 0
455 222 472 0
74 235 472 0
2 L3
10 L3
485 208 486 0
240 202 486 0
505 59 486 0
103 134 486 0
534 83 486 0
446 147 486 0
539 281 486 0
502 254 486 0
271 160 486 0
6 283 486 0
2 L5
10 L5
471 81 259 0
219 226 259 0
417 312 259 0
149 184 259 0
593 299 259 0
306 198 259 0
323 311 259 0
261 163 259 0
36 64 259 0
165 76 259 0
2 U2
66 0 114 335
66 0 395 51
10 U2
66 0 526 64
66 0 347 257
66 0 180 176
66 0 259 325
66 0 307 257
66 0 411 213
66 0 67 129
66 0 573 155
66 0 26 343
66 0 361 293
2 U4
120 0 431 335
120 0 466 179
10 U4
120 0 552 150
120 0 408 161
120 0 12 153
120 0 77 153
120 0 555 300
120 0 18 192
120 0 46 317
120 0 63 87
120 0 394 315
120 0 95 237
2 U6
143 0 390 110
143 0 502 139
10 U6
143 0 137 88
143 0 56 206
143 0 180 154
143 0 491 228
143 0 100 271
143 0 514 251
143 0 576 313
143 0 110 108
143 0 511 162
143 0 543 177
3
52 102 528 303
485 208 570 341
471 81 530 90
