3
3
L1 221 0
U2 194 0
L3 217 0
9
100 78
14 17
164 72
538 148
474 45
187 32
456 312
557 339
35 329
1 L1
18 L1
324 200 221 0
464 325 221 0
283 66 221 0
385 90 221 0
142 193 221 0
134 133 221 0
201 82 221 0
304 239 221 0
372 170 221 0
543 167 221 0
268 329 221 0
189 329 221 0
393 88 221 0
54 139 221 0
575 61 221 0
402 305 221 0
273 127 221 0
509 93 221 0
1 L3
18 L3
323 274 217 0
69 211 217 0
417 124 217 0
282 50 217 0
175 106 217 0
350 235 217 0
219 126 217 0
580 167 217 0
84 237 217 0
53 207 217 0
73 174 217 0
197 93 217 0
322 105 217 0
84 207 217 0
193 56 217 0
268 290 217 0
131 288 217 0
147 206 217 0
1 U2
194 0 538 161
18 U2
194 0 43 161
194 0 367 306
194 0 276 172
194 0 160 204
194 0 213 130
194 0 479 323
194 0 388 110
194 0 385 199
194 0 54 168
194 0 521 97
194 0 306 210
194 0 94 285
194 0 272 152
194 0 431 265
194 0 242 186
194 0 30 279
194 0 576 165
194 0 350 105
6
324 200 546 160
323 274 96 261
464 325 519 340
69 211 465 89
283 66 34 135
417 124 300 185
