5
3
L1 366 0
U2 468 0
L3 559 0
15
150 23
428 160
399 16
82 152
202 221
151 58
400 334
22 227
209 143
594 81
543 294
213 35
47 286
198 6
322 294
2 L1
14 L1
453 146 366 0
324 88 366 0
579 189 366 0
107 183 366 0
210 263 366 0
69 143 366 0
154 79 366 0
34 264 366 0
40 236 366 0
481 256 366 0
551 209 366 0
349 250 366 0
449 269 366 0
146 163 366 0
2 L3
14 L3
20 89 559 0
14 238 559 0
364 149 559 0
397 262 559 0
568 219 559 0
448 220 559 0
11 186 559 0
457 112 559 0
486 272 559 0
514 345 559 0
319 119 559 0
145 286 559 0
372 268 559 0
198 119 559 0
2 U2
468 0 570 262
468 0 360 116
14 U2
468 0 349 256
468 0 16 231
468 0 74 334
468 0 269 125
468 0 499 348
468 0 326 130
468 0 596 344
468 0 562 60
468 0 35 77
468 0 526 305
468 0 112 61
468 0 66 57
468 0 274 289
468 0 5 302
5
453 146 83 323
20 89 505 288
324 88 283 336
14 238 75 224
579 189 435 184
