4
6
L1 496 0
U2 441 0
L3 275 0
U4 248 0
L5 0 0
U6 268 0
30
387 110
77 286
97 271
298 291
553 16
144 164
126 160
51 102
216 109
157 317
560 79
540 347
393 13
319 279
132 196
208 97
185 142
87 108
571 349
231 165
476 81
332 192
567 214
1 129
302 249
300 3
515 239
264 103
300 67
297 214
2 L1
18 L1
437 280 496 0
199 347 496 0
92 66 496 0
41 108 496 0
318 169 496 0
532 142 496 0
41 185 496 0
147 175 496 0
61 284 496 0
568 339 496 0
382 222 496 0
211 67 496 0
205 203 496 0
78 124 496 0
306 289 496 0
177 191 496 0
195 350 496 0
458 110 496 0
2 L3
18 L3
124 348 275 0
408 128 275 0
141 80 275 0
503 74 275 0
8 349 275 0
377 273 275 0
3 205 275 0
313 108 275 0
242 153 275 0
204 142 275 0
220 171 275 0
507 250 275 0
28 313 275 0
399 334 275 0
525 99 275 0
378 275 275 0
574 295 275 0
120 71 275 0
2 L5
18 L5
586 316 0 0
100 300 0 0
423 142 0 0
5 215 0 0
569 74 0 0
290 275 0 0
336 149 0 0
321 340 0 0
237 209 0 0
448 177 0 0
220 108 0 0
165 170 0 0
28 336 0 0
244 283 0 0
135 241 0 0
49 281 0 0
339 64 0 0
471 296 0 0
2 U2
441 0 251 310
441 0 73 199
18 U2
441 0 29 103
441 0 178 350
441 0 283 333
441 0 545 247
441 0 500 343
441 0 113 174
441 0 412 63
441 0 141 338
441 0 395 217
441 0 123 106
441 0 458 162
441 0 21 237
441 0 191 74
441 0 558 71
441 0 262 321
441 0 149 153
441 0 265 179
441 0 107 101
2 U4
248 0 80 178
248 0 196 82
18 U4
248 0 457 225
248 0 423 104
248 0 272 155
248 0 23 86
248 0 584 202
248 0 258 97
248 0 231 91
248 0 324 161
248 0 275 165
248 0 464 92
248 0 396 94
248 0 298 241
248 0 426 62
248 0 583 260
248 0 208 199
248 0 459 62
248 0 394 83
248 0 240 259
2 U6
268 0 79 242
268 0 372 120
18 U6
268 0 141 184
268 0 166 138
268 0 48 224
268 0 187 201
268 0 447 124
268 0 467 350
268 0 48 212
268 0 15 347
268 0 230 204
268 0 253 234
268 0 443 57
268 0 126 167
268 0 120 281
268 0 41 220
268 0 589 225
268 0 381 303
268 0 435 190
268 0 262 78
6
437 280 52 56
124 348 429 193
586 316 479 239
199 347 220 92
408 128 555 131
100 300 137 209
