4
3
L1 56 0
U2 213 0
L3 471 0
15
139 236
559 219
434 111
171 340
72 117
447 44
323 49
177 201
396 142
164 209
295 234
125 342
385 291
123 251
559 36
2 L1
22 L1
36 269 56 0
543 279 56 0
381 78 56 0
67 268 56 0
186 65 56 0
7 302 56 0
131 251 56 0
559 318 56 0
146 278 56 0
370 101 56 0
100 209 56 0
549 65 56 0
363 110 56 0
453 268 56 0
245 305 56 0
305 208 56 0
198 74 56 0
226 211 56 0
176 65 56 0
341 283 56 0
476 57 56 0
505 341 56 0
2 L3
22 L3
546 184 471 0
110 53 471 0
323 302 471 0
61 64 471 0
204 55 471 0
427 142 471 0
114 330 471 0
571 350 471 0
95 127 471 0
340 303 471 0
237 79 471 0
515 274 471 0
464 191 471 0
406 212 471 0
246 243 471 0
389 286 471 0
437 87 471 0
116 161 471 0
261 277 471 0
306 331 471 0
526 322 471 0
470 287 471 0
2 U2
213 0 384 350
213 0 291 96
22 U2
213 0 585 209
213 0 65 189
213 0 208 50
213 0 156 341
213 0 533 142
213 0 479 187
213 0 544 284
213 0 243 342
213 0 340 316
213 0 157 133
213 0 153 242
213 0 387 251
213 0 110 162
213 0 354 246
213 0 42 108
213 0 140 60
213 0 10 142
213 0 477 125
213 0 107 182
213 0 508 292
213 0 440 112
213 0 408 127
7
36 269 104 127
546 184 366 297
543 279 435 132
110 53 433 235
381 78 463 350
323 302 359 94
67 268 141 76
