4
3
L1 266 0
U2 552 0
L3 247 0
9
561 60
98 231
194 210
260 336
244 349
166 251
276 17
162 156
195 46
2 L1
10 L1
502 268 266 0
58 281 266 0
389 329 266 0
597 115 266 0
68 158 266 0
273 154 266 0
109 253 266 0
129 151 266 0
30 342 266 0
584 72 266 0
2 L3
10 L3
95 85 247 0
496 65 247 0
196 134 247 0
386 304 247 0
453 196 247 0
551 197 247 0
110 56 247 0
93 82 247 0
330 322 247 0
516 232 247 0
2 U2
552 0 238 294
552 0 474 295
10 U2
552 0 360 152
552 0 531 264
552 0 569 330
552 0 319 195
552 0 503 140
552 0 205 164
552 0 448 335
552 0 106 206
552 0 576 88
552 0 96 305
5
502 268 200 184
95 85 421 210
58 281 477 275
496 65 244 112
389 329 425 231
