4
3
L1 41 0
U2 126 0
L3 278 0
12
396 223
171 338
261 18
235 214
234 31
300 330
109 347
584 255
355 204
31 294
193 171
211 88
2 L1
14 L1
47 198 41 0
525 164 41 0
414 223 41 0
219 65 41 0
371 281 41 0
364 333 41 0
543 157 41 0
177 149 41 0
433 190 41 0
584 233 41 0
38 103 41 0
597 126 41 0
301 192 41 0
187 269 41 0
2 L3
14 L3
557 325 278 0
6 228 278 0
550 86 278 0
478 146 278 0
94 188 278 0
78 155 278 0
301 213 278 0
471 111 278 0
245 93 278 0
306 219 278 0
440 238 278 0
204 65 278 0
378 239 278 0
147 206 278 0
2 U2
126 0 246 329
126 0 471 307
14 U2
126 0 445 286
126 0 221 201
126 0 332 179
126 0 91 71
126 0 423 89
126 0 400 161
126 0 271 76
126 0 315 317
126 0 267 164
126 0 167 71
126 0 574 264
126 0 239 233
126 0 351 154
126 0 54 137
5
47 198 149 240
557 325 15 320
525 164 493 129
6 228 15 113
414 223 472 143
