4
3
L1 411 0
U2 476 0
L3 476 0
9
332 167
372 101
391 269
3 345
254 242
592 106
326 104
299 198
450 18
2 L1
14 L1
499 223 411 0
460 223 411 0
106 321 411 0
71 138 411 0
509 211 411 0
305 200 411 0
29 135 411 0
98 97 411 0
235 344 411 0
274 282 411 0
261 192 411 0
435 217 411 0
275 110 411 0
531 209 411 0
2 L3
14 L3
34 275 476 0
549 133 476 0
488 122 476 0
279 308 476 0
571 230 476 0
391 82 476 0
531 322 476 0
354 236 476 0
123 116 476 0
591 175 476 0
325 175 476 0
351 257 476 0
161 349 476 0
189 218 476 0
2 U2
476 0 313 244
476 0 48 64
14 U2
476 0 39 158
476 0 350 95
476 0 462 227
476 0 295 205
476 0 424 313
476 0 353 315
476 0 300 294
476 0 147 230
476 0 167 350
476 0 553 285
476 0 257 182
476 0 190 301
476 0 149 91
476 0 78 54
5
499 223 285 286
34 275 261 201
460 223 134 221
549 133 541 244
106 321 347 85
