3
4
L1 456 0
U2 115 0
L3 410 0
U4 499 0
16
473 349
16 94
250 114
168 172
440 38
262 310
45 12
125 223
520 80
505 121
409 176
19 26
506 25
185 240
178 216
254 247
1 L1
14 L1
5 95 456 0
86 312 456 0
247 255 456 0
298 76 456 0
241 122 456 0
387 272 456 0
238 130 456 0
187 197 456 0
194 160 456 0
504 63 456 0
377 72 456 0
28 264 456 0
575 167 456 0
565 202 456 0
1 L3
14 L3
520 271 410 0
47 225 410 0
483 97 410 0
273 244 410 0
428 256 410 0
36 304 410 0
428 80 410 0
226 276 410 0
109 302 410 0
566 96 410 0
233 94 410 0
113 83 410 0
359 75 410 0
39 311 410 0
1 U2
115 0 516 261
14 U2
115 0 410 158
115 0 18 111
115 0 154 210
115 0 38 121
115 0 279 190
115 0 470 200
115 0 194 317
115 0 374 267
115 0 290 298
115 0 258 277
115 0 466 346
115 0 465 114
115 0 317 278
115 0 470 269
1 U4
499 0 434 121
14 U4
499 0 105 94
499 0 298 254
499 0 375 81
499 0 90 277
499 0 115 81
499 0 165 213
499 0 283 344
499 0 313 333
499 0 163 289
499 0 312 323
499 0 560 206
499 0 383 117
499 0 542 159
499 0 314 312
9
5 95 465 64
520 271 564 300
86 312 424 345
47 225 513 191
247 255 433 208
483 97 390 113
298 76 17 197
273 244 439 246
241 122 86 176
