3
5
L1 596 0
U2 233 0
L3 206 0
U4 282 0
L5 304 0
15
11 199
321 102
199 16
365 280
133 329
67 317
475 329
526 84
569 244
365 157
84 39
35 62
245 181
122 245
375 192
1 L1
22 L1
356 237 596 0
210 301 596 0
186 326 596 0
122 176 596 0
216 296 596 0
246 56 596 0
348 342 596 0
507 285 596 0
323 53 596 0
598 249 596 0
404 63 596 0
531 272 596 0
489 282 596 0
341 284 596 0
192 203 596 0
414 123 596 0
269 268 596 0
155 286 596 0
539 99 596 0
38 172 596 0
548 134 596 0
201 334 596 0
1 L3
22 L3
161 324 206 0
315 268 206 0
600 335 206 0
308 203 206 0
546 159 206 0
387 244 206 0
217 273 206 0
274 226 206 0
122 256 206 0
122 304 206 0
36 77 206 0
164 69 206 0
180 227 206 0
142 341 206 0
29 87 206 0
10 121 206 0
12 153 206 0
25 214 206 0
6 231 206 0
196 311 206 0
385 55 206 0
20 178 206 0
1 L5
22 L5
291 342 304 0
247 129 304 0
513 261 304 0
519 256 304 0
167 115 304 0
275 183 304 0
168 220 304 0
187 253 304 0
460 217 304 0
108 96 304 0
570 153 304 0
9 250 304 0
297 225 304 0
538 223 304 0
369 81 304 0
277 212 304 0
425 319 304 0
281 298 304 0
91 215 304 0
175 168 304 0
201 307 304 0
485 197 304 0
1 U2
233 0 482 223
22 U2
233 0 519 183
233 0 158 222
233 0 447 59
233 0 313 216
233 0 173 244
233 0 210 193
233 0 151 318
233 0 376 296
233 0 38 283
233 0 536 212
233 0 573 154
233 0 361 181
233 0 329 253
233 0 30 271
233 0 19 67
233 0 292 274
233 0 429 286
233 0 243 249
233 0 158 338
233 0 437 256
233 0 33 96
233 0 6 97
1 U4
282 0 247 345
22 U4
282 0 384 342
282 0 592 51
282 0 30 250
282 0 446 105
282 0 253 196
282 0 585 258
282 0 321 190
282 0 247 281
282 0 51 104
282 0 525 113
282 0 61 201
282 0 124 234
282 0 255 228
282 0 95 189
282 0 23 129
282 0 109 124
282 0 468 96
282 0 448 80
282 0 535 151
282 0 353 341
282 0 241 167
282 0 174 141
17
356 237 349 201
161 324 35 71
291 342 301 292
210 301 548 50
315 268 389 219
247 129 421 119
186 326 70 318
600 335 17 85
513 261 196 116
122 176 43 91
308 203 304 128
519 256 265 205
216 296 474 206
546 159 184 315
167 115 306 169
246 56 230 228
387 244 118 256
