5
6
L1 524 0
U2 411 0
L3 382 0
U4 469 0
L5 473 0
U6 38 0
24
173 66
172 86
346 65
409 83
200 96
339 29
54 165
300 208
355 333
172 40
533 183
87 93
181 168
303 51
239 142
388 131
348 303
230 127
345 26
465 179
97 99
331 147
87 345
209 52
2 L1
18 L1
332 345 524 0
181 99 524 0
451 163 524 0
29 228 524 0
220 196 524 0
238 162 524 0
25 74 524 0
406 312 524 0
460 167 524 0
215 342 524 0
190 337 524 0
321 220 524 0
202 340 524 0
594 335 524 0
483 76 524 0
550 56 524 0
0 147 524 0
425 85 524 0
2 L3
18 L3
227 193 382 0
52 299 382 0
122 89 382 0
133 61 382 0
401 149 382 0
74 53 382 0
480 248 382 0
354 207 382 0
183 327 382 0
439 112 382 0
275 124 382 0
212 217 382 0
555 82 382 0
97 323 382 0
572 211 382 0
432 69 382 0
485 317 382 0
76 253 382 0
2 L5
18 L5
44 301 473 0
137 299 473 0
331 305 473 0
126 243 473 0
245 199 473 0
409 242 473 0
470 233 473 0
587 318 473 0
376 298 473 0
157 338 473 0
227 327 473 0
404 186 473 0
242 72 473 0
552 174 473 0
600 207 473 0
255 136 473 0
286 341 473 0
590 64 473 0
2 U2
411 0 510 295
411 0 126 215
18 U2
411 0 577 81
411 0 415 175
411 0 244 253
411 0 388 335
411 0 334 111
411 0 23 137
411 0 274 318
411 0 171 248
411 0 567 184
411 0 217 278
411 0 427 306
411 0 244 212
411 0 594 81
411 0 332 228
411 0 142 140
411 0 599 143
411 0 536 199
411 0 575 172
2 U4
469 0 120 116
469 0 297 237
18 U4
469 0 387 202
469 0 213 260
469 0 250 243
469 0 93 195
469 0 291 289
469 0 71 292
469 0 119 252
469 0 321 133
469 0 297 206
469 0 140 344
469 0 429 330
469 0 112 184
469 0 92 236
469 0 176 55
469 0 533 301
469 0 439 296
469 0 556 95
469 0 311 281
2 U6
38 0 167 181
38 0 518 262
18 U6
38 0 117 275
38 0 328 166
38 0 450 192
38 0 440 321
38 0 440 231
38 0 471 327
38 0 152 312
38 0 105 202
38 0 541 218
38 0 317 89
38 0 255 169
38 0 482 165
38 0 70 283
38 0 156 332
38 0 219 302
38 0 321 230
38 0 438 299
38 0 368 305
11
332 345 1 108
227 193 584 79
44 301 86 94
181 99 18 159
52 299 300 198
137 299 507 129
451 163 445 327
122 89 336 81
331 305 133 299
29 228 256 245
133 61 54 260
