3
3
L1 425 0
U2 527 0
L3 519 0
12
213 182
467 32
225 110
558 132
586 131
226 95
106 299
71 155
142 136
38 136
181 299
524 50
1 L1
18 L1
47 288 425 0
567 182 425 0
166 277 425 0
399 243 425 0
306 302 425 0
357 146 425 0
30 92 425 0
22 198 425 0
200 257 425 0
519 203 425 0
220 215 425 0
104 197 425 0
195 244 425 0
351 157 425 0
411 168 425 0
335 51 425 0
295 217 425 0
581 96 425 0
1 L3
18 L3
79 106 519 0
94 194 519 0
132 339 519 0
211 102 519 0
23 338 519 0
443 195 519 0
280 214 519 0
407 72 519 0
424 83 519 0
592 261 519 0
317 140 519 0
438 128 519 0
485 240 519 0
488 77 519 0
138 119 519 0
428 291 519 0
114 328 519 0
86 306 519 0
1 U2
527 0 199 267
18 U2
527 0 295 342
527 0 553 60
527 0 539 329
527 0 514 164
527 0 446 248
527 0 13 274
527 0 33 79
527 0 17 180
527 0 412 211
527 0 489 313
527 0 531 268
527 0 240 261
527 0 158 56
527 0 46 201
527 0 422 341
527 0 543 294
527 0 336 231
527 0 62 223
3
47 288 536 323
79 106 47 297
567 182 454 173
