4
4
L1 119 0
U2 122 0
L3 303 0
U4 304 0
20
421 183
445 325
17 152
409 266
600 266
167 319
123 295
208 303
400 119
200 334
391 283
470 164
319 310
377 11
457 108
197 156
430 141
151 277
529 242
359 225
2 L1
14 L1
7 309 119 0
413 291 119 0
377 139 119 0
74 250 119 0
261 57 119 0
189 105 119 0
43 191 119 0
391 78 119 0
219 346 119 0
444 276 119 0
326 207 119 0
416 218 119 0
451 258 119 0
52 116 119 0
2 L3
14 L3
377 298 303 0
221 173 303 0
77 146 303 0
394 92 303 0
562 332 303 0
401 336 303 0
410 120 303 0
382 320 303 0
284 345 303 0
381 191 303 0
518 198 303 0
501 257 303 0
545 236 303 0
305 319 303 0
2 U2
122 0 297 175
122 0 183 132
14 U2
122 0 31 173
122 0 411 83
122 0 55 240
122 0 587 333
122 0 158 120
122 0 251 95
122 0 2 326
122 0 115 241
122 0 586 347
122 0 366 193
122 0 390 302
122 0 8 315
122 0 381 349
122 0 18 149
2 U4
304 0 503 247
304 0 248 224
14 U4
304 0 122 219
304 0 233 223
304 0 390 169
304 0 184 239
304 0 529 107
304 0 1 223
304 0 547 225
304 0 478 139
304 0 167 164
304 0 555 194
304 0 123 79
304 0 342 271
304 0 48 142
304 0 201 69
3
7 309 238 59
377 298 423 225
413 291 478 202
