4
5
L1 98 0
U2 506 0
L3 458 0
U4 438 0
L5 55 0
20
170 250
549 311
208 29
160 151
34 327
588 167
339 56
579 329
151 189
385 257
227 336
550 207
353 225
490 246
95 255
226 297
578 163
111 236
243 200
321 344
2 L1
14 L1
269 238 98 0
470 198 98 0
452 138 98 0
21 229 98 0
193 226 98 0
29 254 98 0
448 97 98 0
233 248 98 0
25 267 98 0
188 125 98 0
47 55 98 0
595 281 98 0
190 201 98 0
31 295 98 0
2 L3
14 L3
562 157 458 0
360 328 458 0
388 67 458 0
394 144 458 0
116 193 458 0
203 338 458 0
245 238 458 0
21 284 458 0
389 340 458 0
231 128 458 0
213 118 458 0
590 191 458 0
389 326 458 0
426 191 458 0
2 L5
14 L5
181 268 55 0
511 293 55 0
563 273 55 0
226 127 55 0
238 198 55 0
207 110 55 0
250 339 55 0
440 229 55 0
210 209 55 0
487 261 55 0
5 214 55 0
494 202 55 0
300 196 55 0
564 335 55 0
2 U2
506 0 534 287
506 0 501 201
14 U2
506 0 434 170
506 0 17 62
506 0 289 225
506 0 173 251
506 0 57 217
506 0 408 173
506 0 427 333
506 0 489 330
506 0 224 195
506 0 562 325
506 0 227 134
506 0 427 289
506 0 445 334
506 0 74 230
2 U4
438 0 36 100
438 0 258 239
14 U4
438 0 532 245
438 0 106 96
438 0 391 62
438 0 425 123
438 0 257 303
438 0 145 238
438 0 176 130
438 0 57 264
438 0 287 326
438 0 230 122
438 0 419 95
438 0 488 60
438 0 417 222
438 0 500 210
4
269 238 71 272
562 157 199 198
181 268 181 89
470 198 202 103
