5
6
L1 507 0
U2 6 0
L3 302 0
U4 11 0
L5 75 0
U6 228 0
18
203 45
247 259
339 216
403 266
473 338
433 172
597 151
25 22
224 333
448 199
339 63
445 245
150 123
36 73
415 277
34 318
180 162
50 135
2 L1
18 L1
399 219 507 0
384 163 507 0
582 228 507 0
420 140 507 0
242 344 507 0
458 337 507 0
161 273 507 0
372 88 507 0
189 346 507 0
178 195 507 0
76 188 507 0
64 251 507 0
244 132 507 0
339 251 507 0
152 303 507 0
48 208 507 0
31 266 507 0
263 186 507 0
2 L3
18 L3
228 57 302 0
15 172 302 0
51 129 302 0
61 237 302 0
483 138 302 0
94 60 302 0
185 317 302 0
468 220 302 0
234 61 302 0
551 190 302 0
116 59 302 0
193 216 302 0
139 167 302 0
64 258 302 0
303 135 302 0
228 255 302 0
257 348 302 0
354 223 302 0
2 L5
18 L5
280 241 75 0
479 168 75 0
326 328 75 0
381 53 75 0
281 219 75 0
395 169 75 0
365 150 75 0
185 298 75 0
138 315 75 0
404 50 75 0
264 143 75 0
167 215 75 0
266 75 75 0
144 330 75 0
158 108 75 0
413 141 75 0
359 62 75 0
539 238 75 0
2 U2
6 0 82 301
6 0 286 67
18 U2
6 0 465 255
6 0 97 213
6 0 443 173
6 0 528 100
6 0 349 190
6 0 247 113
6 0 550 183
6 0 81 220
6 0 486 118
6 0 5 254
6 0 49 251
6 0 403 142
6 0 533 90
6 0 532 288
6 0 546 136
6 0 529 125
6 0 297 162
6 0 311 210
2 U4
11 0 415 126
11 0 115 193
18 U4
11 0 258 94
11 0 17 274
11 0 30 207
11 0 354 168
11 0 517 270
11 0 121 232
11 0 294 281
11 0 465 287
11 0 350 346
11 0 435 312
11 0 503 215
11 0 293 64
11 0 485 73
11 0 161 331
11 0 556 118
11 0 61 76
11 0 93 341
11 0 436 234
2 U6
228 0 236 314
228 0 66 168
18 U6
228 0 213 147
228 0 58 144
228 0 304 68
228 0 563 118
228 0 489 242
228 0 567 54
228 0 272 346
228 0 312 258
228 0 356 156
228 0 83 183
228 0 407 125
228 0 373 277
228 0 295 239
228 0 24 78
228 0 358 83
228 0 373 327
228 0 241 133
228 0 599 289
17
399 219 70 147
228 57 308 120
280 241 149 234
384 163 511 166
15 172 322 132
479 168 344 244
582 228 374 312
51 129 125 139
326 328 10 276
420 140 272 192
61 237 47 263
381 53 183 288
242 344 522 81
483 138 99 310
281 219 37 203
458 337 429 74
94 60 211 160
