3
5
L1 72 0
U2 210 0
L3 71 0
U4 585 0
L5 472 0
20
52 157
127 306
561 326
167 248
164 276
256 91
42 146
354 182
383 251
78 92
16 100
250 147
208 192
52 12
295 39
213 249
570 59
308 270
324 202
240 46
1 L1
22 L1
120 149 72 0
276 274 72 0
393 190 72 0
528 171 72 0
526 144 72 0
116 162 72 0
566 136 72 0
85 350 72 0
530 104 72 0
138 190 72 0
227 133 72 0
29 254 72 0
133 90 72 0
383 261 72 0
539 316 72 0
60 277 72 0
6 226 72 0
511 336 72 0
264 110 72 0
33 114 72 0
131 226 72 0
316 254 72 0
1 L3
22 L3
200 117 71 0
390 73 71 0
428 291 71 0
285 90 71 0
284 302 71 0
52 64 71 0
545 136 71 0
378 324 71 0
354 305 71 0
47 78 71 0
224 144 71 0
274 138 71 0
247 122 71 0
449 205 71 0
262 234 71 0
418 310 71 0
297 262 71 0
170 236 71 0
532 112 71 0
58 309 71 0
245 60 71 0
92 150 71 0
1 L5
22 L5
246 194 472 0
160 342 472 0
37 327 472 0
575 60 472 0
374 128 472 0
496 245 472 0
217 157 472 0
90 349 472 0
11 207 472 0
551 73 472 0
595 120 472 0
467 114 472 0
13 83 472 0
269 235 472 0
203 161 472 0
96 331 472 0
38 302 472 0
308 141 472 0
399 295 472 0
315 318 472 0
184 182 472 0
424 141 472 0
1 U2
210 0 547 209
22 U2
210 0 318 120
210 0 488 203
210 0 488 206
210 0 73 293
210 0 405 164
210 0 83 92
210 0 401 343
210 0 457 71
210 0 581 208
210 0 28 339
210 0 565 219
210 0 540 172
210 0 66 205
210 0 296 205
210 0 379 275
210 0 519 143
210 0 12 345
210 0 350 283
210 0 351 317
210 0 142 167
210 0 105 300
210 0 138 329
1 U4
585 0 175 218
22 U4
585 0 59 295
585 0 555 233
585 0 472 61
585 0 388 238
585 0 44 142
585 0 507 151
585 0 392 65
585 0 496 178
585 0 284 72
585 0 143 149
585 0 521 350
585 0 548 123
585 0 574 247
585 0 233 114
585 0 337 65
585 0 546 84
585 0 250 121
585 0 42 294
585 0 395 273
585 0 367 339
585 0 532 186
585 0 279 144
6
120 149 293 238
200 117 509 116
246 194 10 184
276 274 409 306
390 73 113 256
160 342 225 264
